t,vLoca,vLocb,vLocc
0,22902.849609375,611242.4375,-632371.625
9.99999997475243e-07,22629.884765625,611385.6875,-632242.0625
1.99999999495049e-06,22356.927734375,611528.75,-632112.3125
3.00000010611257e-06,22083.96875,611671.75,-631982.5625
3.99999998990097e-06,21811.005859375,611814.6875,-631852.6875
4.99999987368938e-06,21538.03515625,611957.5625,-631722.6875
6.00000021222513e-06,21265.060546875,612100.3125,-631592.625
7.00000009601354e-06,20992.080078125,612242.9375,-631462.5
7.99999997980194e-06,20719.09765625,612385.5625,-631332.25
9.0000003183377e-06,20446.109375,612528,-631201.9375
9.99999974737875e-06,20173.119140625,612670.4375,-631071.5
1.10000000859145e-05,19900.125,612812.75,-630941
1.20000004244503e-05,19627.12890625,612955,-630810.375
1.29999998534913e-05,19354.130859375,613097.125,-630679.6875
1.40000001920271e-05,19081.12890625,613239.1875,-630548.875
1.49999996210681e-05,18808.123046875,613381.125,-630418
1.59999999596039e-05,18535.115234375,613523.0625,-630287.0625
1.70000002981396e-05,18262.10546875,613664.8125,-630156
1.80000006366754e-05,17989.091796875,613806.5625,-630024.875
1.89999991562217e-05,17716.078125,613948.125,-629893.625
1.99999994947575e-05,17443.060546875,614089.6875,-629762.3125
2.09999998332933e-05,17170.0390625,614231.125,-629630.9375
2.2000000171829e-05,16897.017578125,614372.5,-629499.4375
2.30000005103648e-05,16623.9921875,614513.75,-629367.8125
2.40000008489005e-05,16350.96484375,614654.9375,-629236.125
2.49999993684469e-05,16077.935546875,614796.0625,-629104.375
2.59999997069826e-05,15804.9033203125,614937.0625,-628972.5
2.70000000455184e-05,15531.869140625,615078,-628840.5625
2.80000003840541e-05,15258.8330078125,615218.8125,-628708.5625
2.90000007225899e-05,14985.794921875,615359.5625,-628576.4375
2.99999992421363e-05,14712.7548828125,615500.1875,-628444.1875
3.0999999580672e-05,14439.7119140625,615640.8125,-628311.875
3.19999999192078e-05,14166.66796875,615781.25,-628179.5
3.30000002577435e-05,13893.62109375,615921.6875,-628047
3.40000005962793e-05,13620.572265625,616062,-627914.4375
3.5000000934815e-05,13347.5224609375,616202.1875,-627781.8125
3.60000012733508e-05,13074.4697265625,616342.3125,-627649.0625
3.70000016118865e-05,12801.416015625,616482.375,-627516.1875
3.79999983124435e-05,12528.3603515625,616622.3125,-627383.25
3.89999986509793e-05,12255.302734375,616762.1875,-627250.25
3.9999998989515e-05,11982.2431640625,616902,-627117.125
4.09999993280508e-05,11709.1826171875,617041.6875,-626983.9375
4.19999996665865e-05,11436.119140625,617181.3125,-626850.6875
4.30000000051223e-05,11163.0556640625,617320.8125,-626717.3125
4.4000000343658e-05,10889.9892578125,617460.25,-626583.8125
4.50000006821938e-05,10616.921875,617599.625,-626450.3125
4.60000010207295e-05,10343.853515625,617738.875,-626316.625
4.70000013592653e-05,10070.783203125,617878,-626182.9375
4.80000016978011e-05,9797.7109375,618017.125,-626049.125
4.8999998398358e-05,9524.6376953125,618156.125,-625915.1875
4.99999987368938e-05,9251.5634765625,618295,-625781.1875
5.09999990754295e-05,8978.48828125,618433.8125,-625647.125
5.19999994139653e-05,8705.4111328125,618572.5625,-625512.9375
5.2999999752501e-05,8432.3330078125,618711.1875,-625378.6875
5.40000000910368e-05,8159.2529296875,618849.75,-625244.3125
5.50000004295725e-05,7886.17236328125,618988.1875,-625109.875
5.60000007681083e-05,7613.0908203125,619126.625,-624975.375
5.7000001106644e-05,7340.00830078125,619264.875,-624840.75
5.80000014451798e-05,7066.92431640625,619403.0625,-624706
5.90000017837156e-05,6793.83935546875,619541.1875,-624571.25
5.99999984842725e-05,6520.75390625,619679.25,-624436.3125
6.09999988228083e-05,6247.6669921875,619817.1875,-624301.375
6.1999999161344e-05,5974.57958984375,619955,-624166.3125
6.29999994998798e-05,5701.4912109375,620092.8125,-624031.125
6.39999998384155e-05,5428.40185546875,620230.4375,-623895.9375
6.50000001769513e-05,5155.31201171875,620368.0625,-623760.5625
6.6000000515487e-05,4882.22119140625,620505.5625,-623625.1875
6.70000008540228e-05,4609.1298828125,620642.9375,-623489.6875
6.80000011925586e-05,4336.0380859375,620780.25,-623354.0625
6.90000015310943e-05,4062.9453125,620917.5,-623218.375
7.00000018696301e-05,3789.85205078125,621054.625,-623082.625
7.10000022081658e-05,3516.75830078125,621191.6875,-622946.75
7.20000025467016e-05,3243.6640625,621328.6875,-622810.8125
7.30000028852373e-05,2970.5693359375,621465.5625,-622674.75
7.40000032237731e-05,2697.47412109375,621602.375,-622538.625
7.50000035623088e-05,2424.37866210938,621739.0625,-622402.4375
7.5999996624887e-05,2151.28295898438,621875.6875,-622266.125
7.69999969634227e-05,1878.18676757812,622012.1875,-622129.75
7.79999973019585e-05,1605.09033203125,622148.625,-621993.25
7.89999976404943e-05,1331.99377441406,622285,-621856.6875
7.999999797903e-05,1058.89685058594,622421.25,-621720.0625
8.09999983175658e-05,785.799865722656,622557.4375,-621583.3125
8.19999986561015e-05,512.702819824219,622693.5,-621446.4375
8.29999989946373e-05,239.605682373047,622829.5,-621309.5625
8.3999999333173e-05,-33.4915046691895,622965.375,-621172.5
8.49999996717088e-05,-306.588653564453,623101.25,-621035.4375
8.60000000102445e-05,-579.685791015625,623236.9375,-620898.25
8.70000003487803e-05,-852.782836914062,623372.5625,-620761
8.80000006873161e-05,-1125.87976074219,623508.125,-620623.625
8.90000010258518e-05,-1398.97644042969,623643.625,-620486.1875
9.00000013643876e-05,-1672.07299804688,623779,-620348.625
9.10000017029233e-05,-1945.16931152344,623914.25,-620211
9.20000020414591e-05,-2218.26538085938,624049.5,-620073.25
9.30000023799948e-05,-2491.36108398438,624184.5625,-619935.5
9.40000027185306e-05,-2764.45654296875,624319.625,-619797.5625
9.50000030570664e-05,-3037.55151367188,624454.5625,-619659.625
9.60000033956021e-05,-3310.64599609375,624589.375,-619521.5625
9.69999964581802e-05,-3583.73999023438,624724.125,-619383.375
9.7999996796716e-05,-3856.83349609375,624858.8125,-619245.125
9.89999971352518e-05,-4129.9267578125,624993.375,-619106.8125
9.99999974737875e-05,-4403.01904296875,625127.875,-618968.375
0.000100999997812323,-4676.11083984375,625262.25,-618829.875
0.000101999998150859,-4949.2021484375,625396.5625,-618691.3125
0.000102999998489395,-5222.29248046875,625530.8125,-618552.625
0.000103999998827931,-5495.3818359375,625664.9375,-618413.8125
0.000104999999166466,-5768.470703125,625799,-618275
0.000105999999505002,-6041.55908203125,625932.9375,-618136
0.000106999999843538,-6314.646484375,626066.8125,-617997
0.000108000000182074,-6587.732421875,626200.5625,-617857.875
0.000109000000520609,-6860.81787109375,626334.25,-617718.6875
0.000110000000859145,-7133.90234375,626467.875,-617579.375
0.000111000001197681,-7406.98583984375,626601.375,-617440
0.000112000001536217,-7680.06787109375,626734.8125,-617300.5
0.000113000001874752,-7953.1494140625,626868.125,-617160.9375
0.000114000002213288,-8226.2294921875,627001.375,-617021.3125
0.000115000002551824,-8499.30859375,627134.5,-616881.5625
0.00011600000289036,-8772.3857421875,627267.5625,-616741.75
0.000117000003228895,-9045.462890625,627400.5625,-616601.8125
0.000118000003567431,-9318.5380859375,627533.4375,-616461.8125
0.000118999996630009,-9591.611328125,627666.25,-616321.75
0.000119999996968545,-9864.6845703125,627798.9375,-616181.5625
0.000120999997307081,-10137.7548828125,627931.5625,-616041.3125
0.000121999997645617,-10410.8251953125,628064.125,-615900.9375
0.00012300000526011,-10683.8935546875,628196.5625,-615760.5
0.000123999998322688,-10956.9599609375,628328.875,-615620
0.000125000005937181,-11230.025390625,628461.1875,-615479.375
0.00012599999899976,-11503.0888671875,628593.3125,-615338.6875
0.000127000006614253,-11776.150390625,628725.4375,-615197.875
0.000127999999676831,-12049.2109375,628857.375,-615057
0.000128999992739409,-12322.2685546875,628989.3125,-614916.0625
0.000130000000353903,-12595.326171875,629121.125,-614775
0.000130999993416481,-12868.380859375,629252.875,-614633.875
0.000132000001030974,-13141.43359375,629384.5,-614492.625
0.000132999994093552,-13414.4853515625,629516.0625,-614351.3125
0.000134000001708046,-13687.5341796875,629647.5,-614209.9375
0.000134999994770624,-13960.58203125,629778.875,-614068.4375
0.000136000002385117,-14233.626953125,629910.125,-613926.875
0.000136999995447695,-14506.6708984375,630041.3125,-613785.1875
0.000138000003062189,-14779.7119140625,630172.4375,-613643.4375
0.000138999996124767,-15052.7509765625,630303.4375,-613501.625
0.00014000000373926,-15325.7880859375,630434.375,-613359.6875
0.000140999996801838,-15598.8232421875,630565.1875,-613217.6875
0.000142000004416332,-15871.8564453125,630695.9375,-613075.5625
0.00014299999747891,-16144.88671875,630826.5625,-612933.375
0.000144000005093403,-16417.9140625,630957.125,-612791.125
0.000144999998155981,-16690.939453125,631087.625,-612648.75
0.000146000005770475,-16963.962890625,631218,-612506.3125
0.000146999998833053,-17236.984375,631348.3125,-612363.8125
0.000148000006447546,-17510.00390625,631478.5,-612221.1875
0.000148999999510124,-17783.01953125,631608.625,-612078.5
0.000150000007124618,-18056.033203125,631738.625,-611935.6875
0.000151000000187196,-18329.044921875,631868.5625,-611792.8125
0.000151999993249774,-18602.052734375,631998.375,-611649.8125
0.000153000000864267,-18875.05859375,632128.125,-611506.75
0.000153999993926845,-19148.060546875,632257.8125,-611363.625
0.000155000001541339,-19421.0625,632387.375,-611220.375
0.000155999994603917,-19694.05859375,632516.875,-611077.0625
0.00015700000221841,-19967.0546875,632646.25,-610933.6875
0.000157999995280989,-20240.046875,632775.5625,-610790.1875
0.000159000002895482,-20513.03515625,632904.8125,-610646.625
0.00015999999595806,-20786.021484375,633033.9375,-610502.9375
0.000161000003572553,-21059.00390625,633162.9375,-610359.1875
0.000161999996635132,-21331.984375,633291.875,-610215.375
0.000163000004249625,-21604.9609375,633420.75,-610071.4375
0.000163999997312203,-21877.935546875,633549.5,-609927.4375
0.000165000004926696,-22150.90625,633678.1875,-609783.375
0.000165999997989275,-22423.875,633806.75,-609639.1875
0.000167000005603768,-22696.83984375,633935.25,-609494.875
0.000167999998666346,-22969.80078125,634063.6875,-609350.5625
0.000169000006280839,-23242.759765625,634192,-609206.125
0.000169999999343418,-23515.71484375,634320.1875,-609061.5625
0.000171000006957911,-23788.666015625,634448.3125,-608916.9375
0.000172000000020489,-24061.61328125,634576.375,-608772.25
0.000172999993083067,-24334.55859375,634704.3125,-608627.4375
0.000174000000697561,-24607.5,634832.1875,-608482.5625
0.000174999993760139,-24880.4375,634960,-608337.625
0.000176000001374632,-25153.37109375,635087.6875,-608192.5625
0.00017699999443721,-25426.302734375,635215.25,-608047.4375
0.000178000002051704,-25699.228515625,635342.75,-607902.25
0.000178999995114282,-25972.15234375,635470.1875,-607756.9375
0.000180000002728775,-26245.072265625,635597.5,-607611.5
0.000180999995791353,-26517.98828125,635724.6875,-607466.0625
0.000182000003405847,-26790.900390625,635851.875,-607320.5
0.000182999996468425,-27063.80859375,635978.9375,-607174.8125
0.000184000004082918,-27336.712890625,636105.875,-607029.0625
0.000184999997145496,-27609.61328125,636232.75,-606883.25
0.00018600000475999,-27882.51171875,636359.5,-606737.375
0.000186999997822568,-28155.404296875,636486.1875,-606591.375
0.000188000005437061,-28428.29296875,636612.8125,-606445.25
0.000188999998499639,-28701.177734375,636739.3125,-606299.125
0.000190000006114133,-28974.05859375,636865.75,-606152.8125
0.000190999999176711,-29246.93359375,636992.0625,-606006.5
0.000192000006791204,-29519.806640625,637118.3125,-605860.0625
0.000192999999853782,-29792.67578125,637244.4375,-605713.5625
0.00019399999291636,-30065.5390625,637370.5,-605566.9375
0.000195000000530854,-30338.3984375,637496.4375,-605420.25
0.000195999993593432,-30611.25390625,637622.3125,-605273.5
0.000197000001207925,-30884.10546875,637748.125,-605126.625
0.000197999994270504,-31156.951171875,637873.8125,-604979.6875
0.000199000001884997,-31429.79296875,637999.4375,-604832.6875
0.000199999994947575,-31702.630859375,638124.9375,-604685.5625
0.000201000002562068,-31975.46484375,638250.375,-604538.375
0.000201999995624647,-32248.29296875,638375.6875,-604391.0625
0.00020300000323914,-32521.1171875,638500.9375,-604243.6875
0.000203999996301718,-32793.9375,638626.0625,-604096.25
0.000205000003916211,-33066.75,638751.125,-603948.6875
0.00020599999697879,-33339.5625,638876.0625,-603801.0625
0.000207000004593283,-33612.3671875,639000.9375,-603653.3125
0.000207999997655861,-33885.16796875,639125.75,-603505.5
0.000209000005270354,-34157.96484375,639250.4375,-603357.625
0.000209999998332933,-34430.75390625,639375.0625,-603209.625
0.000211000005947426,-34703.5390625,639499.5625,-603061.625
0.000211999999010004,-34976.3203125,639624,-602913.4375
0.000213000006624497,-35249.09765625,639748.3125,-602765.1875
0.000213999999687076,-35521.8671875,639872.5625,-602616.875
0.000214999992749654,-35794.63671875,639996.6875,-602468.5
0.000216000000364147,-36067.39453125,640120.75,-602320
0.000216999993426725,-36340.15234375,640244.75,-602171.4375
0.000218000001041219,-36612.90234375,640368.625,-602022.75
0.000218999994103797,-36885.6484375,640492.375,-601874
0.00022000000171829,-37158.38671875,640616.0625,-601725.1875
0.000220999994780868,-37431.125,640739.6875,-601576.25
0.000222000002395362,-37703.8515625,640863.1875,-601427.25
0.00022299999545794,-37976.578125,640986.625,-601278.1875
0.000224000003072433,-38249.296875,641109.9375,-601129
0.000224999996135011,-38522.01171875,641233.1875,-600979.75
0.000226000003749505,-38794.71875,641356.3125,-600830.4375
0.000226999996812083,-39067.421875,641479.375,-600681
0.000228000004426576,-39340.1171875,641602.375,-600531.4375
0.000228999997489154,-39612.80859375,641725.25,-600381.875
0.000230000005103648,-39885.49609375,641848,-600232.1875
0.000230999998166226,-40158.17578125,641970.6875,-600082.375
0.000232000005780719,-40430.84765625,642093.3125,-599932.5625
0.000232999998843297,-40703.515625,642215.8125,-599782.625
0.000234000006457791,-40976.1796875,642338.25,-599632.5625
0.000234999999520369,-41248.8359375,642460.5625,-599482.4375
0.000236000007134862,-41521.48828125,642582.8125,-599332.25
0.00023700000019744,-41794.1328125,642704.9375,-599182
0.000237999993260019,-42066.7734375,642827,-599031.625
0.000239000000874512,-42339.40625,642948.9375,-598881.1875
0.00023999999393709,-42612.03125,643070.8125,-598730.625
0.000241000001551583,-42884.65234375,643192.625,-598580
0.000241999994614162,-43157.26953125,643314.3125,-598429.3125
0.000243000002228655,-43429.87890625,643435.875,-598278.5
0.000243999995291233,-43702.48046875,643557.375,-598127.625
0.000245000002905726,-43975.078125,643678.8125,-597976.6875
0.00024600001052022,-44247.66796875,643800.125,-597825.625
0.000246999989030883,-44520.25390625,643921.375,-597674.5
0.000247999996645376,-44792.828125,644042.5,-597523.25
0.000249000004259869,-45065.40234375,644163.5625,-597371.9375
0.000250000011874363,-45337.96484375,644284.5,-597220.5625
0.000250999990385026,-45610.5234375,644405.375,-597069.125
0.000251999997999519,-45883.078125,644526.125,-596917.5625
0.000253000005614012,-46155.62109375,644646.8125,-596765.875
0.000254000013228506,-46428.16015625,644767.4375,-596614.1875
0.000254999991739169,-46700.6953125,644887.9375,-596462.375
0.000255999999353662,-46973.21875,645008.3125,-596310.4375
0.000257000006968156,-47245.73828125,645128.625,-596158.5
0.000257999985478818,-47518.25,645248.875,-596006.4375
0.000258999993093312,-47790.7578125,645369,-595854.25
0.000260000000707805,-48063.25390625,645489,-595702.0625
0.000261000008322299,-48335.74609375,645608.9375,-595549.6875
0.000261999986832961,-48608.23046875,645728.8125,-595397.3125
0.000262999994447455,-48880.7109375,645848.5625,-595244.8125
0.000264000002061948,-49153.1796875,645968.25,-595092.25
0.000265000009676442,-49425.64453125,646087.8125,-594939.5625
0.000265999988187104,-49698.1015625,646207.3125,-594786.8125
0.000266999995801598,-49970.5546875,646326.75,-594634
0.000268000003416091,-50242.99609375,646446,-594481.125
0.000269000011030585,-50515.43359375,646565.25,-594328.125
0.000269999989541247,-50787.859375,646684.375,-594175
0.000270999997155741,-51060.28125,646803.375,-594021.875
0.000272000004770234,-51332.6953125,646922.3125,-593868.625
0.000273000012384728,-51605.10546875,647041.1875,-593715.25
0.000273999990895391,-51877.50390625,647159.9375,-593561.875
0.000274999998509884,-52149.89453125,647278.5625,-593408.375
0.000276000006124377,-52422.28125,647397.125,-593254.75
0.000277000013738871,-52694.65625,647515.625,-593101.0625
0.000277999992249534,-52967.02734375,647634,-592947.3125
0.000278999999864027,-53239.390625,647752.3125,-592793.5
0.00028000000747852,-53511.74609375,647870.5,-592639.5625
0.000280999985989183,-53784.09375,647988.625,-592485.5625
0.000281999993603677,-54056.4296875,648106.625,-592331.4375
0.00028300000121817,-54328.76171875,648224.5625,-592177.3125
0.000284000008832663,-54601.0859375,648342.375,-592023
0.000284999987343326,-54873.40234375,648460.125,-591868.6875
0.00028599999495782,-55145.7109375,648577.8125,-591714.25
0.000287000002572313,-55418.01171875,648695.3125,-591559.75
0.000288000010186806,-55690.3046875,648812.8125,-591405.125
0.000288999988697469,-55962.58984375,648930.1875,-591250.4375
0.000289999996311963,-56234.8671875,649047.4375,-591095.6875
0.000291000003926456,-56507.13671875,649164.625,-590940.8125
0.000292000011540949,-56779.3984375,649281.75,-590785.9375
0.000292999990051612,-57051.65234375,649398.75,-590630.875
0.000293999997666106,-57323.89453125,649515.625,-590475.8125
0.000295000005280599,-57596.1328125,649632.4375,-590320.625
0.000296000012895092,-57868.359375,649749.1875,-590165.3125
0.000296999991405755,-58140.58203125,649865.8125,-590010
0.000297999999020249,-58412.79296875,649982.375,-589854.5625
0.000299000006634742,-58684.99609375,650098.8125,-589699
0.000300000014249235,-58957.19140625,650215.1875,-589543.4375
0.000300999992759898,-59229.3828125,650331.4375,-589387.75
0.000302000000374392,-59501.5625,650447.625,-589231.9375
0.000303000007988885,-59773.73046875,650563.6875,-589076.125
0.000303999986499548,-60045.89453125,650679.6875,-588920.1875
0.000304999994114041,-60318.04296875,650795.5625,-588764.125
0.000306000001728535,-60590.18359375,650911.375,-588608.0625
0.000307000009343028,-60862.31640625,651027.0625,-588451.875
0.000307999987853691,-61134.4375,651142.6875,-588295.5625
0.000308999995468184,-61406.546875,651258.25,-588139.25
0.000310000003082678,-61678.65234375,651373.6875,-587982.8125
0.000311000010697171,-61950.74609375,651489,-587826.25
0.000311999989207834,-62222.8359375,651604.25,-587669.6875
0.000312999996822327,-62494.91796875,651719.375,-587513
0.000314000004436821,-62766.98828125,651834.4375,-587356.1875
0.000315000012051314,-63039.0546875,651949.4375,-587199.3125
0.000315999990561977,-63311.109375,652064.3125,-587042.375
0.00031699999817647,-63583.16015625,652179.0625,-586885.375
0.000318000005790964,-63855.19921875,652293.75,-586728.25
0.000319000013405457,-64127.2265625,652408.375,-586571.0625
0.00031999999191612,-64399.25,652522.875,-586413.8125
0.000320999999530613,-64671.26171875,652637.3125,-586256.4375
0.000322000007145107,-64943.265625,652751.625,-586099
0.00032299998565577,-65215.2578125,652865.8125,-585941.4375
0.000323999993270263,-65487.2421875,652979.9375,-585783.8125
0.000325000000884756,-65759.21875,653094,-585626.125
0.00032600000849925,-66031.1875,653207.9375,-585468.375
0.000326999987009913,-66303.140625,653321.8125,-585310.5
0.000327999994624406,-66575.09375,653435.5625,-585152.5625
0.000329000002238899,-66847.03125,653549.25,-584994.5625
0.000330000009853393,-67118.953125,653662.8125,-584836.4375
0.000330999988364056,-67390.875,653776.3125,-584678.25
0.000331999995978549,-67662.78125,653889.6875,-584519.9375
0.000333000003593042,-67934.6875,654003,-584361.625
0.000334000011207536,-68206.5703125,654116.1875,-584203.125
0.000334999989718199,-68478.453125,654229.3125,-584044.625
0.000335999997332692,-68750.3203125,654342.3125,-583886
0.000337000004947186,-69022.1875,654455.25,-583727.3125
0.000338000012561679,-69294.03125,654568.0625,-583568.5625
0.000338999991072342,-69565.875,654680.8125,-583409.6875
0.000339999998686835,-69837.703125,654793.5,-583250.75
0.000341000006301329,-70109.53125,654906,-583091.75
0.000342000013915822,-70381.3359375,655018.5,-582932.625
0.000342999992426485,-70653.140625,655130.875,-582773.4375
0.000344000000040978,-70924.9296875,655243.125,-582614.1875
0.000345000007655472,-71196.7109375,655355.3125,-582454.8125
0.000345999986166134,-71468.484375,655467.375,-582295.375
0.000346999993780628,-71740.2421875,655579.375,-582135.875
0.000348000001395121,-72011.9921875,655691.3125,-581976.25
0.000349000009009615,-72283.734375,655803.125,-581816.5625
0.000349999987520278,-72555.4609375,655914.8125,-581656.8125
0.000350999995134771,-72827.1796875,656026.4375,-581496.9375
0.000352000002749264,-73098.890625,656138,-581337
0.000353000010363758,-73370.5859375,656249.4375,-581177
0.000353999988874421,-73642.2734375,656360.75,-581016.875
0.000354999996488914,-73913.953125,656472,-580856.75
0.000356000004103407,-74185.6171875,656583.1875,-580696.4375
0.000357000011717901,-74457.2734375,656694.25,-580536.125
0.000357999990228564,-74728.921875,656805.1875,-580375.6875
0.000358999997843057,-75000.5546875,656916.0625,-580215.1875
0.00036000000545755,-75272.1796875,657026.875,-580054.5625
0.000361000013072044,-75543.796875,657137.5625,-579893.9375
0.000361999991582707,-75815.3984375,657248.125,-579733.125
0.0003629999991972,-76086.9921875,657358.625,-579572.3125
0.000364000006811693,-76358.5703125,657469.0625,-579411.375
0.000365000014426187,-76630.140625,657579.375,-579250.375
0.00036599999293685,-76901.703125,657689.5625,-579089.3125
0.000367000000551343,-77173.25,657799.6875,-578928.125
0.000368000008165836,-77444.7890625,657909.75,-578766.875
0.000368999986676499,-77716.3125,658019.6875,-578605.5625
0.000369999994290993,-77987.828125,658129.5625,-578444.125
0.000371000001905486,-78259.3359375,658239.3125,-578282.625
0.000372000009519979,-78530.828125,658348.9375,-578121.0625
0.000372999988030642,-78802.3125,658458.5,-577959.375
0.000373999995645136,-79073.78125,658568,-577797.625
0.000375000003259629,-79345.2421875,658677.375,-577635.8125
0.000376000010874122,-79616.6875,658786.6875,-577473.875
0.000376999989384785,-79888.125,658895.875,-577311.9375
0.000377999996999279,-80159.5546875,659004.9375,-577149.8125
0.000379000004613772,-80430.96875,659113.9375,-576987.6875
0.000380000012228265,-80702.375,659222.875,-576825.4375
0.000380999990738928,-80973.765625,659331.6875,-576663.125
0.000381999998353422,-81245.140625,659440.4375,-576500.75
0.000383000005967915,-81516.515625,659549.0625,-576338.25
0.000384000013582408,-81787.8671875,659657.5625,-576175.6875
0.000384999992093071,-82059.2109375,659766.0625,-576013
0.000385999999707565,-82330.546875,659874.375,-575850.3125
0.000387000007322058,-82601.8671875,659982.625,-575687.5
0.000387999985832721,-82873.1796875,660090.8125,-575524.5625
0.000388999993447214,-83144.4765625,660198.875,-575361.625
0.000390000001061708,-83415.765625,660306.875,-575198.5625
0.000391000008676201,-83687.0390625,660414.75,-575035.4375
0.000391999987186864,-83958.3046875,660522.5,-574872.1875
0.000392999994801357,-84229.5546875,660630.1875,-574708.875
0.000394000002415851,-84500.7890625,660737.8125,-574545.5
0.000395000010030344,-84772.015625,660845.3125,-574382.0625
0.000395999988541007,-85043.234375,660952.75,-574218.5
0.0003969999961555,-85314.4375,661060.0625,-574054.875
0.000398000003769994,-85585.625,661167.25,-573891.1875
0.000399000011384487,-85856.8046875,661274.375,-573727.375
0.00039999998989515,-86127.96875,661381.4375,-573563.5
0.000400999997509643,-86399.125,661488.375,-573399.5625
0.000402000005124137,-86670.265625,661595.25,-573235.5
0.00040300001273863,-86941.3984375,661702,-573071.375
0.000403999991249293,-87212.515625,661808.625,-572907.1875
0.000404999998863786,-87483.6171875,661915.1875,-572742.9375
0.00040600000647828,-87754.7109375,662021.6875,-572578.5625
0.000407000014092773,-88025.7890625,662128.0625,-572414.125
0.000407999992603436,-88296.859375,662234.3125,-572249.625
0.000409000000217929,-88567.9140625,662340.5,-572085
0.000410000007832423,-88838.953125,662446.625,-571920.3125
0.000410999986343086,-89109.984375,662552.625,-571755.5625
0.000411999993957579,-89381,662658.5,-571590.6875
0.000413000001572073,-89652.0078125,662764.3125,-571425.75
0.000414000009186566,-89922.9921875,662870.0625,-571260.75
0.000414999987697229,-90193.9765625,662975.6875,-571095.625
0.000415999995311722,-90464.9375,663081.1875,-570930.5
0.000417000002926216,-90735.890625,663186.625,-570765.25
0.000418000010540709,-91006.8359375,663292,-570599.875
0.000418999989051372,-91277.7578125,663397.25,-570434.5
0.000419999996665865,-91548.671875,663502.375,-570269
0.000421000004280359,-91819.578125,663607.4375,-570103.375
0.000422000011894852,-92090.4609375,663712.4375,-569937.75
0.000422999990405515,-92361.3359375,663817.25,-569772
0.000423999998020008,-92632.203125,663922.0625,-569606.1875
0.000425000005634502,-92903.046875,664026.75,-569440.25
0.000426000013248995,-93173.8828125,664131.3125,-569274.25
0.000426999991759658,-93444.703125,664235.8125,-569108.1875
0.000427999999374151,-93715.515625,664340.1875,-568942.0625
0.000429000006988645,-93986.3125,664444.5,-568775.8125
0.000429999985499308,-94257.09375,664548.75,-568609.5625
0.000430999993113801,-94527.859375,664652.8125,-568443.125
0.000432000000728294,-94798.6171875,664756.875,-568276.6875
0.000433000008342788,-95069.359375,664860.8125,-568110.125
0.000433999986853451,-95340.0859375,664964.625,-567943.5
0.000434999994467944,-95610.8046875,665068.375,-567776.8125
0.000436000002082437,-95881.5,665172,-567610
0.000437000009696931,-96152.1875,665275.5625,-567443.125
0.000437999988207594,-96422.8671875,665379,-567276.1875
0.000438999995822087,-96693.5234375,665482.375,-567109.125
0.00044000000343658,-96964.171875,665585.625,-566942
0.000441000011051074,-97234.8046875,665688.8125,-566774.8125
0.000441999989561737,-97505.421875,665791.875,-566607.5625
0.00044299999717623,-97776.03125,665894.8125,-566440.1875
0.000444000004790723,-98046.6171875,665997.75,-566272.75
0.000445000012405217,-98317.1953125,666100.5,-566105.25
0.00044599999091588,-98587.7578125,666203.1875,-565937.625
0.000446999998530373,-98858.3125,666305.8125,-565769.9375
0.000448000006144866,-99128.84375,666408.3125,-565602.1875
0.00044900001375936,-99399.3671875,666510.75,-565434.375
0.000449999992270023,-99669.875,666613.0625,-565266.4375
0.000450999999884516,-99940.3671875,666715.25,-565098.4375
0.000452000007499009,-100210.84375,666817.375,-564930.375
0.000452999986009672,-100481.3046875,666919.4375,-564762.1875
0.000453999993624166,-100751.7578125,667021.375,-564593.9375
0.000455000001238659,-101022.1953125,667123.1875,-564425.625
0.000456000008853152,-101292.6171875,667224.9375,-564257.25
0.000456999987363815,-101563.0234375,667326.625,-564088.75
0.000457999994978309,-101833.4140625,667428.1875,-563920.1875
0.000459000002592802,-102103.7890625,667529.625,-563751.5625
0.000460000010207295,-102374.15625,667631,-563582.8125
0.000460999988717958,-102644.5078125,667732.3125,-563414
0.000461999996332452,-102914.8359375,667833.4375,-563245.125
0.000463000003946945,-103185.15625,667934.5625,-563076.1875
0.000464000011561438,-103455.4609375,668035.5625,-562907.125
0.000464999990072101,-103725.7578125,668136.4375,-562738
0.000465999997686595,-103996.03125,668237.25,-562568.8125
0.000467000005301088,-104266.2890625,668337.9375,-562399.5625
0.000468000012915581,-104536.5390625,668438.5625,-562230.1875
0.000468999991426244,-104806.765625,668539.0625,-562060.75
0.000469999999040738,-105076.984375,668639.5,-561891.1875
0.000471000006655231,-105347.1875,668739.8125,-561721.625
0.000472000014269724,-105617.375,668840.0625,-561551.9375
0.000472999992780387,-105887.546875,668940.1875,-561382.1875
0.000474000000394881,-106157.703125,669040.1875,-561212.3125
0.000475000008009374,-106427.84375,669140.1875,-561042.375
0.000475999986520037,-106697.96875,669240,-560872.375
0.00047699999413453,-106968.078125,669339.75,-560702.3125
0.000478000001749024,-107238.171875,669439.4375,-560532.1875
0.000479000009363517,-107508.2578125,669539,-560361.9375
0.00047999998787418,-107778.3203125,669638.4375,-560191.625
0.000480999995488673,-108048.375,669737.8125,-560021.1875
0.000482000003103167,-108318.40625,669837.125,-559850.75
0.00048300001071766,-108588.421875,669936.3125,-559680.1875
0.000483999989228323,-108858.4296875,670035.375,-559509.5625
0.000484999996842816,-109128.4140625,670134.375,-559338.8125
0.00048600000445731,-109398.390625,670233.25,-559168
0.000487000012071803,-109668.34375,670332.0625,-558997.125
0.000487999990582466,-109938.2890625,670430.75,-558826.1875
0.000488999998196959,-110208.21875,670529.375,-558655.125
0.000490000005811453,-110478.125,670627.9375,-558484.0625
0.000491000013425946,-110748.0234375,670726.3125,-558312.875
0.00049200002104044,-111017.8984375,670824.625,-558141.5625
0.000493000028654933,-111287.765625,670922.875,-557970.25
0.000493999978061765,-111557.609375,671021,-557798.8125
0.000494999985676259,-111827.4375,671119.0625,-557627.25
0.000495999993290752,-112097.2578125,671217,-557455.6875
0.000497000000905246,-112367.0546875,671314.875,-557284
0.000498000008519739,-112636.84375,671412.625,-557112.25
0.000499000016134232,-112906.609375,671510.25,-556940.4375
0.000500000023748726,-113176.359375,671607.8125,-556768.5625
0.000500999973155558,-113446.09375,671705.3125,-556596.5625
0.000501999980770051,-113715.8125,671802.6875,-556424.5
0.000502999988384545,-113985.515625,671899.9375,-556252.3125
0.000503999995999038,-114255.203125,671997.125,-556080.125
0.000505000003613532,-114524.875,672094.1875,-555907.8125
0.000506000011228025,-114794.53125,672191.1875,-555735.4375
0.000507000018842518,-115064.171875,672288.125,-555563
0.000508000026457012,-115333.7890625,672384.875,-555390.4375
0.000508999975863844,-115603.3984375,672481.625,-555217.8125
0.000509999983478338,-115872.984375,672578.1875,-555045.125
0.000510999991092831,-116142.5546875,672674.6875,-554872.3125
0.000511999998707324,-116412.1171875,672771.125,-554699.5
0.000513000006321818,-116681.65625,672867.4375,-554526.5625
0.000514000013936311,-116951.1796875,672963.6875,-554353.5625
0.000515000021550804,-117220.6796875,673059.8125,-554180.4375
0.000515999970957637,-117490.171875,673155.8125,-554007.25
0.00051699997857213,-117759.6484375,673251.8125,-553834.0625
0.000517999986186624,-118029.1015625,673347.625,-553660.6875
0.000518999993801117,-118298.5390625,673443.375,-553487.3125
0.00052000000141561,-118567.9609375,673539,-553313.8125
0.000521000009030104,-118837.3671875,673634.5625,-553140.25
0.000522000016644597,-119106.7578125,673730.0625,-552966.625
0.00052300002425909,-119376.1328125,673825.375,-552792.875
0.000523999973665923,-119645.484375,673920.6875,-552619.0625
0.000524999981280416,-119914.8203125,674015.8125,-552445.1875
0.00052599998889491,-120184.140625,674110.9375,-552271.25
0.000526999996509403,-120453.4453125,674205.875,-552097.25
0.000528000004123896,-120722.734375,674300.8125,-551923.125
0.00052900001173839,-120992.0078125,674395.5625,-551748.9375
0.000530000019352883,-121261.2578125,674490.25,-551574.625
0.000531000026967376,-121530.4921875,674584.875,-551400.3125
0.000531999976374209,-121799.7109375,674679.375,-551225.875
0.000532999983988702,-122068.9140625,674773.75,-551051.375
0.000533999991603196,-122338.09375,674868.0625,-550876.75
0.000534999999217689,-122607.2578125,674962.3125,-550702.125
0.000536000006832182,-122876.40625,675056.4375,-550527.375
0.000537000014446676,-123145.5390625,675150.4375,-550352.5625
0.000538000022061169,-123414.65625,675244.375,-550177.6875
0.000538999971468002,-123683.75,675338.1875,-550002.6875
0.000539999979082495,-123952.828125,675431.9375,-549827.625
0.000540999986696988,-124221.890625,675525.5625,-549652.5
0.000541999994311482,-124490.9296875,675619.125,-549477.3125
0.000543000001925975,-124759.953125,675712.5625,-549302
0.000544000009540468,-125028.9609375,675805.875,-549126.625
0.000545000017154962,-125297.953125,675899.1875,-548951.1875
0.000546000024769455,-125566.9296875,675992.3125,-548775.6875
0.000546999974176288,-125835.8828125,676085.375,-548600.0625
0.000547999981790781,-126104.8203125,676178.3125,-548424.375
0.000548999989405274,-126373.734375,676271.1875,-548248.625
0.000549999997019768,-126642.6328125,676364,-548072.8125
0.000551000004634261,-126911.515625,676456.6875,-547896.875
0.000552000012248755,-127180.3828125,676549.25,-547720.9375
0.000553000019863248,-127449.2265625,676641.75,-547544.875
0.000554000027477741,-127718.0546875,676734.125,-547368.6875
0.000554999976884574,-127986.8671875,676826.4375,-547192.5
0.000555999984499067,-128255.65625,676918.625,-547016.1875
0.00055699999211356,-128524.4296875,677010.6875,-546839.8125
0.000557999999728054,-128793.1875,677102.6875,-546663.375
0.000559000007342547,-129061.921875,677194.625,-546486.8125
0.000560000014957041,-129330.640625,677286.4375,-546310.1875
0.000561000022571534,-129599.34375,677378.125,-546133.5
0.000561999971978366,-129868.0234375,677469.75,-545956.75
0.00056299997959286,-130136.6875,677561.3125,-545779.875
0.000563999987207353,-130405.3359375,677652.6875,-545603
0.000564999994821846,-130673.9609375,677744.0625,-545426
0.00056600000243634,-130942.5703125,677835.3125,-545248.9375
0.000567000010050833,-131211.15625,677926.4375,-545071.75
0.000568000017665327,-131479.734375,678017.4375,-544894.5
0.00056900002527982,-131748.28125,678108.375,-544717.1875
0.000569999974686652,-132016.8125,678199.25,-544539.8125
0.000570999982301146,-132285.328125,678290,-544362.375
0.000571999989915639,-132553.828125,678380.6875,-544184.8125
0.000572999997530133,-132822.296875,678471.25,-544007.1875
0.000574000005144626,-133090.765625,678561.6875,-543829.5
0.000575000012759119,-133359.203125,678652.0625,-543651.75
0.000576000020373613,-133627.625,678742.3125,-543473.875
0.000577000027988106,-133896.015625,678832.5,-543295.9375
0.000577999977394938,-134164.40625,678922.5625,-543117.9375
0.000578999985009432,-134432.765625,679012.5625,-542939.875
0.000579999992623925,-134701.109375,679102.4375,-542761.6875
0.000581000000238419,-134969.4375,679192.25,-542583.5
0.000582000007852912,-135237.734375,679281.9375,-542405.1875
0.000583000015467405,-135506.03125,679371.5,-542226.75
0.000584000023081899,-135774.296875,679461,-542048.3125
0.000584999972488731,-136042.546875,679550.4375,-541869.75
0.000585999980103225,-136310.765625,679639.6875,-541691.125
0.000586999987717718,-136578.984375,679728.9375,-541512.4375
0.000587999995332211,-136847.171875,679818.0625,-541333.6875
0.000589000002946705,-137115.34375,679907.0625,-541154.8125
0.000590000010561198,-137383.484375,679995.9375,-540975.875
0.000591000018175691,-137651.625,680084.8125,-540796.875
0.000592000025790185,-137919.734375,680173.5,-540617.8125
0.000592999975197017,-138187.828125,680262.125,-540438.625
0.000593999982811511,-138455.890625,680350.6875,-540259.375
0.000594999990426004,-138723.953125,680439.125,-540080.0625
0.000595999998040497,-138991.984375,680527.4375,-539900.6875
0.000597000005654991,-139260,680615.6875,-539721.25
0.000598000013269484,-139527.984375,680703.8125,-539541.6875
0.000599000020883977,-139795.96875,680791.875,-539362.0625
0.000600000028498471,-140063.921875,680879.8125,-539182.375
0.000600999977905303,-140331.84375,680967.6875,-539002.5625
0.000601999985519797,-140599.765625,681055.4375,-538822.75
0.00060299999313429,-140867.65625,681143.125,-538642.8125
0.000604000000748783,-141135.53125,681230.6875,-538462.8125
0.000605000008363277,-141403.390625,681318.125,-538282.75
0.00060600001597777,-141671.21875,681405.5,-538102.5625
0.000607000023592263,-141939.03125,681492.8125,-537922.3125
0.000607999972999096,-142206.828125,681579.9375,-537742.0625
0.000608999980613589,-142474.59375,681667.0625,-537561.625
0.000609999988228083,-142742.359375,681754,-537381.1875
0.000610999995842576,-143010.09375,681840.9375,-537200.625
0.000612000003457069,-143277.796875,681927.6875,-537020.0625
0.000613000011071563,-143545.484375,682014.375,-536839.3125
0.000614000018686056,-143813.15625,682101,-536658.5625
0.00061500002630055,-144080.8125,682187.5,-536477.75
0.000615999975707382,-144348.4375,682273.875,-536296.8125
0.000616999983321875,-144616.046875,682360.1875,-536115.8125
0.000617999990936369,-144883.640625,682446.375,-535934.75
0.000618999998550862,-145151.21875,682532.5,-535753.5625
0.000620000006165355,-145418.765625,682618.5,-535572.375
0.000621000013779849,-145686.296875,682704.4375,-535391.0625
0.000622000021394342,-145953.796875,682790.25,-535209.6875
0.000623000029008836,-146221.28125,682876,-535028.25
0.000623999978415668,-146488.75,682961.625,-534846.6875
0.000624999986030161,-146756.1875,683047.125,-534665.125
0.000625999993644655,-147023.609375,683132.5625,-534483.4375
0.000627000001259148,-147291.015625,683217.875,-534301.6875
0.000628000008873641,-147558.40625,683303.125,-534119.8125
0.000629000016488135,-147825.765625,683388.3125,-533937.9375
0.000630000024102628,-148093.109375,683473.3125,-533755.9375
0.000630999973509461,-148360.421875,683558.25,-533573.875
0.000631999981123954,-148627.71875,683643.125,-533391.75
0.000632999988738447,-148895,683727.875,-533209.5
0.000633999996352941,-149162.25,683812.5,-533027.25
0.000635000003967434,-149429.484375,683897.0625,-532844.875
0.000636000011581928,-149696.703125,683981.5625,-532662.4375
0.000637000019196421,-149963.890625,684065.875,-532479.9375
0.000638000026810914,-150231.0625,684150.1875,-532297.3125
0.000638999976217747,-150498.21875,684234.3125,-532114.6875
0.00063999998383224,-150765.34375,684318.4375,-531931.9375
0.000640999991446733,-151032.453125,684402.375,-531749.125
0.000641999999061227,-151299.53125,684486.25,-531566.1875
0.00064300000667572,-151566.59375,684570.0625,-531383.25
0.000644000014290214,-151833.640625,684653.75,-531200.1875
0.000645000021904707,-152100.65625,684737.3125,-531017.0625
0.000645999971311539,-152367.65625,684820.8125,-530833.875
0.000646999978926033,-152634.625,684904.1875,-530650.625
0.000647999986540526,-152901.59375,684987.5,-530467.25
0.00064899999415502,-153168.515625,685070.6875,-530283.875
0.000650000001769513,-153435.4375,685153.75,-530100.375
0.000651000009384006,-153702.328125,685236.75,-529916.75
0.0006520000169985,-153969.1875,685319.6875,-529733.125
0.000653000024612993,-154236.03125,685402.5,-529549.375
0.000653999974019825,-154502.859375,685485.1875,-529365.625
0.000654999981634319,-154769.671875,685567.8125,-529181.75
0.000655999989248812,-155036.453125,685650.3125,-528997.8125
0.000656999996863306,-155303.203125,685732.75,-528813.75
0.000658000004477799,-155569.9375,685815.0625,-528629.6875
0.000659000012092292,-155836.65625,685897.25,-528445.5
0.000660000019706786,-156103.34375,685979.375,-528261.25
0.000661000027321279,-156370.015625,686061.4375,-528076.9375
0.000661999976728112,-156636.671875,686143.375,-527892.5
0.000662999984342605,-156903.296875,686225.1875,-527708.0625
0.000663999991957098,-157169.890625,686306.9375,-527523.5
0.000664999999571592,-157436.46875,686388.5625,-527338.875
0.000666000007186085,-157703.03125,686470.0625,-527154.1875
0.000667000014800578,-157969.5625,686551.5,-526969.375
0.000668000022415072,-158236.078125,686632.875,-526784.5625
0.000668999971821904,-158502.578125,686714.125,-526599.625
0.000669999979436398,-158769.046875,686795.25,-526414.625
0.000670999987050891,-159035.484375,686876.3125,-526229.5625
0.000671999994665384,-159301.90625,686957.25,-526044.375
0.000673000002279878,-159568.3125,687038.125,-525859.1875
0.000674000009894371,-159834.6875,687118.875,-525673.875
0.000675000017508864,-160101.046875,687199.5625,-525488.5
0.000676000025123358,-160367.375,687280.125,-525303.0625
0.00067699997453019,-160633.6875,687360.5625,-525117.5625
0.000677999982144684,-160899.984375,687440.9375,-524931.9375
0.000678999989759177,-161166.25,687521.1875,-524746.25
0.00067999999737367,-161432.484375,687601.375,-524560.5
0.000681000004988164,-161698.71875,687681.4375,-524374.6875
0.000682000012602657,-161964.90625,687761.4375,-524188.78125
0.00068300002021715,-162231.09375,687841.3125,-524002.8125
0.000684000027831644,-162497.234375,687921.0625,-523816.78125
0.000684999977238476,-162763.375,688000.75,-523630.65625
0.00068599998485297,-163029.46875,688080.375,-523444.46875
0.000686999992467463,-163295.546875,688159.8125,-523258.1875
0.000688000000081956,-163561.609375,688239.25,-523071.84375
0.00068900000769645,-163827.640625,688318.5,-522885.4375
0.000690000015310943,-164093.640625,688397.75,-522698.9375
0.000691000022925436,-164359.625,688476.8125,-522512.375
0.000691999972332269,-164625.59375,688555.8125,-522325.75
0.000692999979946762,-164891.53125,688634.6875,-522139.03125
0.000693999987561256,-165157.4375,688713.5,-521952.25
0.000694999995175749,-165423.328125,688792.25,-521765.40625
0.000696000002790242,-165689.1875,688870.8125,-521578.46875
0.000697000010404736,-165955.03125,688949.3125,-521391.46875
0.000698000018019229,-166220.859375,689027.75,-521204.375
0.000699000025633723,-166486.65625,689106.0625,-521017.21875
0.000699999975040555,-166752.421875,689184.25,-520830
0.000700999982655048,-167018.171875,689262.375,-520642.6875
0.000701999990269542,-167283.890625,689340.4375,-520455.3125
0.000702999997884035,-167549.59375,689418.3125,-520267.875
0.000704000005498528,-167815.28125,689496.1875,-520080.34375
0.000705000013113022,-168080.9375,689573.875,-519892.75
0.000706000020727515,-168346.5625,689651.5,-519705.0625
0.000707000028342009,-168612.171875,689729.0625,-519517.3125
0.000707999977748841,-168877.75,689806.5,-519329.5
0.000708999985363334,-169143.3125,689883.8125,-519141.59375
0.000709999992977828,-169408.84375,689961.0625,-518953.625
0.000711000000592321,-169674.359375,690038.1875,-518765.59375
0.000712000008206815,-169939.84375,690115.1875,-518577.46875
0.000713000015821308,-170205.3125,690192.125,-518389.28125
0.000714000023435801,-170470.75,690269,-518201.03125
0.000714999972842634,-170736.15625,690345.75,-518012.6875
0.000715999980457127,-171001.546875,690422.375,-517824.28125
0.00071699998807162,-171266.921875,690498.9375,-517635.78125
0.000717999995686114,-171532.265625,690575.375,-517447.21875
0.000719000003300607,-171797.578125,690651.75,-517258.59375
0.000720000010915101,-172062.875,690728,-517069.875
0.000721000018529594,-172328.140625,690804.125,-516881.09375
0.000722000026144087,-172593.390625,690880.1875,-516692.25
0.00072299997555092,-172858.609375,690956.1875,-516503.3125
0.000723999983165413,-173123.8125,691032,-516314.3125
0.000724999990779907,-173388.984375,691107.8125,-516125.25
0.0007259999983944,-173654.125,691183.4375,-515936.09375
0.000727000006008893,-173919.25,691259,-515746.875
0.000728000013623387,-174184.34375,691334.5,-515557.59375
0.00072900002123788,-174449.421875,691409.875,-515368.21875
0.000730000028852373,-174714.46875,691485.125,-515178.78125
0.000730999978259206,-174979.484375,691560.3125,-514989.25
0.000731999985873699,-175244.484375,691635.375,-514799.65625
0.000732999993488193,-175509.46875,691710.375,-514610
0.000734000001102686,-175774.40625,691785.25,-514420.28125
0.000735000008717179,-176039.328125,691860,-514230.46875
0.000736000016331673,-176304.234375,691934.6875,-514040.59375
0.000737000023946166,-176569.109375,692009.3125,-513850.625
0.000737999973352998,-176833.953125,692083.75,-513660.59375
0.000738999980967492,-177098.78125,692158.125,-513470.5
0.000739999988581985,-177363.578125,692232.4375,-513280.34375
0.000740999996196479,-177628.359375,692306.625,-513090.09375
0.000742000003810972,-177893.09375,692380.75,-512899.78125
0.000743000011425465,-178157.828125,692454.6875,-512709.375
0.000744000019039959,-178422.515625,692528.625,-512518.90625
0.000745000026654452,-178687.1875,692602.4375,-512328.375
0.000745999976061285,-178951.84375,692676.125,-512137.78125
0.000746999983675778,-179216.453125,692749.6875,-511947.09375
0.000747999991290271,-179481.0625,692823.1875,-511756.34375
0.000748999998904765,-179745.625,692896.625,-511565.5
0.000750000006519258,-180010.171875,692969.9375,-511374.59375
0.000751000014133751,-180274.6875,693043.125,-511183.625
0.000752000021748245,-180539.1875,693116.25,-510992.59375
0.000752999971155077,-180803.65625,693189.25,-510801.46875
0.000753999978769571,-181068.09375,693262.125,-510610.28125
0.000754999986384064,-181332.515625,693334.9375,-510419
0.000755999993998557,-181596.90625,693407.6875,-510227.6875
0.000757000001613051,-181861.265625,693480.3125,-510036.25
0.000758000009227544,-182125.609375,693552.8125,-509844.78125
0.000759000016842037,-182389.921875,693625.25,-509653.21875
0.000760000024456531,-182654.203125,693697.5625,-509461.59375
0.000760999973863363,-182918.46875,693769.75,-509269.90625
0.000761999981477857,-183182.703125,693841.875,-509078.125
0.00076299998909235,-183446.90625,693913.875,-508886.28125
0.000763999996706843,-183711.09375,693985.8125,-508694.375
0.000765000004321337,-183975.25,694057.625,-508502.375
0.00076600001193583,-184239.375,694129.375,-508310.3125
0.000767000019550323,-184503.484375,694201,-508118.1875
0.000768000027164817,-184767.5625,694272.5625,-507926
0.000768999976571649,-185031.609375,694344,-507733.71875
0.000769999984186143,-185295.640625,694415.3125,-507541.375
0.000770999991800636,-185559.640625,694486.5625,-507348.9375
0.000771999999415129,-185823.609375,694557.6875,-507156.4375
0.000773000007029623,-186087.5625,694628.6875,-506963.875
0.000774000014644116,-186351.46875,694699.625,-506771.25
0.00077500002225861,-186615.375,694770.5,-506578.53125
0.000775999971665442,-186879.234375,694841.25,-506385.75
0.000776999979279935,-187143.078125,694911.875,-506192.90625
0.000777999986894429,-187406.890625,694982.4375,-505999.96875
0.000778999994508922,-187670.671875,695052.875,-505806.96875
0.000780000002123415,-187934.4375,695123.1875,-505613.90625
0.000781000009737909,-188198.171875,695193.4375,-505420.78125
0.000782000017352402,-188461.875,695263.625,-505227.5625
0.000783000024966896,-188725.5625,695333.625,-505034.28125
0.000783999974373728,-188989.21875,695403.5625,-504840.90625
0.000784999981988221,-189252.84375,695473.4375,-504647.5
0.000785999989602715,-189516.4375,695543.1875,-504454
0.000786999997217208,-189780.015625,695612.875,-504260.4375
0.000788000004831702,-190043.5625,695682.375,-504066.78125
0.000789000012446195,-190307.078125,695751.875,-503873.0625
0.000790000020060688,-190570.5625,695821.1875,-503679.28125
0.000791000027675182,-190834.03125,695890.5,-503485.4375
0.000791999977082014,-191097.46875,695959.625,-503291.5
0.000792999984696507,-191360.875,696028.6875,-503097.5
0.000793999992311001,-191624.265625,696097.625,-502903.40625
0.000794999999925494,-191887.625,696166.5,-502709.28125
0.000796000007539988,-192150.953125,696235.25,-502515.0625
0.000797000015154481,-192414.25,696303.9375,-502320.78125
0.000798000022768974,-192677.515625,696372.5,-502126.40625
0.000798999972175807,-192940.765625,696441,-501932
0.0007999999797903,-193203.984375,696509.375,-501737.5
0.000800999987404794,-193467.171875,696577.625,-501542.90625
0.000801999995019287,-193730.34375,696645.8125,-501348.28125
0.00080300000263378,-193993.484375,696713.875,-501153.5625
0.000804000010248274,-194256.59375,696781.8125,-500958.78125
0.000805000017862767,-194519.671875,696849.6875,-500763.90625
0.00080600002547726,-194782.71875,696917.5,-500569
0.000806999974884093,-195045.75,696985.125,-500374
0.000807999982498586,-195308.75,697052.75,-500178.90625
0.00080899999011308,-195571.71875,697120.1875,-499983.78125
0.000809999997727573,-195834.65625,697187.5625,-499788.5625
0.000811000005342066,-196097.578125,697254.875,-499593.28125
0.00081200001295656,-196360.46875,697322,-499397.9375
0.000813000020571053,-196623.3125,697389.125,-499202.5
0.000814000028185546,-196886.15625,697456.0625,-499007
0.000814999977592379,-197148.953125,697523,-498811.4375
0.000815999985206872,-197411.734375,697589.75,-498615.8125
0.000816999992821366,-197674.484375,697656.4375,-498420.09375
0.000818000000435859,-197937.203125,697723,-498224.3125
0.000819000008050352,-198199.890625,697789.5,-498028.46875
0.000820000015664846,-198462.546875,697855.875,-497832.53125
0.000821000023279339,-198725.1875,697922.1875,-497636.53125
0.000821999972686172,-198987.796875,697988.375,-497440.46875
0.000822999980300665,-199250.375,698054.4375,-497244.34375
0.000823999987915158,-199512.921875,698120.4375,-497048.15625
0.000824999995529652,-199775.4375,698186.3125,-496851.875
0.000826000003144145,-200037.9375,698252.125,-496655.53125
0.000827000010758638,-200300.390625,698317.8125,-496459.09375
0.000828000018373132,-200562.828125,698383.4375,-496262.625
0.000829000025987625,-200825.234375,698448.875,-496066.0625
0.000829999975394458,-201087.625,698514.3125,-495869.4375
0.000830999983008951,-201349.96875,698579.5625,-495672.75
0.000831999990623444,-201612.296875,698644.8125,-495475.96875
0.000832999998237938,-201874.578125,698709.875,-495279.125
0.000834000005852431,-202136.84375,698774.875,-495082.21875
0.000835000013466924,-202399.078125,698839.75,-494885.25
0.000836000021081418,-202661.296875,698904.5625,-494688.1875
0.000837000028695911,-202923.46875,698969.25,-494491.0625
0.000837999978102744,-203185.609375,699033.875,-494293.875
0.000838999985717237,-203447.734375,699098.375,-494096.625
0.00083999999333173,-203709.828125,699162.75,-493899.28125
0.000841000000946224,-203971.890625,699227.0625,-493701.875
0.000842000008560717,-204233.921875,699291.25,-493504.40625
0.00084300001617521,-204495.921875,699355.375,-493306.875
0.000844000023789704,-204757.90625,699419.375,-493109.25
0.000844999973196536,-205019.84375,699483.3125,-492911.59375
0.00084599998081103,-205281.765625,699547.0625,-492713.84375
0.000846999988425523,-205543.65625,699610.8125,-492516
0.000847999996040016,-205805.515625,699674.375,-492318.125
0.00084900000365451,-206067.34375,699737.875,-492120.15625
0.000850000011269003,-206329.140625,699801.3125,-491922.125
0.000851000018883497,-206590.921875,699864.625,-491724.03125
0.00085200002649799,-206852.65625,699927.8125,-491525.84375
0.000852999975904822,-207114.375,699990.9375,-491327.59375
0.000853999983519316,-207376.046875,700053.9375,-491129.28125
0.000854999991133809,-207637.703125,700116.875,-490930.90625
0.000855999998748302,-207899.328125,700179.6875,-490732.46875
0.000857000006362796,-208160.921875,700242.375,-490533.9375
0.000858000013977289,-208422.484375,700305,-490335.34375
0.000859000021591783,-208684.015625,700367.5,-490136.6875
0.000859999970998615,-208945.53125,700429.875,-489937.96875
0.000860999978613108,-209207,700492.1875,-489739.15625
0.000861999986227602,-209468.453125,700554.4375,-489540.28125
0.000862999993842095,-209729.859375,700616.5625,-489341.34375
0.000864000001456589,-209991.25,700678.5625,-489142.34375
0.000865000009071082,-210252.609375,700740.4375,-488943.28125
0.000866000016685575,-210513.9375,700802.25,-488744.125
0.000867000024300069,-210775.234375,700864,-488544.90625
0.000867999973706901,-211036.5,700925.625,-488345.625
0.000868999981321394,-211297.734375,700987.125,-488146.25
0.000869999988935888,-211558.9375,701048.5625,-487946.84375
0.000870999996550381,-211820.109375,701109.875,-487747.34375
0.000872000004164875,-212081.265625,701171.0625,-487547.78125
0.000873000011779368,-212342.375,701232.1875,-487348.15625
0.000874000019393861,-212603.46875,701293.1875,-487148.4375
0.000875000027008355,-212864.515625,701354.125,-486948.6875
0.000875999976415187,-213125.546875,701414.9375,-486748.84375
0.00087699998402968,-213386.546875,701475.6875,-486548.9375
0.000877999991644174,-213647.5,701536.25,-486348.9375
0.000878999999258667,-213908.4375,701596.8125,-486148.90625
0.000880000006873161,-214169.34375,701657.1875,-485948.78125
0.000881000014487654,-214430.21875,701717.5625,-485748.59375
0.000882000022102147,-214691.0625,701777.75,-485548.34375
0.00088299997150898,-214951.875,701837.875,-485348.03125
0.000883999979123473,-215212.65625,701897.875,-485147.625
0.000884999986737967,-215473.40625,701957.8125,-484947.15625
0.00088599999435246,-215734.125,702017.625,-484746.625
0.000887000001966953,-215994.828125,702077.375,-484546.03125
0.000888000009581447,-216255.484375,702137,-484345.375
0.00088900001719594,-216516.109375,702196.5,-484144.625
0.000890000024810433,-216776.703125,702255.9375,-483943.8125
0.000890999974217266,-217037.28125,702315.25,-483742.9375
0.000891999981831759,-217297.8125,702374.4375,-483542
0.000892999989446253,-217558.3125,702433.5625,-483341
0.000893999997060746,-217818.796875,702492.625,-483139.90625
0.000895000004675239,-218079.234375,702551.5,-482938.75
0.000896000012289733,-218339.65625,702610.375,-482737.53125
0.000897000019904226,-218600.03125,702669.0625,-482536.25
0.000898000027518719,-218860.390625,702727.6875,-482334.90625
0.000898999976925552,-219120.703125,702786.1875,-482133.46875
0.000899999984540045,-219380.984375,702844.625,-481931.96875
0.000900999992154539,-219641.25,702902.9375,-481730.40625
0.000901999999769032,-219901.46875,702961.1875,-481528.78125
0.000903000007383525,-220161.671875,703019.3125,-481327.09375
0.000904000014998019,-220421.828125,703077.3125,-481125.3125
0.000905000022612512,-220681.96875,703135.25,-480923.5
0.000905999972019345,-220942.0625,703193.0625,-480721.59375
0.000906999979633838,-221202.140625,703250.8125,-480519.625
0.000907999987248331,-221462.171875,703308.4375,-480317.5625
0.000908999994862825,-221722.1875,703365.9375,-480115.46875
0.000910000002477318,-221982.15625,703423.375,-479913.28125
0.000911000010091811,-222242.09375,703480.6875,-479711.03125
0.000912000017706305,-222502.015625,703537.9375,-479508.71875
0.000913000025320798,-222761.890625,703595.0625,-479306.34375
0.000913999974727631,-223021.734375,703652.0625,-479103.90625
0.000914999982342124,-223281.5625,703709,-478901.375
0.000915999989956617,-223541.34375,703765.8125,-478698.8125
0.000916999997571111,-223801.09375,703822.5625,-478496.15625
0.000918000005185604,-224060.8125,703879.1875,-478293.4375
0.000919000012800097,-224320.5,703935.6875,-478090.625
0.000920000020414591,-224580.15625,703992.125,-477887.78125
0.000921000028029084,-224839.796875,704048.4375,-477684.84375
0.000921999977435917,-225099.390625,704104.625,-477481.875
0.00092299998505041,-225358.953125,704160.75,-477278.8125
0.000923999992664903,-225618.46875,704216.8125,-477075.6875
0.000925000000279397,-225877.96875,704272.75,-476872.46875
0.00092600000789389,-226137.4375,704328.5625,-476669.21875
0.000927000015508384,-226396.875,704384.25,-476465.875
0.000928000023122877,-226656.28125,704439.875,-476262.46875
0.000928999972529709,-226915.640625,704495.4375,-476059
0.000929999980144203,-227174.984375,704550.8125,-475855.46875
0.000930999987758696,-227434.28125,704606.1875,-475651.875
0.000931999995373189,-227693.5625,704661.375,-475448.21875
0.000933000002987683,-227952.796875,704716.5,-475244.46875
0.000934000010602176,-228212,704771.5,-475040.65625
0.00093500001821667,-228471.1875,704826.4375,-474836.78125
0.000936000025831163,-228730.328125,704881.25,-474632.84375
0.000936999975237995,-228989.4375,704936,-474428.84375
0.000937999982852489,-229248.515625,704990.625,-474224.75
0.000938999990466982,-229507.5625,705045.125,-474020.625
0.000939999998081475,-229766.5625,705099.5625,-473816.40625
0.000941000005695969,-230025.546875,705153.875,-473612.125
0.000942000013310462,-230284.5,705208.0625,-473407.78125
0.000943000020924956,-230543.40625,705262.1875,-473203.375
0.000944000028539449,-230802.296875,705316.25,-472998.90625
0.000944999977946281,-231061.140625,705370.125,-472794.34375
0.000945999985560775,-231319.953125,705424,-472589.75
0.000946999993175268,-231578.734375,705477.6875,-472385.0625
0.000948000000789762,-231837.484375,705531.3125,-472180.3125
0.000949000008404255,-232096.203125,705584.8125,-471975.5
0.000950000016018748,-232354.890625,705638.25,-471770.625
0.000951000023633242,-232613.546875,705691.5625,-471565.65625
0.000951999973040074,-232872.15625,705744.8125,-471360.65625
0.000952999980654567,-233130.75,705797.875,-471155.5625
0.000953999988269061,-233389.296875,705850.9375,-470950.40625
0.000954999995883554,-233647.8125,705903.8125,-470745.1875
0.000956000003498048,-233906.296875,705956.625,-470539.90625
0.000957000011112541,-234164.75,706009.375,-470334.5625
0.000958000018727034,-234423.171875,706062,-470129.15625
0.000959000026341528,-234681.5625,706114.5,-469923.65625
0.00095999997574836,-234939.90625,706166.9375,-469718.09375
0.000960999983362854,-235198.234375,706219.25,-469512.5
0.000961999990977347,-235456.515625,706271.4375,-469306.8125
0.00096299999859184,-235714.765625,706323.5625,-469101.0625
0.000964000006206334,-235972.984375,706375.5625,-468895.25
0.000965000013820827,-236231.171875,706427.5,-468689.34375
0.00096600002143532,-236489.328125,706479.3125,-468483.40625
0.000967000029049814,-236747.4375,706531,-468277.375
0.000967999978456646,-237005.53125,706582.625,-468071.28125
0.00096899998607114,-237263.578125,706634.125,-467865.15625
0.000969999993685633,-237521.59375,706685.5625,-467658.9375
0.000971000001300126,-237779.578125,706736.875,-467452.65625
0.00097200000891462,-238037.53125,706788.0625,-467246.28125
0.000973000016529113,-238295.4375,706839.1875,-467039.875
0.000974000024143606,-238553.328125,706890.1875,-466833.40625
0.000974999973550439,-238811.171875,706941.125,-466626.84375
0.000975999981164932,-239068.984375,706991.875,-466420.21875
0.000976999988779426,-239326.765625,707042.625,-466213.53125
0.000977999996393919,-239584.515625,707093.25,-466006.8125
0.000979000004008412,-239842.21875,707143.75,-465799.96875
0.000980000011622906,-240099.90625,707194.125,-465593.09375
0.000981000019237399,-240357.546875,707244.4375,-465386.15625
0.000982000026851892,-240615.15625,707294.625,-465179.15625
0.000983000034466386,-240872.734375,707344.75,-464972.0625
0.000984000042080879,-241130.265625,707394.75,-464764.90625
0.000985000049695373,-241387.78125,707444.6875,-464557.71875
0.000986000057309866,-241645.25,707494.4375,-464350.4375
0.000986999948509037,-241902.6875,707544.1875,-464143.09375
0.000987999956123531,-242160.09375,707593.75,-463935.6875
0.000988999963738024,-242417.453125,707643.25,-463728.1875
0.000989999971352518,-242674.796875,707692.6875,-463520.65625
0.000990999978967011,-242932.09375,707742,-463313.0625
0.000991999986581504,-243189.359375,707791.1875,-463105.375
0.000992999994195998,-243446.59375,707840.25,-462897.625
0.000994000001810491,-243703.78125,707889.25,-462689.84375
0.000995000009424984,-243960.953125,707938.1875,-462481.96875
0.000996000017039478,-244218.078125,707986.9375,-462274.03125
0.000997000024653971,-244475.171875,708035.6875,-462066.03125
0.000998000032268465,-244732.234375,708084.25,-461857.96875
0.000999000039882958,-244989.25,708132.75,-461649.8125
0.00100000004749745,-245246.234375,708181.125,-461441.625
0.00100100005511194,-245503.1875,708229.4375,-461233.375
0.00100199994631112,-245760.109375,708277.625,-461025.03125
0.00100299995392561,-246017,708325.75,-460816.625
0.0010039999615401,-246273.84375,708373.75,-460608.1875
0.0010049999691546,-246530.65625,708421.625,-460399.65625
0.00100599997676909,-246787.4375,708469.375,-460191.0625
0.00100699998438358,-247044.171875,708517.125,-459982.40625
0.00100799999199808,-247300.890625,708564.6875,-459773.6875
0.00100899999961257,-247557.5625,708612.1875,-459564.875
0.00101000000722706,-247814.203125,708659.5625,-459356.03125
0.00101100001484156,-248070.796875,708706.875,-459147.125
0.00101200002245605,-248327.375,708754.0625,-458938.125
0.00101300003007054,-248583.90625,708801.125,-458729.09375
0.00101400003768504,-248840.40625,708848.125,-458519.96875
0.00101500004529953,-249096.859375,708895,-458310.78125
0.00101600005291402,-249353.28125,708941.75,-458101.5625
0.00101699994411319,-249609.671875,708988.4375,-457892.25
0.00101799995172769,-249866.03125,709035.0625,-457682.875
0.00101899995934218,-250122.359375,709081.5,-457473.4375
0.00101999996695668,-250378.640625,709127.875,-457263.90625
0.00102099997457117,-250634.890625,709174.1875,-457054.34375
0.00102199998218566,-250891.09375,709220.375,-456844.71875
0.00102299998980016,-251147.28125,709266.4375,-456635
0.00102399999741465,-251403.421875,709312.4375,-456425.25
0.00102500000502914,-251659.515625,709358.3125,-456215.40625
0.00102600001264364,-251915.59375,709404.0625,-456005.53125
0.00102700002025813,-252171.625,709449.75,-455795.5625
0.00102800002787262,-252427.625,709495.3125,-455585.53125
0.00102900003548712,-252683.59375,709540.8125,-455375.46875
0.00103000004310161,-252939.515625,709586.1875,-455165.3125
0.0010310000507161,-253195.40625,709631.4375,-454955.09375
0.00103199994191527,-253451.265625,709676.625,-454744.8125
0.00103299994952977,-253707.078125,709721.6875,-454534.46875
0.00103399995714426,-253962.859375,709766.625,-454324.03125
0.00103499996475875,-254218.609375,709811.5,-454113.5625
0.00103599997237325,-254474.3125,709856.25,-453903.03125
0.00103699997998774,-254729.984375,709900.9375,-453692.40625
0.00103799998760223,-254985.625,709945.5,-453481.75
0.00103899999521673,-255241.21875,709989.9375,-453271
0.00104000000283122,-255496.796875,710034.3125,-453060.21875
0.00104100001044571,-255752.328125,710078.625,-452849.34375
0.00104200001806021,-256007.8125,710122.75,-452638.40625
0.0010430000256747,-256263.265625,710166.8125,-452427.4375
0.00104400003328919,-256518.6875,710210.8125,-452216.375
0.00104500004090369,-256774.078125,710254.625,-452005.25
0.00104600004851818,-257029.421875,710298.4375,-451794.0625
0.00104700005613267,-257284.734375,710342.0625,-451582.8125
0.00104799994733185,-257540.015625,710385.625,-451371.5
0.00104899995494634,-257795.25,710429.0625,-451160.125
0.00104999996256083,-258050.453125,710472.4375,-450948.6875
0.00105099997017533,-258305.625,710515.6875,-450737.1875
0.00105199997778982,-258560.75,710558.875,-450525.625
0.00105299998540431,-258815.84375,710601.875,-450313.96875
0.00105399999301881,-259070.90625,710644.875,-450102.28125
0.0010550000006333,-259325.921875,710687.6875,-449890.53125
0.00105600000824779,-259580.90625,710730.4375,-449678.6875
0.00105700001586229,-259835.84375,710773.125,-449466.8125
0.00105800002347678,-260090.75,710815.625,-449254.84375
0.00105900003109127,-260345.625,710858.0625,-449042.84375
0.00106000003870577,-260600.453125,710900.4375,-448830.75
0.00106100004632026,-260855.25,710942.6875,-448618.59375
0.00106200005393475,-261110.015625,710984.8125,-448406.40625
0.00106299994513392,-261364.734375,711026.875,-448194.125
0.00106399995274842,-261619.40625,711068.8125,-447981.78125
0.00106499996036291,-261874.0625,711110.625,-447769.40625
0.0010659999679774,-262128.671875,711152.375,-447556.9375
0.0010669999755919,-262383.25,711194,-447344.40625
0.00106799998320639,-262637.78125,711235.5625,-447131.8125
0.00106899999082088,-262892.25,711277,-446919.15625
0.00106999999843538,-263146.71875,711318.3125,-446706.46875
0.00107100000604987,-263401.15625,711359.5625,-446493.6875
0.00107200001366436,-263655.53125,711400.6875,-446280.84375
0.00107300002127886,-263909.875,711441.75,-446067.9375
0.00107400002889335,-264164.1875,711482.625,-445854.96875
0.00107500003650784,-264418.46875,711523.5,-445641.9375
0.00107600004412234,-264672.6875,711564.1875,-445428.84375
0.00107700005173683,-264926.875,711604.8125,-445215.65625
0.001077999942936,-265181.03125,711645.375,-445002.4375
0.0010789999505505,-265435.15625,711685.75,-444789.15625
0.00107999995816499,-265689.25,711726.125,-444575.8125
0.00108099996577948,-265943.28125,711766.3125,-444362.40625
0.00108199997339398,-266197.3125,711806.4375,-444148.90625
0.00108299998100847,-266451.28125,711846.4375,-443935.375
0.00108399998862296,-266705.21875,711886.375,-443721.78125
0.00108499999623746,-266959.09375,711926.1875,-443508.125
0.00108600000385195,-267212.96875,711965.9375,-443294.375
0.00108700001146644,-267466.78125,712005.5,-443080.59375
0.00108800001908094,-267720.5625,712045.0625,-442866.75
0.00108900002669543,-267974.3125,712084.4375,-442652.8125
0.00109000003430992,-268228,712123.75,-442438.84375
0.00109100004192442,-268481.6875,712163,-442224.78125
0.00109200004953891,-268735.3125,712202.0625,-442010.6875
0.0010930000571534,-268988.90625,712241.0625,-441796.5
0.00109399994835258,-269242.4375,712280,-441582.28125
0.00109499995596707,-269495.96875,712318.8125,-441368
0.00109599996358156,-269749.4375,712357.5,-441153.625
0.00109699997119606,-270002.875,712396.125,-440939.21875
0.00109799997881055,-270256.28125,712434.625,-440724.71875
0.00109899998642504,-270509.625,712473,-440510.1875
0.00109999999403954,-270762.96875,712511.3125,-440295.5625
0.00110100000165403,-271016.25,712549.5,-440080.90625
0.00110200000926852,-271269.5,712587.625,-439866.15625
0.00110300001688302,-271522.6875,712625.5625,-439651.375
0.00110400002449751,-271775.875,712663.5,-439436.5
0.001105000032112,-272029,712701.25,-439221.59375
0.0011060000397265,-272282.09375,712738.9375,-439006.59375
0.00110700004734099,-272535.15625,712776.5625,-438791.5625
0.00110800005495548,-272788.15625,712814.0625,-438576.4375
0.00110899994615465,-273041.125,712851.4375,-438361.28125
0.00110999995376915,-273294.0625,712888.6875,-438146.03125
0.00111099996138364,-273546.96875,712925.875,-437930.75
0.00111199996899813,-273799.8125,712963,-437715.375
0.00111299997661263,-274052.65625,712999.9375,-437499.96875
0.00111399998422712,-274305.4375,713036.875,-437284.46875
0.00111499999184161,-274558.15625,713073.625,-437068.9375
0.00111599999945611,-274810.875,713110.3125,-436853.34375
0.0011170000070706,-275063.53125,713146.875,-436637.65625
0.00111800001468509,-275316.15625,713183.375,-436421.9375
0.00111900002229959,-275568.75,713219.75,-436206.125
0.00112000002991408,-275821.28125,713256,-435990.28125
0.00112100003752857,-276073.8125,713292.1875,-435774.375
0.00112200004514307,-276326.28125,713328.25,-435558.375
0.00112300005275756,-276578.6875,713364.1875,-435342.34375
0.00112399994395673,-276831.09375,713400.0625,-435126.25
0.00112499995157123,-277083.4375,713435.8125,-434910.0625
0.00112599995918572,-277335.75,713471.5,-434693.84375
0.00112699996680021,-277588.03125,713507.0625,-434477.5625
0.00112799997441471,-277840.25,713542.5,-434261.21875
0.0011289999820292,-278092.4375,713577.875,-434044.8125
0.00112999998964369,-278344.59375,713613.125,-433828.3125
0.00113099999725819,-278596.71875,713648.3125,-433611.78125
0.00113200000487268,-278848.78125,713683.375,-433395.1875
0.00113300001248717,-279100.8125,713718.3125,-433178.53125
0.00113400002010167,-279352.8125,713753.1875,-432961.8125
0.00113500002771616,-279604.78125,713787.9375,-432745.03125
0.00113600003533065,-279856.6875,713822.5625,-432528.1875
0.00113700004294515,-280108.5625,713857.125,-432311.28125
0.00113800005055964,-280360.40625,713891.5625,-432094.3125
0.00113900005817413,-280612.1875,713925.875,-431877.3125
0.0011399999493733,-280863.9375,713960.125,-431660.21875
0.0011409999569878,-281115.65625,713994.3125,-431443.0625
0.00114199996460229,-281367.34375,714028.3125,-431225.84375
0.00114299997221678,-281618.96875,714062.25,-431008.5625
0.00114399997983128,-281870.5625,714096.125,-430791.25
0.00114499998744577,-282122.125,714129.875,-430573.84375
0.00114599999506027,-282373.65625,714163.5,-430356.40625
0.00114700000267476,-282625.125,714197,-430138.875
0.00114800001028925,-282876.5625,714230.4375,-429921.3125
0.00114900001790375,-283127.9375,714263.75,-429703.65625
0.00115000002551824,-283379.3125,714297,-429485.96875
0.00115100003313273,-283630.625,714330.125,-429268.1875
0.00115200004074723,-283881.90625,714363.1875,-429050.375
0.00115300004836172,-284133.125,714396.0625,-428832.5
0.00115400005597621,-284384.3125,714428.9375,-428614.53125
0.00115499994717538,-284635.46875,714461.625,-428396.53125
0.00115599995478988,-284886.59375,714494.25,-428178.46875
0.00115699996240437,-285137.65625,714526.75,-427960.34375
0.00115799997001886,-285388.6875,714559.1875,-427742.15625
0.00115899997763336,-285639.6875,714591.5,-427523.90625
0.00115999998524785,-285890.625,714623.6875,-427305.59375
0.00116099999286234,-286141.53125,714655.8125,-427087.21875
0.00116200000047684,-286392.40625,714687.8125,-426868.8125
0.00116300000809133,-286643.25,714719.75,-426650.3125
0.00116400001570582,-286894.03125,714751.5625,-426431.75
0.00116500002332032,-287144.78125,714783.25,-426213.15625
0.00116600003093481,-287395.46875,714814.875,-425994.46875
0.0011670000385493,-287646.15625,714846.375,-425775.75
0.0011680000461638,-287896.78125,714877.75,-425556.9375
0.00116900005377829,-288147.34375,714909.0625,-425338.09375
0.00116999994497746,-288397.90625,714940.25,-425119.1875
0.00117099995259196,-288648.40625,714971.375,-424900.1875
0.00117199996020645,-288898.84375,715002.375,-424681.15625
0.00117299996782094,-289149.28125,715033.25,-424462.0625
0.00117399997543544,-289399.65625,715064.0625,-424242.90625
0.00117499998304993,-289650,715094.75,-424023.6875
0.00117599999066442,-289900.28125,715125.3125,-423804.40625
0.00117699999827892,-290150.53125,715155.8125,-423585.09375
0.00117800000589341,-290400.75,715186.1875,-423365.6875
0.0011790000135079,-290650.9375,715216.4375,-423146.21875
0.0011800000211224,-290901.0625,715246.625,-422926.71875
0.00118100002873689,-291151.15625,715276.75,-422707.125
0.00118200003635138,-291401.1875,715306.6875,-422487.5
0.00118300004396588,-291651.21875,715336.5625,-422267.78125
0.00118400005158037,-291901.15625,715366.375,-422048.03125
0.00118499994277954,-292151.09375,715396.0625,-421828.21875
0.00118599995039403,-292400.96875,715425.625,-421608.34375
0.00118699995800853,-292650.8125,715455.0625,-421388.40625
0.00118799996562302,-292900.625,715484.4375,-421168.40625
0.00118899997323751,-293150.375,715513.6875,-420948.34375
0.00118999998085201,-293400.09375,715542.875,-420728.21875
0.0011909999884665,-293649.75,715571.9375,-420508.0625
0.00119199999608099,-293899.40625,715600.875,-420287.8125
0.00119300000369549,-294149,715629.75,-420067.53125
0.00119400001130998,-294398.53125,715658.5,-419847.15625
0.00119500001892447,-294648.03125,715687.1875,-419626.75
0.00119600002653897,-294897.5,715715.75,-419406.28125
0.00119700003415346,-295146.9375,715744.1875,-419185.71875
0.00119800004176795,-295396.3125,715772.5,-418965.125
0.00119900004938245,-295645.65625,715800.75,-418744.46875
0.00120000005699694,-295894.9375,715828.9375,-418523.78125
0.00120099994819611,-296144.21875,715857,-418303
0.00120199995581061,-296393.40625,715884.9375,-418082.15625
0.0012029999634251,-296642.59375,715912.75,-417861.28125
0.00120399997103959,-296891.71875,715940.5,-417640.3125
0.00120499997865409,-297140.8125,715968.125,-417419.3125
0.00120599998626858,-297389.84375,715995.6875,-417198.25
0.00120699999388307,-297638.84375,716023.125,-416977.09375
0.00120800000149757,-297887.8125,716050.4375,-416755.90625
0.00120900000911206,-298136.71875,716077.6875,-416534.65625
0.00121000001672655,-298385.59375,716104.8125,-416313.375
0.00121100002434105,-298634.4375,716131.8125,-416092
0.00121200003195554,-298883.21875,716158.75,-415870.5625
0.00121300003957003,-299131.96875,716185.5625,-415649.09375
0.00121400004718453,-299380.6875,716212.3125,-415427.53125
0.00121500005479902,-299629.34375,716238.9375,-415205.9375
0.00121599994599819,-299877.96875,716265.4375,-414984.28125
0.00121699995361269,-300126.53125,716291.875,-414762.5625
0.00121799996122718,-300375.09375,716318.1875,-414540.78125
0.00121899996884167,-300623.5625,716344.375,-414318.9375
0.00121999997645617,-300872.03125,716370.5,-414097.03125
0.00122099998407066,-301120.4375,716396.5,-413875.09375
0.00122199999168515,-301368.78125,716422.4375,-413653.0625
0.00122299999929965,-301617.125,716448.25,-413431
0.00122400000691414,-301865.40625,716473.9375,-413208.875
0.00122500001452863,-302113.625,716499.5625,-412986.65625
0.00122600002214313,-302361.8125,716525.0625,-412764.40625
0.00122700002975762,-302609.96875,716550.4375,-412542.125
0.00122800003737211,-302858.0625,716575.75,-412319.75
0.00122900004498661,-303106.125,716600.9375,-412097.3125
0.0012300000526011,-303354.15625,716626.0625,-411874.84375
0.00123099994380027,-303602.125,716651,-411652.28125
0.00123199995141476,-303850.0625,716675.9375,-411429.6875
0.00123299995902926,-304097.96875,716700.6875,-411207.03125
0.00123399996664375,-304345.8125,716725.375,-410984.3125
0.00123499997425824,-304593.625,716750,-410761.53125
0.00123599998187274,-304841.375,716774.4375,-410538.6875
0.00123699998948723,-305089.09375,716798.8125,-410315.8125
0.00123799999710172,-305336.78125,716823.125,-410092.84375
0.00123900000471622,-305584.40625,716847.3125,-409869.84375
0.00124000001233071,-305832,716871.375,-409646.78125
0.0012410000199452,-306079.53125,716895.3125,-409423.65625
0.0012420000275597,-306327.03125,716919.1875,-409200.46875
0.00124300003517419,-306574.5,716943,-408977.21875
0.00124400004278868,-306821.90625,716966.625,-408753.90625
0.00124500005040318,-307069.28125,716990.1875,-408530.5625
0.00124600005801767,-307316.59375,717013.6875,-408307.125
0.00124699994921684,-307563.875,717037.0625,-408083.65625
0.00124799995683134,-307811.125,717060.3125,-407860.125
0.00124899996444583,-308058.3125,717083.4375,-407636.53125
0.00124999997206032,-308305.46875,717106.5,-407412.875
0.00125099997967482,-308552.5625,717129.5,-407189.1875
0.00125199998728931,-308799.625,717152.3125,-406965.40625
0.0012529999949038,-309046.65625,717175.0625,-406741.59375
0.0012540000025183,-309293.625,717197.75,-406517.71875
0.00125500001013279,-309540.5625,717220.25,-406293.78125
0.00125600001774728,-309787.4375,717242.6875,-406069.78125
0.00125700002536178,-310034.28125,717265.0625,-405845.71875
0.00125800003297627,-310281.09375,717287.3125,-405621.59375
0.00125900004059076,-310527.84375,717309.4375,-405397.4375
0.00126000004820526,-310774.5625,717331.5,-405173.21875
0.00126100005581975,-311021.21875,717353.4375,-404948.9375
0.00126199994701892,-311267.84375,717375.25,-404724.59375
0.00126299995463341,-311514.4375,717397,-404500.1875
0.00126399996224791,-311760.96875,717418.625,-404275.71875
0.0012649999698624,-312007.46875,717440.125,-404051.21875
0.00126599997747689,-312253.90625,717461.5625,-403826.65625
0.00126699998509139,-312500.3125,717482.875,-403602
0.00126799999270588,-312746.65625,717504.125,-403377.3125
0.00126900000032037,-312992.96875,717525.25,-403152.59375
0.00127000000793487,-313239.25,717546.25,-402927.78125
0.00127100001554936,-313485.46875,717567.125,-402702.90625
0.00127200002316386,-313731.65625,717587.9375,-402478
0.00127300003077835,-313977.78125,717608.6875,-402253.03125
0.00127400003839284,-314223.875,717629.3125,-402028
0.00127500004600734,-314469.90625,717649.8125,-401802.90625
0.00127600005362183,-314715.90625,717670.1875,-401577.78125
0.001276999944821,-314961.875,717690.5,-401352.5625
0.00127799995243549,-315207.78125,717710.6875,-401127.3125
0.00127899996004999,-315453.65625,717730.8125,-400902
0.00127999996766448,-315699.46875,717750.8125,-400676.625
0.00128099997527897,-315945.25,717770.6875,-400451.1875
0.00128199998289347,-316190.96875,717790.5,-400225.71875
0.00128299999050796,-316436.65625,717810.1875,-400000.15625
0.00128399999812245,-316682.3125,717829.75,-399774.5625
0.00128500000573695,-316927.90625,717849.25,-399548.90625
0.00128600001335144,-317173.46875,717868.625,-399323.1875
0.00128700002096593,-317418.96875,717887.9375,-399097.40625
0.00128800002858043,-317664.4375,717907.125,-398871.59375
0.00128900003619492,-317909.84375,717926.1875,-398645.71875
0.00129000004380941,-318155.21875,717945.1875,-398419.78125
0.00129100005142391,-318400.53125,717964.0625,-398193.78125
0.00129199994262308,-318645.8125,717982.8125,-397967.71875
0.00129299995023757,-318891.0625,718001.5,-397741.59375
0.00129399995785207,-319136.25,718020.0625,-397515.4375
0.00129499996546656,-319381.40625,718038.5,-397289.21875
0.00129599997308105,-319626.5,718056.875,-397062.9375
0.00129699998069555,-319871.5625,718075.125,-396836.59375
0.00129799998831004,-320116.5625,718093.3125,-396610.21875
0.00129899999592453,-320361.53125,718111.375,-396383.75
0.00130000000353903,-320606.4375,718129.3125,-396157.25
0.00130100001115352,-320851.3125,718147.1875,-395930.6875
0.00130200001876801,-321096.125,718164.9375,-395704.0625
0.00130300002638251,-321340.90625,718182.5625,-395477.40625
0.001304000033997,-321585.65625,718200.125,-395250.65625
0.00130500004161149,-321830.34375,718217.5625,-395023.875
0.00130600004922599,-322075,718234.9375,-394797.03125
0.00130700005684048,-322319.59375,718252.1875,-394570.125
0.00130799994803965,-322564.125,718269.3125,-394343.1875
0.00130899995565414,-322808.65625,718286.3125,-394116.15625
0.00130999996326864,-323053.09375,718303.25,-393889.09375
0.00131099997088313,-323297.53125,718320.125,-393661.96875
0.00131199997849762,-323541.875,718336.8125,-393434.8125
0.00131299998611212,-323786.21875,718353.5,-393207.5625
0.00131399999372661,-324030.5,718370,-392980.28125
0.0013150000013411,-324274.71875,718386.4375,-392752.9375
0.0013160000089556,-324518.90625,718402.75,-392525.53125
0.00131700001657009,-324763.03125,718419,-392298.0625
0.00131800002418458,-325007.125,718435.0625,-392070.5625
0.00131900003179908,-325251.1875,718451.125,-391843
0.00132000003941357,-325495.1875,718467,-391615.375
0.00132100004702806,-325739.125,718482.8125,-391387.6875
0.00132200005464256,-325983.03125,718498.5625,-391159.9375
0.00132299994584173,-326226.90625,718514.125,-390932.15625
0.00132399995345622,-326470.71875,718529.6875,-390704.3125
0.00132499996107072,-326714.46875,718545.0625,-390476.40625
0.00132599996868521,-326958.21875,718560.375,-390248.4375
0.0013269999762997,-327201.875,718575.5625,-390020.4375
0.0013279999839142,-327445.5,718590.6875,-389792.34375
0.00132899999152869,-327689.09375,718605.6875,-389564.21875
0.00132999999914318,-327932.625,718620.5625,-389336.0625
0.00133100000675768,-328176.125,718635.375,-389107.8125
0.00133200001437217,-328419.5625,718650.0625,-388879.53125
0.00133300002198666,-328662.9375,718664.625,-388651.1875
0.00133400002960116,-328906.3125,718679.125,-388422.78125
0.00133500003721565,-329149.59375,718693.5,-388194.3125
0.00133600004483014,-329392.875,718707.75,-387965.8125
0.00133700005244464,-329636.0625,718721.9375,-387737.25
0.00133799994364381,-329879.21875,718736.0625,-387508.625
0.0013389999512583,-330122.34375,718750,-387279.9375
0.0013399999588728,-330365.40625,718763.875,-387051.21875
0.00134099996648729,-330608.4375,718777.625,-386822.40625
0.00134199997410178,-330851.40625,718791.3125,-386593.59375
0.00134299998171628,-331094.34375,718804.875,-386364.6875
0.00134399998933077,-331337.21875,718818.375,-386135.71875
0.00134499999694526,-331580.0625,718831.6875,-385906.71875
0.00134600000455976,-331822.84375,718844.9375,-385677.65625
0.00134700001217425,-332065.5625,718858.125,-385448.53125
0.00134800001978874,-332308.25,718871.1875,-385219.375
0.00134900002740324,-332550.90625,718884.125,-384990.15625
0.00135000003501773,-332793.5,718897,-384760.875
0.00135100004263222,-333036.0625,718909.75,-384531.53125
0.00135200005024672,-333278.5625,718922.375,-384302.125
0.00135300005786121,-333521,718934.9375,-384072.6875
0.00135399994906038,-333763.40625,718947.375,-383843.1875
0.00135499995667487,-334005.78125,718959.6875,-383613.625
0.00135599996428937,-334248.09375,718971.9375,-383384.03125
0.00135699997190386,-334490.34375,718984.0625,-383154.375
0.00135799997951835,-334732.5625,718996.125,-382924.65625
0.00135899998713285,-334974.75,719008.0625,-382694.875
0.00135999999474734,-335216.875,719019.875,-382465.0625
0.00136100000236183,-335458.9375,719031.625,-382235.1875
0.00136200000997633,-335700.96875,719043.25,-382005.25
0.00136300001759082,-335942.9375,719054.75,-381775.25
0.00136400002520531,-336184.875,719066.1875,-381545.21875
0.00136500003281981,-336426.75,719077.5,-381315.09375
0.0013660000404343,-336668.59375,719088.6875,-381084.96875
0.00136700004804879,-336910.375,719099.8125,-380854.75
0.00136800005566329,-337152.125,719110.8125,-380624.5
0.00136899994686246,-337393.8125,719121.75,-380394.15625
0.00136999995447695,-337635.46875,719132.5625,-380163.8125
0.00137099996209145,-337877.0625,719143.25,-379933.375
0.00137199996970594,-338118.625,719153.875,-379702.90625
0.00137299997732043,-338360.125,719164.375,-379472.375
0.00137399998493493,-338601.5625,719174.75,-379241.78125
0.00137499999254942,-338842.96875,719185.0625,-379011.15625
0.00137600000016391,-339084.34375,719195.25,-378780.4375
0.00137700000777841,-339325.625,719205.3125,-378549.6875
0.0013780000153929,-339566.90625,719215.3125,-378318.90625
0.00137900002300739,-339808.125,719225.1875,-378088.0625
0.00138000003062189,-340049.28125,719235,-377857.125
0.00138100003823638,-340290.375,719244.6875,-377626.1875
0.00138200004585087,-340531.46875,719254.25,-377395.15625
0.00138300005346537,-340772.46875,719263.75,-377164.09375
0.00138399994466454,-341013.4375,719273.125,-376932.96875
0.00138499995227903,-341254.375,719282.375,-376701.8125
0.00138599995989352,-341495.25,719291.5625,-376470.5625
0.00138699996750802,-341736.0625,719300.625,-376239.28125
0.00138799997512251,-341976.84375,719309.5625,-376007.96875
0.001388999982737,-342217.5625,719318.4375,-375776.5625
0.0013899999903515,-342458.25,719327.1875,-375545.125
0.00139099999796599,-342698.875,719335.875,-375313.625
0.00139200000558048,-342939.4375,719344.4375,-375082.09375
0.00139300001319498,-343179.96875,719352.875,-374850.46875
0.00139400002080947,-343420.46875,719361.25,-374618.8125
0.00139500002842396,-343660.90625,719369.5,-374387.125
0.00139600003603846,-343901.28125,719377.625,-374155.34375
0.00139700004365295,-344141.625,719385.6875,-373923.53125
0.00139800005126745,-344381.90625,719393.625,-373691.65625
0.00139899994246662,-344622.15625,719401.5,-373459.75
0.00139999995008111,-344862.34375,719409.25,-373227.78125
0.0014009999576956,-345102.46875,719416.875,-372995.75
0.0014019999653101,-345342.5625,719424.375,-372763.65625
0.00140299997292459,-345582.59375,719431.8125,-372531.53125
0.00140399998053908,-345822.59375,719439.1875,-372299.34375
0.00140499998815358,-346062.53125,719446.375,-372067.09375
0.00140599999576807,-346302.4375,719453.5,-371834.8125
0.00140700000338256,-346542.28125,719460.5625,-371602.46875
0.00140800001099706,-346782.0625,719467.4375,-371370.0625
0.00140900001861155,-347021.8125,719474.3125,-371137.625
0.00141000002622604,-347261.53125,719481,-370905.125
0.00141100003384054,-347501.15625,719487.625,-370672.5625
0.00141200004145503,-347740.78125,719494.125,-370439.96875
0.00141300004906952,-347980.3125,719500.5625,-370207.28125
0.00141400005668402,-348219.8125,719506.875,-369974.59375
0.00141499994788319,-348459.28125,719513.0625,-369741.8125
0.00141599995549768,-348698.65625,719519.1875,-369509
0.00141699996311218,-348938.03125,719525.1875,-369276.125
0.00141799997072667,-349177.3125,719531.0625,-369043.1875
0.00141899997834116,-349416.5625,719536.875,-368810.21875
0.00141999998595566,-349655.78125,719542.5625,-368577.1875
0.00142099999357015,-349894.9375,719548.125,-368344.09375
0.00142200000118464,-350134.03125,719553.625,-368110.96875
0.00142300000879914,-350373.09375,719559,-367877.78125
0.00142400001641363,-350612.09375,719564.3125,-367644.5625
0.00142500002402812,-350851.03125,719569.5,-367411.25
0.00142600003164262,-351089.9375,719574.5625,-367177.90625
0.00142700003925711,-351328.8125,719579.5625,-366944.53125
0.0014280000468716,-351567.625,719584.4375,-366711.0625
0.0014290000544861,-351806.375,719589.1875,-366477.5625
0.00142999994568527,-352045.0625,719593.875,-366244.03125
0.00143099995329976,-352283.71875,719598.4375,-366010.40625
0.00143199996091425,-352522.34375,719602.9375,-365776.75
0.00143299996852875,-352760.875,719607.3125,-365543.0625
0.00143399997614324,-352999.375,719611.5625,-365309.28125
0.00143499998375773,-353237.84375,719615.6875,-365075.46875
0.00143599999137223,-353476.25,719619.75,-364841.625
0.00143699999898672,-353714.59375,719623.75,-364607.6875
0.00143800000660121,-353952.90625,719627.5625,-364373.71875
0.00143900001421571,-354191.15625,719631.3125,-364139.71875
0.0014400000218302,-354429.34375,719635,-363905.65625
0.00144100002944469,-354667.5,719638.5625,-363671.53125
0.00144200003705919,-354905.625,719642,-363437.34375
0.00144300004467368,-355143.65625,719645.3125,-363203.125
0.00144400005228817,-355381.65625,719648.5625,-362968.84375
0.00144499994348735,-355619.625,719651.6875,-362734.5
0.00144599995110184,-355857.53125,719654.75,-362500.125
0.00144699995871633,-356095.375,719657.6875,-362265.6875
0.00144799996633083,-356333.15625,719660.5,-362031.21875
0.00144899997394532,-356570.90625,719663.25,-361796.6875
0.00144999998155981,-356808.625,719665.875,-361562.09375
0.00145099998917431,-357046.25,719668.375,-361327.4375
0.0014519999967888,-357283.84375,719670.8125,-361092.75
0.00145300000440329,-357521.40625,719673.125,-360858.03125
0.00145400001201779,-357758.90625,719675.375,-360623.21875
0.00145500001963228,-357996.34375,719677.4375,-360388.375
0.00145600002724677,-358233.71875,719679.5,-360153.5
0.00145700003486127,-358471.0625,719681.375,-359918.53125
0.00145800004247576,-358708.375,719683.1875,-359683.5625
0.00145900005009025,-358945.59375,719684.875,-359448.5
0.00146000005770475,-359182.78125,719686.5,-359213.40625
0.00146099994890392,-359419.9375,719688,-358978.25
0.00146199995651841,-359657.03125,719689.375,-358743.0625
0.00146299996413291,-359894.0625,719690.6875,-358507.78125
0.0014639999717474,-360131.03125,719691.875,-358272.5
0.00146499997936189,-360367.96875,719693,-358037.125
0.00146599998697639,-360604.84375,719694,-357801.71875
0.00146699999459088,-360841.6875,719694.875,-357566.28125
0.00146800000220537,-361078.46875,719695.625,-357330.78125
0.00146900000981987,-361315.1875,719696.3125,-357095.21875
0.00147000001743436,-361551.875,719696.9375,-356859.59375
0.00147100002504885,-361788.5,719697.375,-356623.9375
0.00147200003266335,-362025.0625,719697.75,-356388.25
0.00147300004027784,-362261.59375,719698.0625,-356152.46875
0.00147400004789233,-362498.0625,719698.25,-355916.65625
0.00147500005550683,-362734.5,719698.3125,-355680.8125
0.001475999946706,-362970.84375,719698.25,-355444.90625
0.00147699995432049,-363207.1875,719698.125,-355208.9375
0.00147799996193498,-363443.4375,719697.875,-354972.90625
0.00147899996954948,-363679.65625,719697.5625,-354736.84375
0.00147999997716397,-363915.8125,719697.125,-354500.75
0.00148099998477846,-364151.9375,719696.5625,-354264.5625
0.00148199999239296,-364388,719695.9375,-354028.34375
0.00148300000000745,-364624,719695.1875,-353792.09375
0.00148400000762194,-364859.9375,719694.3125,-353555.78125
0.00148500001523644,-365095.84375,719693.375,-353319.40625
0.00148600002285093,-365331.6875,719692.3125,-353083
0.00148700003046542,-365567.5,719691.125,-352846.53125
0.00148800003807992,-365803.25,719689.875,-352610
0.00148900004569441,-366038.9375,719688.5625,-352373.4375
0.0014900000533089,-366274.59375,719687.0625,-352136.84375
0.00149099994450808,-366510.1875,719685.5,-351900.15625
0.00149199995212257,-366745.71875,719683.8125,-351663.4375
0.00149299995973706,-366981.1875,719682.0625,-351426.6875
0.00149399996735156,-367216.625,719680.1875,-351189.875
0.00149499997496605,-367452.03125,719678.1875,-350953
0.00149599998258054,-367687.34375,719676.125,-350716.09375
0.00149699999019504,-367922.625,719673.9375,-350479.125
0.00149799999780953,-368157.84375,719671.6875,-350242.09375
0.00149900000542402,-368393.03125,719669.3125,-350005.03125
0.00150000001303852,-368628.15625,719666.8125,-349767.9375
0.00150100002065301,-368863.21875,719664.1875,-349530.75
0.0015020000282675,-369098.21875,719661.5,-349293.53125
0.001503000035882,-369333.1875,719658.75,-349056.28125
0.00150400004349649,-369568.09375,719655.8125,-348818.96875
0.00150500005111098,-369802.96875,719652.8125,-348581.59375
0.00150599994231015,-370037.78125,719649.75,-348344.1875
0.00150699994992465,-370272.53125,719646.5,-348106.71875
0.00150799995753914,-370507.21875,719643.25,-347869.21875
0.00150899996515363,-370741.875,719639.8125,-347631.65625
0.00150999997276813,-370976.46875,719636.3125,-347394.03125
0.00151099998038262,-371211,719632.6875,-347156.375
0.00151199998799711,-371445.5,719629,-346918.6875
0.00151299999561161,-371679.9375,719625.1875,-346680.90625
0.0015140000032261,-371914.3125,719621.25,-346443.09375
0.00151500001084059,-372148.65625,719617.1875,-346205.25
0.00151600001845509,-372382.9375,719613.125,-345967.34375
0.00151700002606958,-372617.15625,719608.875,-345729.375
0.00151800003368407,-372851.34375,719604.5625,-345491.375
0.00151900004129857,-373085.4375,719600.125,-345253.3125
0.00152000004891306,-373319.53125,719595.5625,-345015.21875
0.00152100005652755,-373553.53125,719590.9375,-344777.0625
0.00152199994772673,-373787.5,719586.1875,-344538.875
0.00152299995534122,-374021.40625,719581.375,-344300.625
0.00152399996295571,-374255.25,719576.4375,-344062.3125
0.00152499997057021,-374489.0625,719571.375,-343823.96875
0.0015259999781847,-374722.8125,719566.25,-343585.59375
0.00152699998579919,-374956.5,719561,-343347.125
0.00152799999341369,-375190.15625,719555.625,-343108.625
0.00152900000102818,-375423.71875,719550.1875,-342870.09375
0.00153000000864267,-375657.25,719544.625,-342631.5
0.00153100001625717,-375890.75,719539,-342392.875
0.00153200002387166,-376124.1875,719533.1875,-342154.1875
0.00153300003148615,-376357.5625,719527.375,-341915.4375
0.00153400003910065,-376590.875,719521.375,-341676.65625
0.00153500004671514,-376824.125,719515.3125,-341437.8125
0.00153600005432963,-377057.34375,719509.125,-341198.9375
0.00153699994552881,-377290.5,719502.875,-340960
0.0015379999531433,-377523.625,719496.5,-340721.03125
0.00153899996075779,-377756.65625,719490,-340482
0.00153999996837229,-377989.65625,719483.4375,-340242.90625
0.00154099997598678,-378222.625,719476.75,-340003.78125
0.00154199998360127,-378455.5,719470,-339764.625
0.00154299999121577,-378688.34375,719463.125,-339525.40625
0.00154399999883026,-378921.125,719456.125,-339286.125
0.00154500000644475,-379153.84375,719449,-339046.8125
0.00154600001405925,-379386.53125,719441.8125,-338807.4375
0.00154700002167374,-379619.15625,719434.5625,-338568.03125
0.00154800002928823,-379851.71875,719427.125,-338328.5625
0.00154900003690273,-380084.25,719419.625,-338089.0625
0.00155000004451722,-380316.6875,719412.0625,-337849.5
0.00155100005213171,-380549.09375,719404.3125,-337609.875
0.00155199994333088,-380781.46875,719396.5625,-337370.21875
0.00155299995094538,-381013.75,719388.625,-337130.53125
0.00155399995855987,-381246,719380.625,-336890.78125
0.00155499996617436,-381478.1875,719372.5,-336650.96875
0.00155599997378886,-381710.34375,719364.3125,-336411.125
0.00155699998140335,-381942.40625,719356,-336171.21875
0.00155799998901784,-382174.4375,719347.5625,-335931.28125
0.00155899999663234,-382406.40625,719339.0625,-335691.3125
0.00156000000424683,-382638.34375,719330.4375,-335451.25
0.00156100001186132,-382870.1875,719321.6875,-335211.1875
0.00156200001947582,-383102,719312.875,-334971.03125
0.00156300002709031,-383333.75,719303.9375,-334730.875
0.0015640000347048,-383565.46875,719294.875,-334490.625
0.0015650000423193,-383797.09375,719285.75,-334250.375
0.00156600004993379,-384028.6875,719276.5625,-334010.03125
0.00156700005754828,-384260.25,719267.1875,-333769.65625
0.00156799994874746,-384491.71875,719257.75,-333529.25
0.00156899995636195,-384723.15625,719248.1875,-333288.78125
0.00156999996397644,-384954.53125,719238.5625,-333048.28125
0.00157099997159094,-385185.84375,719228.8125,-332807.71875
0.00157199997920543,-385417.09375,719219,-332567.09375
0.00157299998681992,-385648.3125,719209,-332326.4375
0.00157399999443442,-385879.46875,719198.9375,-332085.75
0.00157500000204891,-386110.5625,719188.8125,-331845
0.0015760000096634,-386341.59375,719178.5625,-331604.1875
0.0015770000172779,-386572.59375,719168.1875,-331363.34375
0.00157800002489239,-386803.53125,719157.75,-331122.46875
0.00157900003250688,-387034.40625,719147.1875,-330881.53125
0.00158000004012138,-387265.25,719136.5,-330640.53125
0.00158100004773587,-387496,719125.75,-330399.5
0.00158200005535036,-387726.71875,719114.875,-330158.4375
0.00158299994654953,-387957.375,719103.875,-329917.3125
0.00158399995416403,-388188,719092.8125,-329676.125
0.00158499996177852,-388418.53125,719081.625,-329434.90625
0.00158599996939301,-388649.03125,719070.375,-329193.65625
0.00158699997700751,-388879.46875,719058.9375,-328952.34375
0.001587999984622,-389109.84375,719047.5,-328710.96875
0.0015889999922365,-389340.1875,719035.875,-328469.5625
0.00158999999985099,-389570.4375,719024.1875,-328228.125
0.00159100000746548,-389800.65625,719012.4375,-327986.625
0.00159200001507998,-390030.84375,719000.5,-327745.0625
0.00159300002269447,-390260.9375,718988.5,-327503.46875
0.00159400003030896,-390491,718976.4375,-327261.84375
0.00159500003792346,-390721,718964.25,-327020.15625
0.00159600004553795,-390950.9375,718951.9375,-326778.40625
0.00159700005315244,-391180.8125,718939.5,-326536.625
0.00159799994435161,-391410.625,718927,-326294.8125
0.00159899995196611,-391640.40625,718914.375,-326052.9375
0.0015999999595806,-391870.125,718901.6875,-325811.03125
0.00160099996719509,-392099.78125,718888.875,-325569.0625
0.00160199997480959,-392329.40625,718875.9375,-325327.0625
0.00160299998242408,-392558.9375,718862.9375,-325085
0.00160399999003857,-392788.4375,718849.8125,-324842.875
0.00160499999765307,-393017.875,718836.625,-324600.75
0.00160600000526756,-393247.28125,718823.25,-324358.53125
0.00160700001288205,-393476.59375,718809.875,-324116.3125
0.00160800002049655,-393705.875,718796.3125,-323874
0.00160900002811104,-393935.09375,718782.6875,-323631.6875
0.00161000003572553,-394164.25,718768.9375,-323389.3125
0.00161100004334003,-394393.34375,718755.125,-323146.875
0.00161200005095452,-394622.375,718741.1875,-322904.40625
0.00161299994215369,-394851.375,718727.125,-322661.875
0.00161399994976819,-395080.3125,718713,-322419.3125
0.00161499995738268,-395309.1875,718698.75,-322176.71875
0.00161599996499717,-395538.03125,718684.4375,-321934.0625
0.00161699997261167,-395766.78125,718670,-321691.375
0.00161799998022616,-395995.5,718655.4375,-321448.625
0.00161899998784065,-396224.15625,718640.75,-321205.8125
0.00161999999545515,-396452.75,718626,-320962.96875
0.00162100000306964,-396681.28125,718611.1875,-320720.09375
0.00162200001068413,-396909.78125,718596.1875,-320477.15625
0.00162300001829863,-397138.1875,718581.125,-320234.1875
0.00162400002591312,-397366.5625,718566,-319991.1875
0.00162500003352761,-397594.875,718550.6875,-319748.125
0.00162600004114211,-397823.15625,718535.375,-319505
0.0016270000487566,-398051.34375,718519.875,-319261.84375
0.00162800005637109,-398279.5,718504.3125,-319018.65625
0.00162899994757026,-398507.59375,718488.625,-318775.40625
0.00162999995518476,-398735.625,718472.875,-318532.09375
0.00163099996279925,-398963.59375,718457,-318288.78125
0.00163199997041374,-399191.5,718441,-318045.375
0.00163299997802824,-399419.375,718424.9375,-317801.96875
0.00163399998564273,-399647.1875,718408.75,-317558.46875
0.00163499999325722,-399874.9375,718392.4375,-317314.96875
0.00163600000087172,-400102.625,718376.0625,-317071.40625
0.00163700000848621,-400330.25,718359.5625,-316827.78125
0.0016380000161007,-400557.84375,718343,-316584.15625
0.0016390000237152,-400785.375,718326.3125,-316340.4375
0.00164000003132969,-401012.8125,718309.5,-316096.6875
0.00164100003894418,-401240.21875,718292.5625,-315852.90625
0.00164200004655868,-401467.59375,718275.5625,-315609.0625
0.00164300005417317,-401694.875,718258.5,-315365.1875
0.00164399994537234,-401922.125,718241.3125,-315121.28125
0.00164499995298684,-402149.28125,718224,-314877.3125
0.00164599996060133,-402376.40625,718206.5625,-314633.28125
0.00164699996821582,-402603.46875,718189.0625,-314389.25
0.00164799997583032,-402830.5,718171.4375,-314145.125
0.00164899998344481,-403057.4375,718153.75,-313901
0.0016499999910593,-403284.3125,718135.9375,-313656.8125
0.0016509999986738,-403511.15625,718118,-313412.5625
0.00165200000628829,-403737.9375,718099.9375,-313168.28125
0.00165300001390278,-403964.65625,718081.875,-312923.96875
0.00165400002151728,-404191.3125,718063.625,-312679.59375
0.00165500002913177,-404417.9375,718045.3125,-312435.1875
0.00165600003674626,-404644.46875,718026.875,-312190.71875
0.00165700004436076,-404870.96875,718008.3125,-311946.21875
0.00165800005197525,-405097.40625,717989.6875,-311701.65625
0.00165899994317442,-405323.78125,717970.9375,-311457.0625
0.00165999995078892,-405550.09375,717952.125,-311212.4375
0.00166099995840341,-405776.375,717933.1875,-310967.75
0.0016619999660179,-406002.5625,717914.125,-310723.03125
0.0016629999736324,-406228.71875,717895,-310478.28125
0.00166399998124689,-406454.78125,717875.75,-310233.46875
0.00166499998886138,-406680.8125,717856.375,-309988.59375
0.00166599999647588,-406906.78125,717836.9375,-309743.71875
0.00166700000409037,-407132.71875,717817.375,-309498.75
0.00166800001170486,-407358.5625,717797.75,-309253.78125
0.00166900001931936,-407584.375,717778,-309008.75
0.00167000002693385,-407810.09375,717758.125,-308763.65625
0.00167100003454834,-408035.78125,717738.1875,-308518.53125
0.00167200004216284,-408261.40625,717718.125,-308273.375
0.00167300004977733,-408486.96875,717697.9375,-308028.1875
0.00167400005739182,-408712.5,717677.6875,-307782.90625
0.00167499994859099,-408937.9375,717657.3125,-307537.625
0.00167599995620549,-409163.34375,717636.875,-307292.28125
0.00167699996381998,-409388.6875,717616.25,-307046.90625
0.00167799997143447,-409613.96875,717595.625,-306801.46875
0.00167899997904897,-409839.1875,717574.8125,-306556
0.00167999998666346,-410064.34375,717553.9375,-306310.5
0.00168099999427795,-410289.4375,717533,-306064.9375
0.00168200000189245,-410514.46875,717511.875,-305819.3125
0.00168300000950694,-410739.46875,717490.6875,-305573.6875
0.00168400001712143,-410964.40625,717469.4375,-305328
0.00168500002473593,-411189.25,717448.0625,-305082.25
0.00168600003235042,-411414.0625,717426.5625,-304836.5
0.00168700003996491,-411638.8125,717404.9375,-304590.65625
0.00168800004757941,-411863.53125,717383.25,-304344.8125
0.0016890000551939,-412088.15625,717361.4375,-304098.90625
0.00168999994639307,-412312.71875,717339.5625,-303852.96875
0.00169099995400757,-412537.25,717317.5625,-303606.96875
0.00169199996162206,-412761.71875,717295.4375,-303360.9375
0.00169299996923655,-412986.09375,717273.25,-303114.84375
0.00169399997685105,-413210.4375,717250.9375,-302868.75
0.00169499998446554,-413434.71875,717228.5625,-302622.59375
0.00169599999208003,-413658.9375,717206.0625,-302376.375
0.00169699999969453,-413883.125,717183.4375,-302130.125
0.00169800000730902,-414107.21875,717160.6875,-301883.84375
0.00169900001492351,-414331.25,717137.875,-301637.5
0.00170000002253801,-414555.25,717115,-301391.125
0.0017010000301525,-414779.1875,717091.9375,-301144.71875
0.00170200003776699,-415003.0625,717068.875,-300898.25
0.00170300004538149,-415226.84375,717045.625,-300651.75
0.00170400005299598,-415450.625,717022.3125,-300405.1875
0.00170499994419515,-415674.3125,716998.875,-300158.59375
0.00170599995180964,-415897.9375,716975.3125,-299911.96875
0.00170699995942414,-416121.5,716951.6875,-299665.28125
0.00170799996703863,-416345.03125,716928,-299418.5625
0.00170899997465312,-416568.46875,716904.125,-299171.8125
0.00170999998226762,-416791.875,716880.1875,-298925
0.00171099998988211,-417015.21875,716856.1875,-298678.15625
0.0017119999974966,-417238.5,716832.0625,-298431.28125
0.0017130000051111,-417461.71875,716807.8125,-298184.34375
0.00171400001272559,-417684.875,716783.4375,-297937.375
0.00171500002034009,-417907.96875,716759,-297690.375
0.00171600002795458,-418131,716734.4375,-297443.3125
0.00171700003556907,-418354,716709.8125,-297196.21875
0.00171800004318357,-418576.90625,716685.0625,-296949.0625
0.00171900005079806,-418799.78125,716660.1875,-296701.875
0.00171999994199723,-419022.5625,716635.25,-296454.65625
0.00172099994961172,-419245.3125,716610.1875,-296207.375
0.00172199995722622,-419468,716585.0625,-295960.0625
0.00172299996484071,-419690.625,716559.75,-295712.71875
0.0017239999724552,-419913.1875,716534.4375,-295465.3125
0.0017249999800697,-420135.6875,716508.9375,-295217.875
0.00172599998768419,-420358.15625,716483.375,-294970.40625
0.00172699999529868,-420580.53125,716457.6875,-294722.875
0.00172800000291318,-420802.84375,716431.9375,-294475.3125
0.00172900001052767,-421025.125,716406.0625,-294227.71875
0.00173000001814216,-421247.3125,716380.125,-293980.0625
0.00173100002575666,-421469.46875,716354,-293732.375
0.00173200003337115,-421691.5625,716327.875,-293484.65625
0.00173300004098564,-421913.59375,716301.5625,-293236.875
0.00173400004860014,-422135.5625,716275.1875,-292989.0625
0.00173500005621463,-422357.46875,716248.6875,-292741.21875
0.0017359999474138,-422579.3125,716222.125,-292493.3125
0.0017369999550283,-422801.09375,716195.4375,-292245.375
0.00173799996264279,-423022.8125,716168.625,-291997.40625
0.00173899997025728,-423244.5,716141.75,-291749.375
0.00173999997787178,-423466.09375,716114.75,-291501.3125
0.00174099998548627,-423687.65625,716087.6875,-291253.21875
0.00174199999310076,-423909.125,716060.5,-291005.0625
0.00174300000071526,-424130.5625,716033.1875,-290756.875
0.00174400000832975,-424351.90625,716005.8125,-290508.65625
0.00174500001594424,-424573.21875,715978.3125,-290260.375
0.00174600002355874,-424794.46875,715950.6875,-290012.0625
0.00174700003117323,-425015.65625,715923,-289763.71875
0.00174800003878772,-425236.78125,715895.1875,-289515.3125
0.00174900004640222,-425457.84375,715867.25,-289266.875
0.00175000005401671,-425678.84375,715839.25,-289018.40625
0.00175099994521588,-425899.78125,715811.1875,-288769.875
0.00175199995283037,-426120.65625,715782.9375,-288521.34375
0.00175299996044487,-426341.5,715754.625,-288272.71875
0.00175399996805936,-426562.25,715726.1875,-288024.09375
0.00175499997567385,-426782.96875,715697.6875,-287775.40625
0.00175599998328835,-427003.59375,715669.0625,-287526.6875
0.00175699999090284,-427224.1875,715640.375,-287277.9375
0.00175799999851733,-427444.6875,715611.5625,-287029.125
0.00175900000613183,-427665.15625,715582.625,-286780.28125
0.00176000001374632,-427885.5625,715553.5625,-286531.40625
0.00176100002136081,-428105.875,715524.4375,-286282.46875
0.00176200002897531,-428326.15625,715495.25,-286033.5
0.0017630000365898,-428546.375,715465.875,-285784.5
0.00176400004420429,-428766.53125,715436.4375,-285535.4375
0.00176500005181879,-428986.625,715406.9375,-285286.34375
0.00176599994301796,-429206.65625,715377.3125,-285037.21875
0.00176699995063245,-429426.625,715347.5625,-284788.0625
0.00176799995824695,-429646.53125,715317.75,-284538.84375
0.00176899996586144,-429866.375,715287.75,-284289.59375
0.00176999997347593,-430086.15625,715257.75,-284040.3125
0.00177099998109043,-430305.90625,715227.625,-283790.96875
0.00177199998870492,-430525.5625,715197.375,-283541.59375
0.00177299999631941,-430745.15625,715167,-283292.1875
0.00177400000393391,-430964.71875,715136.5625,-283042.75
0.0017750000115484,-431184.1875,715106,-282793.25
0.00177600001916289,-431403.625,715075.375,-282543.71875
0.00177700002677739,-431622.96875,715044.625,-282294.125
0.00177800003439188,-431842.28125,715013.75,-282044.53125
0.00177900004200637,-432061.5,714982.8125,-281794.875
0.00178000004962087,-432280.6875,714951.75,-281545.1875
0.00178100005723536,-432499.78125,714920.5625,-281295.4375
0.00178199994843453,-432718.84375,714889.3125,-281045.65625
0.00178299995604903,-432937.84375,714857.9375,-280795.84375
0.00178399996366352,-433156.78125,714826.5,-280546
0.00178499997127801,-433375.625,714794.875,-280296.125
0.00178599997889251,-433594.4375,714763.25,-280046.1875
0.001786999986507,-433813.1875,714731.4375,-279796.21875
0.00178799999412149,-434031.875,714699.625,-279546.1875
0.00178900000173599,-434250.5,714667.625,-279296.15625
0.00179000000935048,-434469.0625,714635.5625,-279046.0625
0.00179100001696497,-434687.53125,714603.375,-278795.90625
0.00179200002457947,-434905.96875,714571.0625,-278545.75
0.00179300003219396,-435124.34375,714538.6875,-278295.53125
0.00179400003980845,-435342.65625,714506.25,-278045.28125
0.00179500004742295,-435560.90625,714473.625,-277795
0.00179600005503744,-435779.09375,714440.9375,-277544.65625
0.00179699994623661,-435997.21875,714408.1875,-277294.3125
0.0017979999538511,-436215.3125,714375.3125,-277043.90625
0.0017989999614656,-436433.3125,714342.3125,-276793.4375
0.00179999996908009,-436651.25,714309.1875,-276542.96875
0.00180099997669458,-436869.125,714276,-276292.4375
0.00180199998430908,-437086.9375,714242.75,-276041.875
0.00180299999192357,-437304.6875,714209.3125,-275791.25
0.00180399999953806,-437522.375,714175.8125,-275540.625
0.00180500000715256,-437740,714142.25,-275289.9375
0.00180600001476705,-437957.5625,714108.5625,-275039.21875
0.00180700002238154,-438175.09375,714074.75,-274788.46875
0.00180800002999604,-438392.53125,714040.8125,-274537.65625
0.00180900003761053,-438609.90625,714006.8125,-274286.8125
0.00181000004522502,-438827.21875,713972.75,-274035.9375
0.00181100005283952,-439044.46875,713938.5,-273785.03125
0.00181199994403869,-439261.6875,713904.1875,-273534.0625
0.00181299995165318,-439478.8125,713869.8125,-273283.0625
0.00181399995926768,-439695.875,713835.3125,-273032.03125
0.00181499996688217,-439912.875,713800.6875,-272780.96875
0.00181599997449666,-440129.8125,713766,-272529.84375
0.00181699998211116,-440346.71875,713731.125,-272278.6875
0.00181799998972565,-440563.53125,713696.25,-272027.5
0.00181899999734014,-440780.28125,713661.25,-271776.28125
0.00182000000495464,-440996.96875,713626.125,-271525.03125
0.00182100001256913,-441213.59375,713590.875,-271273.71875
0.00182200002018362,-441430.15625,713555.5625,-271022.375
0.00182300002779812,-441646.6875,713520.125,-270771
0.00182400003541261,-441863.125,713484.625,-270519.5625
0.0018250000430271,-442079.5,713449,-270268.125
0.0018260000506416,-442295.8125,713413.25,-270016.625
0.00182699994184077,-442512.0625,713377.4375,-269765.09375
0.00182799994945526,-442728.25,713341.5,-269513.5
0.00182899995706975,-442944.375,713305.4375,-269261.90625
0.00182999996468425,-443160.46875,713269.3125,-269010.25
0.00183099997229874,-443376.46875,713233.0625,-268758.5625
0.00183199997991323,-443592.40625,713196.75,-268506.84375
0.00183299998752773,-443808.28125,713160.3125,-268255.0625
0.00183399999514222,-444024.09375,713123.75,-268003.25
0.00183500000275671,-444239.84375,713087.125,-267751.4375
0.00183600001037121,-444455.53125,713050.375,-267499.53125
0.0018370000179857,-444671.15625,713013.5625,-267247.625
0.00183800002560019,-444886.71875,712976.625,-266995.65625
0.00183900003321469,-445102.1875,712939.5625,-266743.6875
0.00184000004082918,-445317.625,712902.4375,-266491.65625
0.00184100004844368,-445533,712865.1875,-266239.59375
0.00184200005605817,-445748.3125,712827.8125,-265987.46875
0.00184299994725734,-445963.5625,712790.375,-265735.34375
0.00184399995487183,-446178.75,712752.8125,-265483.15625
0.00184499996248633,-446393.84375,712715.1875,-265230.9375
0.00184599997010082,-446608.90625,712677.375,-264978.65625
0.00184699997771531,-446823.90625,712639.5625,-264726.375
0.00184799998532981,-447038.8125,712601.5625,-264474.03125
0.0018489999929443,-447253.6875,712563.5625,-264221.65625
0.00185000000055879,-447468.5,712525.375,-263969.25
0.00185100000817329,-447683.21875,712487.125,-263716.8125
0.00185200001578778,-447897.90625,712448.75,-263464.34375
0.00185300002340227,-448112.5,712410.3125,-263211.8125
0.00185400003101677,-448327.0625,712371.75,-262959.25
0.00185500003863126,-448541.53125,712333.0625,-262706.65625
0.00185600004624575,-448755.9375,712294.3125,-262454.03125
0.00185700005386025,-448970.3125,712255.4375,-262201.34375
0.00185799994505942,-449184.59375,712216.4375,-261948.65625
0.00185899995267391,-449398.8125,712177.375,-261695.90625
0.00185999996028841,-449612.96875,712138.1875,-261443.125
0.0018609999679029,-449827.09375,712098.9375,-261190.3125
0.00186199997551739,-450041.125,712059.5625,-260937.453125
0.00186299998313189,-450255.09375,712020.0625,-260684.5625
0.00186399999074638,-450469,711980.5,-260431.625
0.00186499999836087,-450682.84375,711940.8125,-260178.65625
0.00186600000597537,-450896.625,711901.0625,-259925.65625
0.00186700001358986,-451110.3125,711861.1875,-259672.625
0.00186800002120435,-451323.96875,711821.1875,-259419.546875
0.00186900002881885,-451537.5625,711781.125,-259166.421875
0.00187000003643334,-451751.09375,711740.9375,-258913.28125
0.00187100004404783,-451964.53125,711700.625,-258660.09375
0.00187200005166233,-452177.9375,711660.25,-258406.859375
0.0018729999428615,-452391.25,711619.75,-258153.59375
0.00187399995047599,-452604.53125,711579.1875,-257900.296875
0.00187499995809048,-452817.71875,711538.5,-257646.96875
0.00187599996570498,-453030.875,711497.6875,-257393.59375
0.00187699997331947,-453243.9375,711456.8125,-257140.1875
0.00187799998093396,-453456.9375,711415.8125,-256886.734375
0.00187899998854846,-453669.875,711374.6875,-256633.265625
0.00187999999616295,-453882.75,711333.5,-256379.75
0.00188100000377744,-454095.59375,711292.1875,-256126.1875
0.00188200001139194,-454308.34375,711250.8125,-255872.59375
0.00188300001900643,-454521,711209.3125,-255618.96875
0.00188400002662092,-454733.625,711167.6875,-255365.3125
0.00188500003423542,-454946.1875,711126,-255111.609375
0.00188600004184991,-455158.6875,711084.1875,-254857.875
0.0018870000494644,-455371.09375,711042.3125,-254604.09375
0.0018880000570789,-455583.46875,711000.3125,-254350.296875
0.00188899994827807,-455795.75,710958.1875,-254096.453125
0.00188999995589256,-456008,710916,-253842.5625
0.00189099996350706,-456220.15625,710873.6875,-253588.65625
0.00189199997112155,-456432.28125,710831.25,-253334.703125
0.00189299997873604,-456644.3125,710788.75,-253080.703125
0.00189399998635054,-456856.28125,710746.1875,-252826.6875
0.00189499999396503,-457068.1875,710703.4375,-252572.625
0.00189600000157952,-457280.03125,710660.625,-252318.53125
0.00189700000919402,-457491.8125,710617.75,-252064.390625
0.00189800001680851,-457703.53125,710574.6875,-251810.234375
0.001899000024423,-457915.15625,710531.5625,-251556.03125
0.0019000000320375,-458126.75,710488.375,-251301.78125
0.00190100003965199,-458338.25,710445.0625,-251047.515625
0.00190200004726648,-458549.71875,710401.625,-250793.203125
0.00190300005488098,-458761.09375,710358.125,-250538.859375
0.00190399994608015,-458972.4375,710314.5,-250284.46875
0.00190499995369464,-459183.6875,710270.75,-250030.046875
0.00190599996130913,-459394.875,710226.9375,-249775.59375
0.00190699996892363,-459606,710183.0625,-249521.109375
0.00190799997653812,-459817.0625,710139,-249266.578125
0.00190899998415262,-460028.0625,710094.875,-249012.03125
0.00190999999176711,-460239,710050.6875,-248757.4375
0.0019109999993816,-460449.84375,710006.3125,-248502.796875
0.0019120000069961,-460660.65625,709961.875,-248248.140625
0.00191300001461059,-460871.375,709917.375,-247993.4375
0.00191400002222508,-461082.0625,709872.75,-247738.703125
0.00191500002983958,-461292.65625,709828,-247483.921875
0.00191600003745407,-461503.1875,709783.1875,-247229.125
0.00191700004506856,-461713.65625,709738.25,-246974.28125
0.00191800005268306,-461924.0625,709693.25,-246719.40625
0.00191899994388223,-462134.40625,709648.0625,-246464.484375
0.00191999995149672,-462344.6875,709602.875,-246209.546875
0.00192099995911121,-462554.90625,709557.5,-245954.5625
0.00192199996672571,-462765.03125,709512.0625,-245699.546875
0.0019229999743402,-462975.125,709466.5625,-245444.484375
0.00192399998195469,-463185.125,709420.875,-245189.40625
0.00192499998956919,-463395.0625,709375.1875,-244934.28125
0.00192599999718368,-463604.9375,709329.3125,-244679.125
0.00192700000479817,-463814.78125,709283.375,-244423.9375
0.00192800001241267,-464024.5,709237.3125,-244168.703125
0.00192900002002716,-464234.1875,709191.1875,-243913.453125
0.00193000002764165,-464443.8125,709144.9375,-243658.15625
0.00193100003525615,-464653.375,709098.625,-243402.828125
0.00193200004287064,-464862.84375,709052.1875,-243147.453125
0.00193300005048513,-465072.25,709005.625,-242892.0625
0.00193400005809963,-465281.625,708959,-242636.625
0.0019349999492988,-465490.90625,708912.25,-242381.15625
0.00193599995691329,-465700.125,708865.375,-242125.65625
0.00193699996452779,-465909.28125,708818.4375,-241870.125
0.00193799997214228,-466118.375,708771.375,-241614.546875
0.00193899997975677,-466327.375,708724.25,-241358.9375
0.00193999998737127,-466536.34375,708677,-241103.296875
0.00194099999498576,-466745.21875,708629.625,-240847.625
0.00194200000260025,-466954.0625,708582.1875,-240591.921875
0.00194300001021475,-467162.8125,708534.625,-240336.171875
0.00194400001782924,-467371.5,708487,-240080.390625
0.00194500002544373,-467580.125,708439.25,-239824.59375
0.00194600003305823,-467788.6875,708391.375,-239568.75
0.00194700004067272,-467997.15625,708343.4375,-239312.859375
0.00194800004828721,-468205.59375,708295.375,-239056.953125
0.00194900005590171,-468413.9375,708247.1875,-238801
0.00194999994710088,-468622.25,708198.9375,-238545.015625
0.00195099995471537,-468830.46875,708150.5625,-238289
0.00195199996232986,-469038.625,708102.125,-238032.953125
0.00195299996994436,-469246.71875,708053.5625,-237776.875
0.00195399997755885,-469454.71875,708004.9375,-237520.765625
0.00195499998517334,-469662.6875,707956.125,-237264.609375
0.00195599999278784,-469870.59375,707907.3125,-237008.421875
0.00195700000040233,-470078.40625,707858.3125,-236752.203125
0.00195800000801682,-470286.15625,707809.25,-236495.953125
0.00195900001563132,-470493.84375,707760.125,-236239.671875
0.00196000002324581,-470701.46875,707710.8125,-235983.359375
0.0019610000308603,-470909.03125,707661.5,-235727
0.0019620000384748,-471116.53125,707612,-235470.609375
0.00196300004608929,-471323.9375,707562.4375,-235214.203125
0.00196400005370378,-471531.28125,707512.75,-234957.75
0.00196500006131828,-471738.59375,707463,-234701.265625
0.00196600006893277,-471945.8125,707413.125,-234444.734375
0.00196700007654727,-472152.96875,707363.1875,-234188.1875
0.00196800008416176,-472360.03125,707313.125,-233931.609375
0.00196900009177625,-472567.0625,707262.9375,-233674.984375
0.00197000009939075,-472774.03125,707212.6875,-233418.328125
0.00197100010700524,-472980.90625,707162.3125,-233161.640625
0.00197200011461973,-473187.71875,707111.8125,-232904.921875
0.00197299988940358,-473394.46875,707061.25,-232648.171875
0.00197399989701807,-473601.15625,707010.5625,-232391.390625
0.00197499990463257,-473807.78125,706959.8125,-232134.578125
0.00197599991224706,-474014.3125,706908.9375,-231877.71875
0.00197699991986156,-474220.8125,706858,-231620.84375
0.00197799992747605,-474427.21875,706806.875,-231363.921875
0.00197899993509054,-474633.5625,706755.75,-231106.96875
0.00197999994270504,-474839.84375,706704.4375,-230849.984375
0.00198099995031953,-475046.0625,706653.0625,-230592.96875
0.00198199995793402,-475252.1875,706601.625,-230335.921875
0.00198299996554852,-475458.28125,706550,-230078.84375
0.00198399997316301,-475664.28125,706498.375,-229821.734375
0.0019849999807775,-475870.21875,706446.5625,-229564.59375
0.001985999988392,-476076.09375,706394.6875,-229307.40625
0.00198699999600649,-476281.90625,706342.75,-229050.203125
0.00198800000362098,-476487.65625,706290.625,-228792.953125
0.00198900001123548,-476693.3125,706238.4375,-228535.671875
0.00199000001884997,-476898.9375,706186.1875,-228278.375
0.00199100002646446,-477104.46875,706133.8125,-228021.03125
0.00199200003407896,-477309.9375,706081.3125,-227763.65625
0.00199300004169345,-477515.3125,706028.75,-227506.25
0.00199400004930794,-477720.65625,705976.0625,-227248.8125
0.00199500005692244,-477925.9375,705923.3125,-226991.34375
0.00199600006453693,-478131.125,705870.4375,-226733.84375
0.00199700007215142,-478336.25,705817.4375,-226476.296875
0.00199800007976592,-478541.3125,705764.375,-226218.734375
0.00199900008738041,-478746.3125,705711.1875,-225961.140625
0.0020000000949949,-478951.21875,705657.875,-225703.5
0.0020010001026094,-479156.09375,705604.5,-225445.84375
0.00200200011022389,-479360.875,705551,-225188.140625
0.00200299988500774,-479565.59375,705497.4375,-224930.421875
0.00200399989262223,-479770.25,705443.75,-224672.65625
0.00200499990023673,-479974.8125,705390,-224414.859375
0.00200599990785122,-480179.34375,705336.125,-224157.046875
0.00200699991546571,-480383.78125,705282.125,-223899.1875
0.00200799992308021,-480588.15625,705228.0625,-223641.296875
0.0020089999306947,-480792.46875,705173.875,-223383.375
0.00200999993830919,-480996.71875,705119.5625,-223125.4375
0.00201099994592369,-481200.90625,705065.1875,-222867.453125
0.00201199995353818,-481405,705010.6875,-222609.4375
0.00201299996115267,-481609.03125,704956.125,-222351.390625
0.00201399996876717,-481813,704901.4375,-222093.3125
0.00201499997638166,-482016.90625,704846.625,-221835.203125
0.00201599998399615,-482220.75,704791.75,-221577.0625
0.00201699999161065,-482424.5,704736.75,-221318.890625
0.00201799999922514,-482628.1875,704681.6875,-221060.6875
0.00201900000683963,-482831.8125,704626.5,-220802.453125
0.00202000001445413,-483035.375,704571.25,-220544.1875
0.00202100002206862,-483238.875,704515.8125,-220285.890625
0.00202200002968311,-483442.28125,704460.375,-220027.5625
0.00202300003729761,-483645.625,704404.75,-219769.203125
0.0020240000449121,-483848.90625,704349.0625,-219510.8125
0.00202500005252659,-484052.125,704293.3125,-219252.390625
0.00202600006014109,-484255.28125,704237.375,-218993.9375
0.00202700006775558,-484458.34375,704181.4375,-218735.453125
0.00202800007537007,-484661.375,704125.3125,-218476.9375
0.00202900008298457,-484864.3125,704069.125,-218218.390625
0.00203000009059906,-485067.15625,704012.875,-217959.8125
0.00203100009821355,-485269.96875,703956.5,-217701.203125
0.00203200010582805,-485472.6875,703900,-217442.5625
0.00203300011344254,-485675.375,703843.375,-217183.890625
0.00203399988822639,-485877.96875,703786.6875,-216925.1875
0.00203499989584088,-486080.5,703729.9375,-216666.453125
0.00203599990345538,-486282.9375,703673.0625,-216407.6875
0.00203699991106987,-486485.3125,703616.0625,-216148.890625
0.00203799991868436,-486687.65625,703558.9375,-215890.078125
0.00203899992629886,-486889.90625,703501.75,-215631.21875
0.00203999993391335,-487092.0625,703444.5,-215372.328125
0.00204099994152784,-487294.1875,703387.125,-215113.40625
0.00204199994914234,-487496.21875,703329.625,-214854.46875
0.00204299995675683,-487698.1875,703272,-214595.484375
0.00204399996437132,-487900.09375,703214.3125,-214336.484375
0.00204499997198582,-488101.9375,703156.5625,-214077.453125
0.00204599997960031,-488303.6875,703098.6875,-213818.375
0.0020469999872148,-488505.375,703040.6875,-213559.28125
0.0020479999948293,-488707,702982.625,-213300.15625
0.00204900000244379,-488908.5625,702924.4375,-213041
0.00205000001005828,-489110.03125,702866.125,-212781.796875
0.00205100001767278,-489311.4375,702807.75,-212522.578125
0.00205200002528727,-489512.78125,702749.25,-212263.328125
0.00205300003290176,-489714.0625,702690.6875,-212004.046875
0.00205400004051626,-489915.28125,702632,-211744.75
0.00205500004813075,-490116.40625,702573.1875,-211485.40625
0.00205600005574524,-490317.46875,702514.3125,-211226.03125
0.00205700006335974,-490518.46875,702455.3125,-210966.625
0.00205800007097423,-490719.40625,702396.25,-210707.203125
0.00205900007858872,-490920.28125,702337.0625,-210447.734375
0.00206000008620322,-491121.0625,702277.75,-210188.25
0.00206100009381771,-491321.78125,702218.375,-209928.71875
0.0020620001014322,-491522.4375,702158.875,-209669.171875
0.0020630001090467,-491723,702099.3125,-209409.59375
0.00206399988383055,-491923.53125,702039.625,-209149.984375
0.00206499989144504,-492123.96875,701979.875,-208890.34375
0.00206599989905953,-492324.34375,701919.9375,-208630.671875
0.00206699990667403,-492524.625,701860,-208370.96875
0.00206799991428852,-492724.875,701799.875,-208111.234375
0.00206899992190301,-492925.03125,701739.6875,-207851.46875
0.00206999992951751,-493125.125,701679.4375,-207591.6875
0.002070999937132,-493325.125,701619.0625,-207331.859375
0.00207199994474649,-493525.09375,701558.5625,-207072.015625
0.00207299995236099,-493724.96875,701498,-206812.140625
0.00207399995997548,-493924.78125,701437.3125,-206552.234375
0.00207499996758997,-494124.53125,701376.5,-206292.296875
0.00207599997520447,-494324.1875,701315.625,-206032.328125
0.00207699998281896,-494523.78125,701254.6875,-205772.328125
0.00207799999043345,-494723.3125,701193.5625,-205512.3125
0.00207899999804795,-494922.78125,701132.4375,-205252.25
0.00208000000566244,-495122.15625,701071.125,-204992.171875
0.00208100001327693,-495321.46875,701009.75,-204732.0625
0.00208200002089143,-495520.71875,700948.25,-204471.921875
0.00208300002850592,-495719.90625,700886.6875,-204211.75
0.00208400003612041,-495919,700825,-203951.5625
0.00208500004373491,-496118.0625,700763.25,-203691.328125
0.0020860000513494,-496317,700701.375,-203431.078125
0.00208700005896389,-496515.90625,700639.375,-203170.78125
0.00208800006657839,-496714.71875,700577.3125,-202910.46875
0.00208900007419288,-496913.5,700515.125,-202650.125
0.00209000008180737,-497112.15625,700452.875,-202389.765625
0.00209100008942187,-497310.78125,700390.5,-202129.359375
0.00209200009703636,-497509.3125,700328,-201868.9375
0.00209300010465086,-497707.78125,700265.4375,-201608.46875
0.00209400011226535,-497906.1875,700202.75,-201347.984375
0.0020949998870492,-498104.53125,700140,-201087.46875
0.00209599989466369,-498302.78125,700077.125,-200826.9375
0.00209699990227818,-498500.96875,700014.125,-200566.359375
0.00209799990989268,-498699.09375,699951.0625,-200305.765625
0.00209899991750717,-498897.125,699887.875,-200045.140625
0.00209999992512167,-499095.09375,699824.625,-199784.484375
0.00210099993273616,-499293,699761.25,-199523.796875
0.00210199994035065,-499490.84375,699697.8125,-199263.078125
0.00210299994796515,-499688.59375,699634.25,-199002.34375
0.00210399995557964,-499886.28125,699570.5625,-198741.5625
0.00210499996319413,-500083.90625,699506.8125,-198480.765625
0.00210599997080863,-500281.4375,699442.9375,-198219.9375
0.00210699997842312,-500478.9375,699378.9375,-197959.09375
0.00210799998603761,-500676.34375,699314.875,-197698.203125
0.00210899999365211,-500873.65625,699250.75,-197437.296875
0.0021100000012666,-501070.9375,699186.4375,-197176.359375
0.00211100000888109,-501268.125,699122.125,-196915.390625
0.00211200001649559,-501465.25,699057.625,-196654.40625
0.00211300002411008,-501662.28125,698993.0625,-196393.375
0.00211400003172457,-501859.28125,698928.4375,-196132.328125
0.00211500003933907,-502056.1875,698863.625,-195871.25
0.00211600004695356,-502253,698798.8125,-195610.140625
0.00211700005456805,-502449.78125,698733.8125,-195349.015625
0.00211800006218255,-502646.46875,698668.75,-195087.84375
0.00211900006979704,-502843.09375,698603.625,-194826.65625
0.00212000007741153,-503039.625,698538.375,-194565.4375
0.00212100008502603,-503236.125,698473,-194304.203125
0.00212200009264052,-503432.53125,698407.5625,-194042.921875
0.00212300010025501,-503628.875,698342,-193781.625
0.00212400010786951,-503825.125,698276.3125,-193520.296875
0.002125000115484,-504021.3125,698210.5625,-193258.9375
0.00212599989026785,-504217.4375,698144.75,-192997.5625
0.00212699989788234,-504413.5,698078.75,-192736.140625
0.00212799990549684,-504609.46875,698012.6875,-192474.703125
0.00212899991311133,-504805.375,697946.5625,-192213.25
0.00212999992072582,-505001.1875,697880.3125,-191951.75
0.00213099992834032,-505196.96875,697813.9375,-191690.234375
0.00213199993595481,-505392.65625,697747.5,-191428.6875
0.0021329999435693,-505588.28125,697681,-191167.109375
0.0021339999511838,-505783.8125,697614.3125,-190905.515625
0.00213499995879829,-505979.28125,697547.5625,-190643.890625
0.00213599996641278,-506174.6875,697480.75,-190382.234375
0.00213699997402728,-506370.03125,697413.8125,-190120.546875
0.00213799998164177,-506565.28125,697346.75,-189858.828125
0.00213899998925626,-506760.46875,697279.625,-189597.09375
0.00213999999687076,-506955.59375,697212.375,-189335.328125
0.00214100000448525,-507150.625,697145,-189073.546875
0.00214200001209974,-507345.59375,697077.5625,-188811.734375
0.00214300001971424,-507540.5,697010.0625,-188549.890625
0.00214400002732873,-507735.34375,696942.375,-188288.015625
0.00214500003494322,-507930.09375,696874.6875,-188026.109375
0.00214600004255772,-508124.78125,696806.8125,-187764.1875
0.00214700005017221,-508319.375,696738.875,-187502.234375
0.0021480000577867,-508513.90625,696670.875,-187240.265625
0.0021490000654012,-508708.375,696602.75,-186978.25
0.00215000007301569,-508902.78125,696534.5,-186716.21875
0.00215100008063018,-509097.09375,696466.1875,-186454.171875
0.00215200008824468,-509291.34375,696397.75,-186192.078125
0.00215300009585917,-509485.53125,696329.1875,-185929.96875
0.00215400010347366,-509679.625,696260.5625,-185667.828125
0.00215500011108816,-509873.65625,696191.875,-185405.671875
0.00215599988587201,-510067.625,696123,-185143.484375
0.0021569998934865,-510261.5,696054.125,-184881.265625
0.00215799990110099,-510455.3125,695985.0625,-184619.015625
0.00215899990871549,-510649.0625,695915.9375,-184356.75
0.00215999991632998,-510842.71875,695846.75,-184094.453125
0.00216099992394447,-511036.34375,695777.4375,-183832.140625
0.00216199993155897,-511229.84375,695708,-183569.78125
0.00216299993917346,-511423.3125,695638.5,-183307.40625
0.00216399994678795,-511616.6875,695568.875,-183045.015625
0.00216499995440245,-511810,695499.125,-182782.59375
0.00216599996201694,-512003.21875,695429.3125,-182520.140625
0.00216699996963143,-512196.375,695359.4375,-182257.65625
0.00216799997724593,-512389.46875,695289.375,-181995.15625
0.00216899998486042,-512582.5,695219.3125,-181732.625
0.00216999999247491,-512775.4375,695149.0625,-181470.0625
0.00217100000008941,-512968.3125,695078.75,-181207.484375
0.0021720000077039,-513161.09375,695008.375,-180944.875
0.00217300001531839,-513353.8125,694937.875,-180682.25
0.00217400002293289,-513546.46875,694867.25,-180419.59375
0.00217500003054738,-513739.0625,694796.5625,-180156.90625
0.00217600003816187,-513931.5625,694725.75,-179894.203125
0.00217700004577637,-514124,694654.8125,-179631.46875
0.00217800005339086,-514316.34375,694583.8125,-179368.703125
0.00217900006100535,-514508.625,694512.75,-179105.921875
0.00218000006861985,-514700.84375,694441.5625,-178843.109375
0.00218100007623434,-514892.96875,694370.25,-178580.265625
0.00218200008384883,-515085.0625,694298.875,-178317.40625
0.00218300009146333,-515277.03125,694227.375,-178054.515625
0.00218400009907782,-515468.96875,694155.75,-177791.609375
0.00218500010669231,-515660.8125,694084.0625,-177528.671875
0.00218600011430681,-515852.59375,694012.3125,-177265.703125
0.00218699988909066,-516044.28125,693940.375,-177002.71875
0.00218799989670515,-516235.90625,693868.4375,-176739.703125
0.00218899990431964,-516427.46875,693796.3125,-176476.65625
0.00218999991193414,-516618.9375,693724.125,-176213.59375
0.00219099991954863,-516810.34375,693651.875,-175950.5
0.00219199992716312,-517001.6875,693579.5,-175687.390625
0.00219299993477762,-517192.9375,693507,-175424.25
0.00219399994239211,-517384.125,693434.4375,-175161.09375
0.0021949999500066,-517575.25,693361.75,-174897.90625
0.0021959999576211,-517766.28125,693289,-174634.6875
0.00219699996523559,-517957.25,693216.125,-174371.453125
0.00219799997285008,-518148.125,693143.125,-174108.1875
0.00219899998046458,-518338.9375,693070.0625,-173844.890625
0.00219999998807907,-518529.6875,692996.875,-173581.578125
0.00220099999569356,-518720.375,692923.625,-173318.25
0.00220200000330806,-518910.96875,692850.25,-173054.875
0.00220300001092255,-519101.46875,692776.8125,-172791.5
0.00220400001853704,-519291.9375,692703.25,-172528.078125
0.00220500002615154,-519482.3125,692629.5625,-172264.65625
0.00220600003376603,-519672.59375,692555.8125,-172001.1875
0.00220700004138052,-519862.84375,692481.9375,-171737.703125
0.00220800004899502,-520053,692408,-171474.1875
0.00220900005660951,-520243.0625,692333.9375,-171210.65625
0.002210000064224,-520433.0625,692259.75,-170947.109375
0.0022110000718385,-520623,692185.5,-170683.515625
0.00221200007945299,-520812.875,692111.1875,-170419.921875
0.00221300008706748,-521002.65625,692036.75,-170156.28125
0.00221400009468198,-521192.375,691962.1875,-169892.625
0.00221500010229647,-521382,691887.5,-169628.953125
0.00221600010991096,-521571.5625,691812.8125,-169365.25
0.00221699988469481,-521761.03125,691737.9375,-169101.515625
0.00221799989230931,-521950.46875,691663,-168837.765625
0.0022189998999238,-522139.8125,691587.9375,-168574
0.00221999990753829,-522329.0625,691512.8125,-168310.1875
0.00222099991515279,-522518.25,691437.5625,-168046.375
0.00222199992276728,-522707.375,691362.25,-167782.53125
0.00222299993038177,-522896.40625,691286.8125,-167518.65625
0.00222399993799627,-523085.375,691211.3125,-167254.765625
0.00222499994561076,-523274.28125,691135.6875,-166990.84375
0.00222599995322526,-523463.09375,691059.9375,-166726.90625
0.00222699996083975,-523651.84375,690984.125,-166462.9375
0.00222799996845424,-523840.5,690908.1875,-166198.9375
0.00222899997606874,-524029.09375,690832.1875,-165934.9375
0.00222999998368323,-524217.625,690756.0625,-165670.890625
0.00223099999129772,-524406.0625,690679.8125,-165406.828125
0.00223199999891222,-524594.4375,690603.5,-165142.75
0.00223300000652671,-524782.75,690527.125,-164878.640625
0.0022340000141412,-524970.9375,690450.5625,-164614.515625
0.0022350000217557,-525159.125,690374,-164350.359375
0.00223600002937019,-525347.1875,690297.25,-164086.1875
0.00223700003698468,-525535.1875,690220.4375,-163821.984375
0.00223800004459918,-525723.125,690143.5625,-163557.75
0.00223900005221367,-525910.9375,690066.5625,-163293.515625
0.00224000005982816,-526098.75,689989.4375,-163029.234375
0.00224100006744266,-526286.4375,689912.25,-162764.953125
0.00224200007505715,-526474.0625,689834.9375,-162500.625
0.00224300008267164,-526661.625,689757.5625,-162236.296875
0.00224400009028614,-526849.0625,689680.0625,-161971.921875
0.00224500009790063,-527036.5,689602.5,-161707.546875
0.00224600010551512,-527223.8125,689524.8125,-161443.140625
0.00224700011312962,-527411.0625,689447,-161178.703125
0.00224799988791347,-527598.25,689369.125,-160914.25
0.00224899989552796,-527785.375,689291.125,-160649.765625
0.00224999990314245,-527972.375,689213.0625,-160385.265625
0.00225099991075695,-528159.3125,689134.875,-160120.75
0.00225199991837144,-528346.1875,689056.625,-159856.203125
0.00225299992598593,-528533,688978.25,-159591.625
0.00225399993360043,-528719.75,688899.75,-159327.046875
0.00225499994121492,-528906.375,688821.1875,-159062.421875
0.00225599994882941,-529092.9375,688742.5,-158797.796875
0.00225699995644391,-529279.4375,688663.75,-158533.125
0.0022579999640584,-529465.875,688584.875,-158268.453125
0.00225899997167289,-529652.25,688505.9375,-158003.75
0.00225999997928739,-529838.5,688426.875,-157739.015625
0.00226099998690188,-530024.6875,688347.6875,-157474.265625
0.00226199999451637,-530210.8125,688268.4375,-157209.5
0.00226300000213087,-530396.875,688189.0625,-156944.703125
0.00226400000974536,-530582.875,688109.625,-156679.890625
0.00226500001735985,-530768.75,688030.0625,-156415.046875
0.00226600002497435,-530954.5625,687950.4375,-156150.1875
0.00226700003258884,-531140.3125,687870.6875,-155885.3125
0.00226800004020333,-531326,687790.875,-155620.40625
0.00226900004781783,-531511.5625,687710.9375,-155355.484375
0.00227000005543232,-531697.125,687630.875,-155090.53125
0.00227100006304681,-531882.5625,687550.75,-154825.5625
0.00227200007066131,-532067.9375,687470.5,-154560.5625
0.0022730000782758,-532253.1875,687390.1875,-154295.546875
0.00227400008589029,-532438.4375,687309.75,-154030.515625
0.00227500009350479,-532623.5625,687229.25,-153765.453125
0.00227600010111928,-532808.625,687148.625,-153500.375
0.00227700010873377,-532993.625,687067.875,-153235.265625
0.00227800011634827,-533178.5625,686987.0625,-152970.140625
0.00227899989113212,-533363.375,686906.125,-152705
0.00227999989874661,-533548.125,686825.125,-152439.828125
0.0022809999063611,-533732.8125,686744,-152174.640625
0.0022819999139756,-533917.4375,686662.8125,-151909.4375
0.00228299992159009,-534102,686581.5,-151644.203125
0.00228399992920458,-534286.4375,686500.0625,-151378.9375
0.00228499993681908,-534470.8125,686418.5625,-151113.671875
0.00228599994443357,-534655.125,686337,-150848.375
0.00228699995204806,-534839.375,686255.3125,-150583.046875
0.00228799995966256,-535023.5,686173.5,-150317.71875
0.00228899996727705,-535207.625,686091.625,-150052.359375
0.00228999997489154,-535391.625,686009.625,-149786.96875
0.00229099998250604,-535575.5625,685927.5,-149521.5625
0.00229199999012053,-535759.375,685845.3125,-149256.140625
0.00229299999773502,-535943.1875,685763.0625,-148990.6875
0.00229400000534952,-536126.875,685680.6875,-148725.234375
0.00229500001296401,-536310.5,685598.1875,-148459.734375
0.0022960000205785,-536494.0625,685515.625,-148194.234375
0.002297000028193,-536677.5,685432.9375,-147928.703125
0.00229800003580749,-536860.875,685350.1875,-147663.140625
0.00229900004342198,-537044.25,685267.3125,-147397.578125
0.00230000005103648,-537227.4375,685184.375,-147131.984375
0.00230100005865097,-537410.625,685101.3125,-146866.359375
0.00230200006626546,-537593.75,685018.125,-146600.734375
0.00230300007387996,-537776.75,684934.875,-146335.078125
0.00230400008149445,-537959.6875,684851.5,-146069.390625
0.00230500008910894,-538142.5,684768.0625,-145803.703125
0.00230600009672344,-538325.3125,684684.5,-145537.984375
0.00230700010433793,-538508,684600.875,-145272.234375
0.00230800011195242,-538690.625,684517.125,-145006.484375
0.00230899988673627,-538873.1875,684433.25,-144740.703125
0.00230999989435077,-539055.6875,684349.3125,-144474.890625
0.00231099990196526,-539238.0625,684265.3125,-144209.078125
0.00231199990957975,-539420.4375,684181.1875,-143943.234375
0.00231299991719425,-539602.625,684096.9375,-143677.375
0.00231399992480874,-539784.8125,684012.625,-143411.484375
0.00231499993242323,-539966.9375,683928.1875,-143145.578125
0.00231599994003773,-540148.9375,683843.6875,-142879.65625
0.00231699994765222,-540330.875,683759.0625,-142613.71875
0.00231799995526671,-540512.75,683674.3125,-142347.75
0.00231899996288121,-540694.5,683589.5,-142081.765625
0.0023199999704957,-540876.25,683504.625,-141815.765625
0.00232099997811019,-541057.875,683419.625,-141549.734375
0.00232199998572469,-541239.4375,683334.5,-141283.6875
0.00232299999333918,-541420.9375,683249.3125,-141017.625
0.00232400000095367,-541602.3125,683164,-140751.546875
0.00232500000856817,-541783.625,683078.625,-140485.4375
0.00232600001618266,-541964.875,682993.125,-140219.3125
0.00232700002379715,-542146.0625,682907.5,-139953.171875
0.00232800003141165,-542327.125,682821.8125,-139687
0.00232900003902614,-542508.1875,682736.0625,-139420.8125
0.00233000004664063,-542689.125,682650.1875,-139154.609375
0.00233100005425513,-542870,682564.1875,-138888.390625
0.00233200006186962,-543050.75,682478.125,-138622.140625
0.00233300006948411,-543231.4375,682391.9375,-138355.875
0.00233400007709861,-543412.125,682305.6875,-138089.59375
0.0023350000847131,-543592.625,682219.3125,-137823.296875
0.00233600009232759,-543773.125,682132.875,-137556.96875
0.00233700009994209,-543953.5,682046.3125,-137290.625
0.00233800010755658,-544133.875,681959.625,-137024.265625
0.00233900011517107,-544314.125,681872.875,-136757.890625
0.00233999988995492,-544494.25,681786,-136491.484375
0.00234099989756942,-544674.375,681699.0625,-136225.0625
0.00234199990518391,-544854.375,681612.0625,-135958.625
0.0023429999127984,-545034.3125,681524.875,-135692.171875
0.0023439999204129,-545214.1875,681437.6875,-135425.6875
0.00234499992802739,-545393.9375,681350.3125,-135159.1875
0.00234599993564188,-545573.625,681262.875,-134892.671875
0.00234699994325638,-545753.25,681175.375,-134626.140625
0.00234799995087087,-545932.8125,681087.75,-134359.578125
0.00234899995848536,-546112.3125,681000,-134093.015625
0.00234999996609986,-546291.6875,680912.1875,-133826.421875
0.00235099997371435,-546471,680824.25,-133559.796875
0.00235199998132885,-546650.25,680736.25,-133293.171875
0.00235299998894334,-546829.375,680648.1875,-133026.515625
0.00235399999655783,-547008.5,680559.9375,-132759.859375
0.00235500000417233,-547187.5,680471.625,-132493.171875
0.00235600001178682,-547366.375,680383.25,-132226.453125
0.00235700001940131,-547545.25,680294.75,-131959.734375
0.00235800002701581,-547724,680206.1875,-131692.984375
0.0023590000346303,-547902.6875,680117.5,-131426.234375
0.00236000004224479,-548081.3125,680028.6875,-131159.453125
0.00236100004985929,-548259.875,679939.8125,-130892.6484375
0.00236200005747378,-548438.3125,679850.8125,-130625.828125
0.00236300006508827,-548616.6875,679761.75,-130358.9921875
0.00236400007270277,-548795,679672.5625,-130092.1328125
0.00236500008031726,-548973.25,679583.3125,-129825.2578125
0.00236600008793175,-549151.375,679493.9375,-129558.3671875
0.00236700009554625,-549329.4375,679404.5,-129291.453125
0.00236800010316074,-549507.4375,679314.9375,-129024.5234375
0.00236900011077523,-549685.375,679225.25,-128757.578125
0.00236999988555908,-549863.1875,679135.5,-128490.609375
0.00237099989317358,-550040.9375,679045.6875,-128223.625
0.00237199990078807,-550218.625,678955.6875,-127956.625
0.00237299990840256,-550396.25,678865.6875,-127689.6015625
0.00237399991601706,-550573.75,678775.5,-127422.5625
0.00237499992363155,-550751.1875,678685.3125,-127155.5078125
0.00237599993124604,-550928.5625,678594.9375,-126888.4296875
0.00237699993886054,-551105.875,678504.5625,-126621.3359375
0.00237799994647503,-551283.0625,678414,-126354.2265625
0.00237899995408952,-551460.1875,678323.375,-126087.1015625
0.00237999996170402,-551637.25,678232.6875,-125819.953125
0.00238099996931851,-551814.25,678141.875,-125552.7890625
0.002381999976933,-551991.125,678050.9375,-125285.609375
0.0023829999845475,-552167.9375,677959.9375,-125018.40625
0.00238399999216199,-552344.6875,677868.875,-124751.1875
0.00238499999977648,-552521.3125,677777.6875,-124483.953125
0.00238600000739098,-552697.9375,677686.375,-124216.6953125
0.00238700001500547,-552874.4375,677595,-123949.4296875
0.00238800002261996,-553050.875,677503.5,-123682.140625
0.00238900003023446,-553227.1875,677411.875,-123414.828125
0.00239000003784895,-553403.4375,677320.25,-123147.5078125
0.00239100004546344,-553579.625,677228.4375,-122880.1640625
0.00239200005307794,-553755.75,677136.5625,-122612.8046875
0.00239300006069243,-553931.8125,677044.625,-122345.4296875
0.00239400006830692,-554107.75,676952.5625,-122078.0390625
0.00239500007592142,-554283.625,676860.375,-121810.625
0.00239600008353591,-554459.4375,676768.125,-121543.1953125
0.0023970000911504,-554635.125,676675.75,-121275.75
0.0023980000987649,-554810.75,676583.3125,-121008.28125
0.00239900010637939,-554986.3125,676490.75,-120740.8046875
0.00240000011399388,-555161.8125,676398.125,-120473.3046875
0.00240099988877773,-555337.1875,676305.375,-120205.7890625
0.00240199989639223,-555512.5,676212.5625,-119938.2578125
0.00240299990400672,-555687.75,676119.625,-119670.7109375
0.00240399991162121,-555862.9375,676026.5625,-119403.140625
0.00240499991923571,-556038,675933.5,-119135.5625
0.0024059999268502,-556213,675840.25,-118867.9609375
0.00240699993446469,-556387.9375,675746.9375,-118600.34375
0.00240799994207919,-556562.8125,675653.5,-118332.7109375
0.00240899994969368,-556737.5625,675560,-118065.0546875
0.00240999995730817,-556912.25,675466.4375,-117797.390625
0.00241099996492267,-557086.875,675372.6875,-117529.703125
0.00241199997253716,-557261.375,675278.9375,-117262.0078125
0.00241299998015165,-557435.875,675185,-116994.2890625
0.00241399998776615,-557610.1875,675091.0625,-116726.5546875
0.00241499999538064,-557784.5,674996.9375,-116458.8046875
0.00241600000299513,-557958.75,674902.75,-116191.0390625
0.00241700001060963,-558132.875,674808.5,-115923.2578125
0.00241800001822412,-558306.9375,674714.125,-115655.453125
0.00241900002583861,-558480.875,674619.6875,-115387.640625
0.00242000003345311,-558654.8125,674525.125,-115119.8046875
0.0024210000410676,-558828.625,674430.4375,-114851.9609375
0.00242200004868209,-559002.3125,674335.6875,-114584.09375
0.00242300005629659,-559176,674240.8125,-114316.2109375
0.00242400006391108,-559349.5625,674145.875,-114048.3203125
0.00242500007152557,-559523.0625,674050.875,-113780.40625
0.00242600007914007,-559696.5,673955.75,-113512.4765625
0.00242700008675456,-559869.8125,673860.5,-113244.53125
0.00242800009436905,-560043.125,673765.1875,-112976.5625
0.00242900010198355,-560216.25,673669.75,-112708.5859375
0.00243000010959804,-560389.375,673574.1875,-112440.59375
0.00243099988438189,-560562.375,673478.625,-112172.5859375
0.00243199989199638,-560735.3125,673382.875,-111904.5546875
0.00243299989961088,-560908.1875,673287.0625,-111636.515625
0.00243399990722537,-561081,673191.1875,-111368.453125
0.00243499991483986,-561253.6875,673095.1875,-111100.3828125
0.00243599992245436,-561426.3125,672999.0625,-110832.2890625
0.00243699993006885,-561598.875,672902.875,-110564.1875
0.00243799993768334,-561771.3125,672806.625,-110296.0625
0.00243899994529784,-561943.6875,672710.25,-110027.921875
0.00243999995291233,-562116,672613.75,-109759.7734375
0.00244099996052682,-562288.25,672517.1875,-109491.6015625
0.00244199996814132,-562460.375,672420.5,-109223.4140625
0.00244299997575581,-562632.4375,672323.75,-108955.21875
0.0024439999833703,-562804.4375,672226.875,-108687
0.0024449999909848,-562976.375,672129.9375,-108418.7734375
0.00244599999859929,-563148.1875,672032.875,-108150.5234375
0.00244700000621378,-563319.9375,671935.75,-107882.2578125
0.00244800001382828,-563491.5625,671838.5,-107613.984375
0.00244900002144277,-563663.1875,671741.1875,-107345.6953125
0.00245000002905726,-563834.6875,671643.75,-107077.3828125
0.00245100003667176,-564006.125,671546.1875,-106809.0625
0.00245200004428625,-564177.4375,671448.5625,-106540.7265625
0.00245300005190074,-564348.6875,671350.875,-106272.3671875
0.00245400005951524,-564519.875,671253.0625,-106004
0.00245500006712973,-564691,671155.125,-105735.6171875
0.00245600007474422,-564862,671057.125,-105467.21875
0.00245700008235872,-565032.9375,670959.0625,-105198.8046875
0.00245800008997321,-565203.8125,670860.8125,-104930.3828125
0.0024590000975877,-565374.625,670762.5625,-104661.9375
0.0024600001052022,-565545.3125,670664.1875,-104393.4765625
0.00246100011281669,-565715.9375,670565.6875,-104125.0078125
0.00246199988760054,-565886.5,670467.125,-103856.5234375
0.00246299989521503,-566056.9375,670368.4375,-103588.015625
0.00246399990282953,-566227.3125,670269.6875,-103319.5
0.00246499991044402,-566397.625,670170.8125,-103050.96875
0.00246599991805851,-566567.8125,670071.875,-102782.4296875
0.00246699992567301,-566738,669972.8125,-102513.8671875
0.0024679999332875,-566908.0625,669873.625,-102245.2890625
0.00246899994090199,-567078,669774.375,-101976.703125
0.00246999994851649,-567247.9375,669675.0625,-101708.1015625
0.00247099995613098,-567417.75,669575.625,-101439.484375
0.00247199996374547,-567587.4375,669476.125,-101170.8515625
0.00247299997135997,-567757.125,669376.5,-100902.203125
0.00247399997897446,-567926.6875,669276.75,-100633.5390625
0.00247499998658895,-568096.1875,669176.9375,-100364.8671875
0.00247599999420345,-568265.625,669077.0625,-100096.1796875
0.00247700000181794,-568434.9375,668977,-99827.46875
0.00247800000943244,-568604.1875,668876.9375,-99558.7578125
0.00247900001704693,-568773.375,668776.75,-99290.0234375
0.00248000002466142,-568942.4375,668676.4375,-99021.2734375
0.00248100003227592,-569111.4375,668576.0625,-98752.515625
0.00248200003989041,-569280.375,668475.5625,-98483.7421875
0.0024830000475049,-569449.1875,668375,-98214.953125
0.0024840000551194,-569618,668274.3125,-97946.1484375
0.00248500006273389,-569786.6875,668173.5625,-97677.3359375
0.00248600007034838,-569955.25,668072.6875,-97408.5078125
0.00248700007796288,-570123.8125,667971.75,-97139.6640625
0.00248800008557737,-570292.25,667870.6875,-96870.8046875
0.00248900009319186,-570460.625,667769.5625,-96601.9296875
0.00249000010080636,-570628.875,667668.3125,-96333.046875
0.00249100010842085,-570797.0625,667567,-96064.1484375
0.00249200011603534,-570965.1875,667465.5625,-95795.234375
0.00249299989081919,-571133.25,667364.0625,-95526.3125
0.00249399989843369,-571301.1875,667262.4375,-95257.3671875
0.00249499990604818,-571469.0625,667160.6875,-94988.4140625
0.00249599991366267,-571636.875,667058.875,-94719.4453125
0.00249699992127717,-571804.5625,666957,-94450.46875
0.00249799992889166,-571972.1875,666855,-94181.4765625
0.00249899993650615,-572139.75,666752.875,-93912.46875
0.00249999994412065,-572307.1875,666650.6875,-93643.4453125
0.00250099995173514,-572474.5625,666548.4375,-93374.4140625
0.00250199995934963,-572641.875,666446.0625,-93105.3671875
0.00250299996696413,-572809.125,666343.5625,-92836.3046875
0.00250399997457862,-572976.25,666241,-92567.234375
0.00250499998219311,-573143.3125,666138.375,-92298.1484375
0.00250599998980761,-573310.3125,666035.625,-92029.046875
0.0025069999974221,-573477.1875,665932.75,-91759.9296875
0.00250800000503659,-573644,665829.8125,-91490.8046875
0.00250900001265109,-573810.75,665726.75,-91221.6640625
0.00251000002026558,-573977.4375,665623.625,-90952.515625
0.00251100002788007,-574144,665520.375,-90683.3515625
0.00251200003549457,-574310.4375,665417.0625,-90414.171875
0.00251300004310906,-574476.875,665313.625,-90144.9765625
0.00251400005072355,-574643.1875,665210.125,-89875.7734375
0.00251500005833805,-574809.4375,665106.5625,-89606.5625
0.00251600006595254,-574975.625,665002.8125,-89337.328125
0.00251700007356703,-575141.6875,664899.0625,-89068.0859375
0.00251800008118153,-575307.6875,664795.125,-88798.8359375
0.00251900008879602,-575473.625,664691.1875,-88529.5703125
0.00252000009641051,-575639.4375,664587.0625,-88260.2890625
0.00252100010402501,-575805.1875,664482.875,-87990.9921875
0.0025220001116395,-575970.875,664378.625,-87721.6875
0.00252299988642335,-576136.5,664274.25,-87452.375
0.00252399989403784,-576302,664169.8125,-87183.0390625
0.00252499990165234,-576467.375,664065.25,-86913.6953125
0.00252599990926683,-576632.75,663960.625,-86644.34375
0.00252699991688132,-576798,663855.875,-86374.9765625
0.00252799992449582,-576963.1875,663751.0625,-86105.6015625
0.00252899993211031,-577128.3125,663646.125,-85836.203125
0.0025299999397248,-577293.3125,663541.0625,-85566.8046875
0.0025309999473393,-577458.25,663435.9375,-85297.3828125
0.00253199995495379,-577623.125,663330.75,-85027.9609375
0.00253299996256828,-577787.875,663225.4375,-84758.515625
0.00253399997018278,-577952.5625,663120.0625,-84489.0625
0.00253499997779727,-578117.1875,663014.5625,-84219.6015625
0.00253599998541176,-578281.6875,662908.9375,-83950.125
0.00253699999302626,-578446.125,662803.25,-83680.640625
0.00253800000064075,-578610.5,662697.5,-83411.140625
0.00253900000825524,-578774.75,662591.625,-83141.625
0.00254000001586974,-578939,662485.6875,-82872.1015625
0.00254100002348423,-579103.0625,662379.625,-82602.5625
0.00254200003109872,-579267.125,662273.4375,-82333.015625
0.00254300003871322,-579431.0625,662167.1875,-82063.4609375
0.00254400004632771,-579594.9375,662060.875,-81793.890625
0.0025450000539422,-579758.75,661954.4375,-81524.3046875
0.0025460000615567,-579922.4375,661847.875,-81254.7109375
0.00254700006917119,-580086.0625,661741.25,-80985.109375
0.00254800007678568,-580249.5625,661634.5625,-80715.4921875
0.00254900008440018,-580413.0625,661527.75,-80445.859375
0.00255000009201467,-580576.4375,661420.8125,-80176.21875
0.00255100009962916,-580739.6875,661313.8125,-79906.5703125
0.00255200010724366,-580902.875,661206.75,-79636.90625
0.00255300011485815,-581066,661099.5625,-79367.234375
0.002553999889642,-581229.0625,660992.25,-79097.546875
0.00255499989725649,-581392.0625,660884.875,-78827.8515625
0.00255599990487099,-581554.9375,660777.4375,-78558.140625
0.00255699991248548,-581717.6875,660669.875,-78288.421875
0.00255799992009997,-581880.4375,660562.1875,-78018.6953125
0.00255899992771447,-582043.0625,660454.4375,-77748.953125
0.00255999993532896,-582205.5625,660346.5625,-77479.203125
0.00256099994294345,-582368.0625,660238.625,-77209.4375
0.00256199995055795,-582530.4375,660130.625,-76939.6640625
0.00256299995817244,-582692.75,660022.5,-76669.8828125
0.00256399996578693,-582854.9375,659914.25,-76400.0859375
0.00256499997340143,-583017.0625,659805.9375,-76130.2734375
0.00256599998101592,-583179.125,659697.5625,-75860.4609375
0.00256699998863041,-583341.125,659589.0625,-75590.6328125
0.00256799999624491,-583503,659480.4375,-75320.7890625
0.0025690000038594,-583664.75,659371.75,-75050.9453125
0.00257000001147389,-583826.5,659262.9375,-74781.078125
0.00257100001908839,-583988.125,659154.0625,-74511.2109375
0.00257200002670288,-584149.6875,659045.125,-74241.328125
0.00257300003431737,-584311.125,658936.0625,-73971.4375
0.00257400004193187,-584472.5625,658826.875,-73701.53125
0.00257500004954636,-584633.8125,658717.625,-73431.6171875
0.00257600005716085,-584795.0625,658608.3125,-73161.6953125
0.00257700006477535,-584956.1875,658498.875,-72891.765625
0.00257800007238984,-585117.25,658389.3125,-72621.8203125
0.00257900008000433,-585278.25,658279.6875,-72351.859375
0.00258000008761883,-585439.125,658170,-72081.8984375
0.00258100009523332,-585599.9375,658060.1875,-71811.921875
0.00258200010284781,-585760.625,657950.25,-71541.9375
0.00258300011046231,-585921.25,657840.25,-71271.9375
0.00258399988524616,-586081.8125,657730.125,-71001.9375
0.00258499989286065,-586242.3125,657619.9375,-70731.921875
0.00258599990047514,-586402.6875,657509.6875,-70461.890625
0.00258699990808964,-586563,657399.3125,-70191.859375
0.00258799991570413,-586723.1875,657288.8125,-69921.8125
0.00258899992331862,-586883.375,657178.25,-69651.7578125
0.00258999993093312,-587043.375,657067.625,-69381.6875
0.00259099993854761,-587203.375,656956.875,-69111.6171875
0.0025919999461621,-587363.25,656846.0625,-68841.53125
0.0025929999537766,-587523.0625,656735.125,-68571.4296875
0.00259399996139109,-587682.75,656624.0625,-68301.328125
0.00259499996900558,-587842.4375,656512.9375,-68031.2109375
0.00259599997662008,-588002,656401.75,-67761.0859375
0.00259699998423457,-588161.4375,656290.4375,-67490.953125
0.00259799999184906,-588320.8125,656179,-67220.8125
0.00259899999946356,-588480.125,656067.5,-66950.65625
0.00260000000707805,-588639.375,655955.9375,-66680.4921875
0.00260100001469254,-588798.5,655844.25,-66410.3203125
0.00260200002230704,-588957.5,655732.5,-66140.140625
0.00260300002992153,-589116.5,655620.625,-65869.953125
0.00260400003753603,-589275.375,655508.625,-65599.75
0.00260500004515052,-589434.1875,655396.625,-65329.54296875
0.00260600005276501,-589592.875,655284.4375,-65059.32421875
0.00260700006037951,-589751.5,655172.1875,-64789.09375
0.002608000067994,-589910.0625,655059.875,-64518.85546875
0.00260900007560849,-590068.5625,654947.4375,-64248.609375
0.00261000008322299,-590226.9375,654834.9375,-63978.35546875
0.00261100009083748,-590385.25,654722.3125,-63708.08984375
0.00261200009845197,-590543.4375,654609.625,-63437.81640625
0.00261300010606647,-590701.5625,654496.8125,-63167.53515625
0.00261400011368096,-590859.625,654383.9375,-62897.2421875
0.00261499988846481,-591017.5625,654270.9375,-62626.94140625
0.0026159998960793,-591175.4375,654157.875,-62356.6328125
0.0026169999036938,-591333.25,654044.6875,-62086.3125
0.00261799991130829,-591490.9375,653931.4375,-61815.984375
0.00261899991892278,-591648.5625,653818.0625,-61545.6484375
0.00261999992653728,-591806.125,653704.625,-61275.3046875
0.00262099993415177,-591963.5625,653591.0625,-61004.953125
0.00262199994176626,-592120.9375,653477.4375,-60734.58984375
0.00262299994938076,-592278.25,653363.6875,-60464.21875
0.00262399995699525,-592435.4375,653249.875,-60193.83984375
0.00262499996460974,-592592.5625,653136,-59923.453125
0.00262599997222424,-592749.625,653021.9375,-59653.0546875
0.00262699997983873,-592906.5625,652907.875,-59382.6484375
0.00262799998745322,-593063.4375,652793.6875,-59112.23828125
0.00262899999506772,-593220.1875,652679.375,-58841.81640625
0.00263000000268221,-593376.875,652565,-58571.3828125
0.0026310000102967,-593533.5,652450.5625,-58300.9453125
0.0026320000179112,-593690.0625,652336,-58030.5
0.00263300002552569,-593846.5,652221.3125,-57760.04296875
0.00263400003314018,-594002.875,652106.5625,-57489.58203125
0.00263500004075468,-594159.125,651991.75,-57219.109375
0.00263600004836917,-594315.3125,651876.8125,-56948.62890625
0.00263700005598366,-594471.4375,651761.75,-56678.14453125
0.00263800006359816,-594627.4375,651646.625,-56407.6484375
0.00263900007121265,-594783.375,651531.4375,-56137.14453125
0.00264000007882714,-594939.25,651416.125,-55866.6328125
0.00264100008644164,-595095,651300.75,-55596.11328125
0.00264200009405613,-595250.6875,651185.25,-55325.5859375
0.00264300010167062,-595406.3125,651069.6875,-55055.05078125
0.00264400010928512,-595561.8125,650954,-54784.5078125
0.00264499988406897,-595717.25,650838.25,-54513.95703125
0.00264599989168346,-595872.625,650722.375,-54243.3984375
0.00264699989929795,-596027.875,650606.4375,-53972.83203125
0.00264799990691245,-596183.0625,650490.375,-53702.2578125
0.00264899991452694,-596338.125,650374.25,-53431.67578125
0.00264999992214143,-596493.125,650258,-53161.0859375
0.00265099992975593,-596648.0625,650141.6875,-52890.48828125
0.00265199993737042,-596802.875,650025.25,-52619.8828125
0.00265299994498491,-596957.625,649908.75,-52349.2734375
0.00265399995259941,-597112.3125,649792.125,-52078.65234375
0.0026549999602139,-597266.875,649675.4375,-51808.02734375
0.00265599996782839,-597421.375,649558.6875,-51537.390625
0.00265699997544289,-597575.8125,649441.8125,-51266.75
0.00265799998305738,-597730.125,649324.8125,-50996.1015625
0.00265899999067187,-597884.375,649207.75,-50725.4453125
0.00265999999828637,-598038.5625,649090.625,-50454.78125
0.00266100000590086,-598192.625,648973.375,-50184.11328125
0.00266200001351535,-598346.625,648856.0625,-49913.43359375
0.00266300002112985,-598500.5,648738.625,-49642.75
0.00266400002874434,-598654.3125,648621.0625,-49372.05859375
0.00266500003635883,-598808.0625,648503.4375,-49101.359375
0.00266600004397333,-598961.75,648385.75,-48830.65625
0.00266700005158782,-599115.3125,648267.9375,-48559.94140625
0.00266800005920231,-599268.75,648150.0625,-48289.22265625
0.00266900006681681,-599422.1875,648032.0625,-48018.49609375
0.0026700000744313,-599575.4375,647914,-47747.765625
0.00267100008204579,-599728.6875,647795.875,-47477.0234375
0.00267200008966029,-599881.8125,647677.5625,-47206.27734375
0.00267300009727478,-600034.875,647559.25,-46935.5234375
0.00267400010488927,-600187.875,647440.8125,-46664.765625
0.00267500011250377,-600340.75,647322.25,-46394
0.00267599988728762,-600493.5,647203.625,-46123.2265625
0.00267699989490211,-600646.25,647084.9375,-45852.4453125
0.0026779999025166,-600798.875,646966.125,-45581.66015625
0.0026789999101311,-600951.375,646847.1875,-45310.8671875
0.00267999991774559,-601103.875,646728.1875,-45040.06640625
0.00268099992536008,-601256.25,646609.125,-44769.26171875
0.00268199993297458,-601408.5,646489.9375,-44498.44921875
0.00268299994058907,-601560.6875,646370.6875,-44227.62890625
0.00268399994820356,-601712.8125,646251.3125,-43956.8046875
0.00268499995581806,-601864.875,646131.875,-43685.97265625
0.00268599996343255,-602016.8125,646012.3125,-43415.13671875
0.00268699997104704,-602168.625,645892.6875,-43144.29296875
0.00268799997866154,-602320.4375,645772.9375,-42873.4453125
0.00268899998627603,-602472.125,645653.125,-42602.58984375
0.00268999999389052,-602623.6875,645533.1875,-42331.7265625
0.00269100000150502,-602775.25,645413.1875,-42060.859375
0.00269200000911951,-602926.625,645293.125,-41789.98828125
0.002693000016734,-603078,645172.9375,-41519.109375
0.0026940000243485,-603229.25,645052.625,-41248.22265625
0.00269500003196299,-603380.4375,644932.25,-40977.33203125
0.00269600003957748,-603531.5,644811.8125,-40706.43359375
0.00269700004719198,-603682.5,644691.25,-40435.53125
0.00269800005480647,-603833.4375,644570.5625,-40164.625
0.00269900006242096,-603984.25,644449.875,-39893.7109375
0.00270000007003546,-604135,644329,-39622.7890625
0.00270100007764995,-604285.625,644208.125,-39351.86328125
0.00270200008526444,-604436.25,644087.0625,-39080.93359375
0.00270300009287894,-604586.6875,643966,-38809.99609375
0.00270400010049343,-604737.125,643844.8125,-38539.0546875
0.00270500010810792,-604887.4375,643723.5,-38268.10546875
0.00270600011572242,-605037.625,643602.125,-37997.15234375
0.00270699989050627,-605187.8125,643480.625,-37726.1953125
0.00270799989812076,-605337.875,643359.0625,-37455.23046875
0.00270899990573525,-605487.8125,643237.4375,-37184.26171875
0.00270999991334975,-605637.6875,643115.6875,-36913.2890625
0.00271099992096424,-605787.5,642993.875,-36642.30859375
0.00271199992857873,-605937.1875,642871.9375,-36371.32421875
0.00271299993619323,-606086.8125,642749.875,-36100.33203125
0.00271399994380772,-606236.375,642627.8125,-35829.33984375
0.00271499995142221,-606385.8125,642505.5625,-35558.33984375
0.00271599995903671,-606535.1875,642383.3125,-35287.33203125
0.0027169999666512,-606684.4375,642260.9375,-35016.32421875
0.00271799997426569,-606833.6875,642138.4375,-34745.30859375
0.00271899998188019,-606982.75,642015.875,-34474.28515625
0.00271999998949468,-607131.8125,641893.1875,-34203.26171875
0.00272099999710917,-607280.75,641770.4375,-33932.23046875
0.00272200000472367,-607429.5625,641647.625,-33661.1953125
0.00272300001233816,-607578.3125,641524.6875,-33390.15625
0.00272400001995265,-607727,641401.6875,-33119.109375
0.00272500002756715,-607875.625,641278.5625,-32848.0625
0.00272600003518164,-608024.125,641155.375,-32577.005859375
0.00272700004279613,-608172.5,641032.0625,-32305.947265625
0.00272800005041063,-608320.875,640908.6875,-32034.884765625
0.00272900005802512,-608469.125,640785.1875,-31763.81640625
0.00273000006563962,-608617.25,640661.625,-31492.744140625
0.00273100007325411,-608765.3125,640537.9375,-31221.66796875
0.0027320000808686,-608913.3125,640414.1875,-30950.5859375
0.0027330000884831,-609061.1875,640290.375,-30679.501953125
0.00273400009609759,-609209,640166.4375,-30408.412109375
0.00273500010371208,-609356.75,640042.375,-30137.318359375
0.00273600011132658,-609504.375,639918.3125,-29866.21875
0.00273699988611042,-609651.9375,639794.0625,-29595.1171875
0.00273799989372492,-609799.375,639669.75,-29324.009765625
0.00273899990133941,-609946.75,639545.375,-29052.900390625
0.00273999990895391,-610094.0625,639420.9375,-28781.78515625
0.0027409999165684,-610241.25,639296.3125,-28510.666015625
0.00274199992418289,-610388.375,639171.6875,-28239.544921875
0.00274299993179739,-610535.4375,639046.9375,-27968.41796875
0.00274399993941188,-610682.375,638922.0625,-27697.287109375
0.00274499994702637,-610829.25,638797.125,-27426.15234375
0.00274599995464087,-610976,638672.125,-27155.013671875
0.00274699996225536,-611122.6875,638547,-26883.87109375
0.00274799996986985,-611269.25,638421.8125,-26612.724609375
0.00274899997748435,-611415.75,638296.5,-26341.57421875
0.00274999998509884,-611562.1875,638171.125,-26070.419921875
0.00275099999271333,-611708.5625,638045.625,-25799.263671875
0.00275200000032783,-611854.8125,637920.0625,-25528.1015625
0.00275300000794232,-612000.9375,637794.4375,-25256.9375
0.00275400001555681,-612147,637668.6875,-24985.767578125
0.00275500002317131,-612293,637542.8125,-24714.595703125
0.0027560000307858,-612438.9375,637416.875,-24443.419921875
0.00275700003840029,-612584.75,637290.875,-24172.240234375
0.00275800004601479,-612730.4375,637164.75,-23901.056640625
0.00275900005362928,-612876.125,637038.5625,-23629.87109375
0.00276000006124377,-613021.625,636912.25,-23358.681640625
0.00276100006885827,-613167.125,636785.875,-23087.48828125
0.00276200007647276,-613312.5,636659.375,-22816.291015625
0.00276300008408725,-613457.8125,636532.8125,-22545.091796875
0.00276400009170175,-613603,636406.1875,-22273.888671875
0.00276500009931624,-613748.125,636279.4375,-22002.68359375
0.00276600010693073,-613893.125,636152.625,-21731.47265625
0.00276700011454523,-614038.0625,636025.6875,-21460.26171875
0.00276799988932908,-614182.9375,635898.625,-21189.044921875
0.00276899989694357,-614327.6875,635771.5625,-20917.826171875
0.00276999990455806,-614472.375,635644.375,-20646.60546875
0.00277099991217256,-614617,635517.0625,-20375.380859375
0.00277199991978705,-614761.5,635389.6875,-20104.154296875
0.00277299992740154,-614905.9375,635262.1875,-19832.923828125
0.00277399993501604,-615050.25,635134.625,-19561.689453125
0.00277499994263053,-615194.5,635007,-19290.453125
0.00277599995024502,-615338.625,634879.25,-19019.21484375
0.00277699995785952,-615482.75,634751.4375,-18747.974609375
0.00277799996547401,-615626.6875,634623.5,-18476.73046875
0.0027789999730885,-615770.625,634495.5,-18205.484375
0.002779999980703,-615914.4375,634367.375,-17934.234375
0.00278099998831749,-616058.125,634239.1875,-17662.982421875
0.00278199999593198,-616201.75,634110.9375,-17391.728515625
0.00278300000354648,-616345.3125,633982.5625,-17120.47265625
0.00278400001116097,-616488.75,633854.125,-16849.212890625
0.00278500001877546,-616632.125,633725.5625,-16577.951171875
0.00278600002638996,-616775.4375,633596.875,-16306.6884765625
0.00278700003400445,-616918.625,633468.1875,-16035.421875
0.00278800004161894,-617061.6875,633339.375,-15764.154296875
0.00278900004923344,-617204.75,633210.4375,-15492.8837890625
0.00279000005684793,-617347.6875,633081.4375,-15221.611328125
0.00279100006446242,-617490.5,632952.375,-14950.3359375
0.00279200007207692,-617633.25,632823.1875,-14679.0595703125
0.00279300007969141,-617775.9375,632693.875,-14407.7802734375
0.0027940000873059,-617918.5,632564.5625,-14136.5
0.0027950000949204,-618061,632435.0625,-13865.216796875
0.00279600010253489,-618203.375,632305.5625,-13593.931640625
0.00279700011014938,-618345.75,632175.9375,-13322.6455078125
0.00279799988493323,-618487.9375,632046.1875,-13051.3564453125
0.00279899989254773,-618630.0625,631916.375,-12780.06640625
0.00279999990016222,-618772.125,631786.5,-12508.7744140625
0.00280099990777671,-618914.125,631656.5,-12237.48046875
0.00280199991539121,-619056,631526.4375,-11966.1845703125
0.0028029999230057,-619197.75,631396.25,-11694.8876953125
0.00280399993062019,-619339.5,631266,-11423.5888671875
0.00280499993823469,-619481.0625,631135.625,-11152.2880859375
0.00280599994584918,-619622.625,631005.1875,-10880.9853515625
0.00280699995346367,-619764.0625,630874.6875,-10609.6826171875
0.00280799996107817,-619905.375,630744.0625,-10338.376953125
0.00280899996869266,-620046.625,630613.3125,-10067.0703125
0.00280999997630715,-620187.8125,630482.5625,-9795.7626953125
0.00281099998392165,-620328.9375,630351.625,-9524.453125
0.00281199999153614,-620469.875,630220.6875,-9253.142578125
0.00281299999915063,-620610.8125,630089.625,-8981.830078125
0.00281400000676513,-620751.625,629958.4375,-8710.517578125
0.00281500001437962,-620892.375,629827.1875,-8439.2021484375
0.00281600002199411,-621033,629695.875,-8167.88671875
0.00281700002960861,-621173.5625,629564.4375,-7896.5703125
0.0028180000372231,-621314,629432.9375,-7625.251953125
0.00281900004483759,-621454.375,629301.3125,-7353.93310546875
0.00282000005245209,-621594.6875,629169.625,-7082.61279296875
0.00282100006006658,-621734.875,629037.875,-6811.2919921875
0.00282200006768107,-621875,628906,-6539.9697265625
0.00282300007529557,-622015,628774,-6268.64697265625
0.00282400008291006,-622154.9375,628642,-5997.3232421875
0.00282500009052455,-622294.8125,628509.8125,-5725.998046875
0.00282600009813905,-622434.5625,628377.625,-5454.6728515625
0.00282700010575354,-622574.25,628245.3125,-5183.34619140625
0.00282800011336803,-622713.8125,628112.875,-4912.01953125
0.00282899988815188,-622853.3125,627980.375,-4640.69140625
0.00282999989576638,-622992.75,627847.8125,-4369.36328125
0.00283099990338087,-623132.0625,627715.125,-4098.0341796875
0.00283199991099536,-623271.25,627582.375,-3826.70434570312
0.00283299991860986,-623410.4375,627449.5,-3555.37426757812
0.00283399992622435,-623549.4375,627316.5625,-3284.04345703125
0.00283499993383884,-623688.4375,627183.5625,-3012.71215820312
0.00283599994145334,-623827.3125,627050.4375,-2741.38061523438
0.00283699994906783,-623966.0625,626917.1875,-2470.04858398438
0.00283799995668232,-624104.75,626783.875,-2198.71630859375
0.00283899996429682,-624243.375,626650.5,-1927.38354492188
0.00283999997191131,-624381.875,626517.0625,-1656.05053710938
0.0028409999795258,-624520.3125,626383.5,-1384.71728515625
0.0028419999871403,-624658.6875,626249.8125,-1113.3837890625
0.00284299999475479,-624796.9375,626116.0625,-842.050170898438
0.00284400000236928,-624935.0625,625982.25,-570.716430664062
0.00284500000998378,-625073.1875,625848.3125,-299.382568359375
0.00284600001759827,-625211.125,625714.3125,-28.0486679077148
0.00284700002521276,-625349.0625,625580.1875,243.285247802734
0.00284800003282726,-625486.875,625446,514.619140625
0.00284900004044175,-625624.5625,625311.75,785.952941894531
0.00285000004805624,-625762.1875,625177.375,1057.28674316406
0.00285100005567074,-625899.75,625042.9375,1328.62036132812
0.00285200006328523,-626037.1875,624908.375,1599.95373535156
0.00285300007089972,-626174.5625,624773.75,1871.28686523438
0.00285400007851422,-626311.8125,624639,2142.61987304688
0.00285500008612871,-626449,624504.1875,2413.95263671875
0.00285600009374321,-626586.125,624369.3125,2685.28491210938
0.0028570001013577,-626723.125,624234.3125,2956.61694335938
0.00285800010897219,-626860.0625,624099.25,3227.94848632812
0.00285899988375604,-626996.875,623964.0625,3499.27954101562
0.00285999989137053,-627133.625,623828.8125,3770.61010742188
0.00286099989898503,-627270.25,623693.5,4041.94018554688
0.00286199990659952,-627406.8125,623558.0625,4313.26953125
0.00286299991421402,-627543.3125,623422.5,4584.5986328125
0.00286399992182851,-627679.6875,623286.9375,4855.9267578125
0.002864999929443,-627816,623151.1875,5127.25439453125
0.0028659999370575,-627952.1875,623015.4375,5398.58154296875
0.00286699994467199,-628088.3125,622879.5625,5669.90771484375
0.00286799995228648,-628224.3125,622743.5625,5941.23291015625
0.00286899995990098,-628360.25,622607.5625,6212.55712890625
0.00286999996751547,-628496.125,622471.375,6483.880859375
0.00287099997512996,-628631.875,622335.1875,6755.20361328125
0.00287199998274446,-628767.5625,622198.875,7026.525390625
0.00287299999035895,-628903.125,622062.4375,7297.84619140625
0.00287399999797344,-629038.625,621925.9375,7569.166015625
0.00287500000558794,-629174,621789.375,7840.484375
0.00287600001320243,-629309.3125,621652.6875,8111.80224609375
0.00287700002081692,-629444.5625,621515.9375,8383.1181640625
0.00287800002843142,-629579.6875,621379.0625,8654.43359375
0.00287900003604591,-629714.75,621242.125,8925.748046875
0.0028800000436604,-629849.6875,621105.125,9197.060546875
0.0028810000512749,-629984.5625,620968,9468.3720703125
0.00288200005888939,-630119.3125,620830.8125,9739.681640625
0.00288300006650388,-630254,620693.5,10010.990234375
0.00288400007411838,-630388.625,620556.125,10282.2978515625
0.00288500008173287,-630523.125,620418.6875,10553.603515625
0.00288600008934736,-630657.5625,620281.125,10824.908203125
0.00288700009696186,-630791.875,620143.5,11096.2109375
0.00288800010457635,-630926.125,620005.75,11367.5126953125
0.00288900011219084,-631060.25,619867.9375,11638.8115234375
0.00288999988697469,-631194.3125,619730.0625,11910.109375
0.00289099989458919,-631328.25,619592.0625,12181.40625
0.00289199990220368,-631462.125,619453.9375,12452.7001953125
0.00289299990981817,-631595.9375,619315.8125,12723.9931640625
0.00289399991743267,-631729.625,619177.5,12995.2841796875
0.00289499992504716,-631863.25,619039.1875,13266.5732421875
0.00289599993266165,-631996.75,618900.75,13537.861328125
0.00289699994027615,-632130.1875,618762.25,13809.146484375
0.00289799994789064,-632263.5625,618623.625,14080.4296875
0.00289899995550513,-632396.8125,618484.9375,14351.7109375
0.00289999996311963,-632529.9375,618346.125,14622.990234375
0.00290099997073412,-632663,618207.25,14894.267578125
0.00290199997834861,-632796,618068.3125,15165.54296875
0.00290299998596311,-632928.875,617929.25,15436.8154296875
0.0029039999935776,-633061.6875,617790.125,15708.0869140625
0.00290500000119209,-633194.4375,617650.875,15979.35546875
0.00290600000880659,-633327,617511.5625,16250.62109375
0.00290700001642108,-633459.5625,617372.1875,16521.884765625
0.00290800002403557,-633592,617232.6875,16793.146484375
0.00290900003165007,-633724.375,617093.125,17064.40625
0.00291000003926456,-633856.625,616953.4375,17335.662109375
0.00291100004687905,-633988.8125,616813.6875,17606.91796875
0.00291200005449355,-634120.875,616673.875,17878.169921875
0.00291300006210804,-634252.875,616533.9375,18149.41796875
0.00291400006972253,-634384.75,616393.9375,18420.666015625
0.00291500007733703,-634516.5625,616253.8125,18691.91015625
0.00291600008495152,-634648.3125,616113.625,18963.150390625
0.00291700009256601,-634779.9375,615973.3125,19234.390625
0.00291800010018051,-634911.4375,615833,19505.625
0.002919000107795,-635042.875,615692.5,19776.859375
0.00292000011540949,-635174.25,615552,20048.08984375
0.00292099989019334,-635305.5625,615411.375,20319.31640625
0.00292199989780784,-635436.6875,615270.625,20590.541015625
0.00292299990542233,-635567.8125,615129.8125,20861.763671875
0.00292399991303682,-635698.8125,614988.9375,21132.982421875
0.00292499992065132,-635829.6875,614848,21404.197265625
0.00292599992826581,-635960.5,614706.9375,21675.41015625
0.0029269999358803,-636091.25,614565.75,21946.62109375
0.0029279999434948,-636221.875,614424.5,22217.828125
0.00292899995110929,-636352.4375,614283.1875,22489.03125
0.00292999995872378,-636482.875,614141.75,22760.23046875
0.00293099996633828,-636613.25,614000.25,23031.427734375
0.00293199997395277,-636743.5,613858.6875,23302.62109375
0.00293299998156726,-636873.6875,613717,23573.8125
0.00293399998918176,-637003.8125,613575.25,23844.998046875
0.00293499999679625,-637133.8125,613433.375,24116.18359375
0.00293600000441074,-637263.75,613291.4375,24387.36328125
0.00293700001202524,-637393.5625,613149.4375,24658.5390625
0.00293800001963973,-637523.25,613007.3125,24929.712890625
0.00293900002725422,-637652.9375,612865.125,25200.8828125
0.00294000003486872,-637782.4375,612722.875,25472.048828125
0.00294100004248321,-637911.9375,612580.5,25743.2109375
0.0029420000500977,-638041.3125,612438,26014.369140625
0.0029430000577122,-638170.5625,612295.4375,26285.525390625
0.00294400006532669,-638299.75,612152.8125,26556.67578125
0.00294500007294118,-638428.875,612010.125,26827.82421875
0.00294600008055568,-638557.875,611867.3125,27098.96875
0.00294700008817017,-638686.75,611724.4375,27370.107421875
0.00294800009578466,-638815.625,611581.4375,27641.244140625
0.00294900010339916,-638944.3125,611438.375,27912.376953125
0.00295000011101365,-639073,611295.1875,28183.50390625
0.0029509998857975,-639201.5,611151.9375,28454.62890625
0.00295199989341199,-639330,611008.625,28725.748046875
0.00295299990102649,-639458.375,610865.1875,28996.865234375
0.00295399990864098,-639586.625,610721.6875,29267.9765625
0.00295499991625547,-639714.8125,610578.125,29539.083984375
0.00295599992386997,-639842.9375,610434.4375,29810.1875
0.00295699993148446,-639970.9375,610290.6875,30081.287109375
0.00295799993909895,-640098.875,610146.8125,30352.3828125
0.00295899994671345,-640226.6875,610002.875,30623.47265625
0.00295999995432794,-640354.375,609858.875,30894.55859375
0.00296099996194243,-640482.0625,609714.75,31165.640625
0.00296199996955693,-640609.625,609570.5625,31436.71875
0.00296299997717142,-640737.0625,609426.3125,31707.791015625
0.00296399998478591,-640864.4375,609281.9375,31978.861328125
0.00296499999240041,-640991.6875,609137.4375,32249.923828125
0.0029660000000149,-641118.875,608992.9375,32520.984375
0.00296700000762939,-641246,608848.3125,32792.0390625
0.00296800001524389,-641373,608703.5625,33063.08984375
0.00296900002285838,-641499.9375,608558.75,33334.1328125
0.00297000003047287,-641626.75,608413.875,33605.17578125
0.00297100003808737,-641753.4375,608268.875,33876.2109375
0.00297200004570186,-641880.125,608123.8125,34147.2421875
0.00297300005331635,-642006.625,607978.6875,34418.26953125
0.00297400006093085,-642133.125,607833.4375,34689.2890625
0.00297500006854534,-642259.5,607688.125,34960.3046875
0.00297600007615983,-642385.75,607542.75,35231.31640625
0.00297700008377433,-642511.9375,607397.25,35502.32421875
0.00297800009138882,-642638.0625,607251.625,35773.32421875
0.00297900009900331,-642764.0625,607106,36044.3203125
0.00298000010661781,-642889.9375,606960.25,36315.3125
0.0029810001142323,-643015.75,606814.375,36586.30078125
0.00298199988901615,-643141.5,606668.4375,36857.28125
0.00298299989663064,-643267.125,606522.4375,37128.2578125
0.00298399990424514,-643392.6875,606376.375,37399.2265625
0.00298499991185963,-643518.125,606230.1875,37670.19140625
0.00298599991947412,-643643.5,606083.875,37941.15234375
0.00298699992708862,-643768.75,605937.5625,38212.10546875
0.00298799993470311,-643893.9375,605791.125,38483.0546875
0.00298899994231761,-644019,605644.5625,38753.99609375
0.0029899999499321,-644144,605497.9375,39024.93359375
0.00299099995754659,-644268.9375,605351.25,39295.8671875
0.00299199996516109,-644393.75,605204.5,39566.79296875
0.00299299997277558,-644518.4375,605057.625,39837.71484375
0.00299399998039007,-644643.0625,604910.625,40108.62890625
0.00299499998800457,-644767.625,604763.625,40379.5390625
0.00299599999561906,-644892.0625,604616.4375,40650.4453125
0.00299700000323355,-645016.4375,604469.25,40921.34375
0.00299800001084805,-645140.6875,604321.9375,41192.234375
0.00299900001846254,-645264.875,604174.5625,41463.12109375
0.00300000002607703,-645388.9375,604027.0625,41734
0.00300100003369153,-645512.9375,603879.5,42004.875
0.00300200004130602,-645636.8125,603731.875,42275.74609375
0.00300300004892051,-645760.625,603584.125,42546.609375
0.00300400005653501,-645884.3125,603436.3125,42817.46484375
0.0030050000641495,-646007.9375,603288.4375,43088.31640625
0.00300600007176399,-646131.5,603140.4375,43359.16015625
0.00300700007937849,-646254.9375,602992.375,43629.99609375
0.00300800008699298,-646378.25,602844.1875,43900.828125
0.00300900009460747,-646501.5,602695.9375,44171.65625
0.00301000010222197,-646624.6875,602547.625,44442.4765625
0.00301100010983646,-646747.75,602399.1875,44713.2890625
0.00301199988462031,-646870.75,602250.6875,44984.09375
0.0030129998922348,-646993.625,602102.125,45254.89453125
0.0030139998998493,-647116.375,601953.4375,45525.6875
0.00301499990746379,-647239.125,601804.6875,45796.4765625
0.00301599991507828,-647361.6875,601655.8125,46067.2578125
0.00301699992269278,-647484.25,601506.875,46338.03125
0.00301799993030727,-647606.6875,601357.875,46608.80078125
0.00301899993792176,-647729,601208.8125,46879.5625
0.00301999994553626,-647851.25,601059.625,47150.31640625
0.00302099995315075,-647973.375,600910.3125,47421.0625
0.00302199996076524,-648095.4375,600760.9375,47691.8046875
0.00302299996837974,-648217.375,600611.5,47962.5390625
0.00302399997599423,-648339.25,600462,48233.26953125
0.00302499998360872,-648461.0625,600312.375,48503.98828125
0.00302599999122322,-648582.75,600162.6875,48774.703125
0.00302699999883771,-648704.375,600012.875,49045.41015625
0.0030280000064522,-648825.875,599863,49316.109375
0.0030290000140667,-648947.25,599713.0625,49586.8046875
0.00303000002168119,-649068.5625,599563,49857.4921875
0.00303100002929568,-649189.8125,599412.875,50128.171875
0.00303200003691018,-649310.9375,599262.6875,50398.84375
0.00303300004452467,-649432,599112.375,50669.5078125
0.00303400005213916,-649552.9375,598962,50940.1640625
0.00303500005975366,-649673.8125,598811.5625,51210.81640625
0.00303600006736815,-649794.5625,598661,51481.45703125
0.00303700007498264,-649915.25,598510.375,51752.09375
0.00303800008259714,-650035.8125,598359.625,52022.72265625
0.00303900009021163,-650156.3125,598208.8125,52293.34375
0.00304000009782612,-650276.6875,598057.9375,52563.95703125
0.00304100010544062,-650397,597906.9375,52834.5625
0.00304200011305511,-650517.25,597755.875,53105.16015625
0.00304299988783896,-650637.3125,597604.75,53375.75
0.00304399989545345,-650757.375,597453.5,53646.3359375
0.00304499990306795,-650877.3125,597302.1875,53916.91015625
0.00304599991068244,-650997.125,597150.8125,54187.4765625
0.00304699991829693,-651116.875,596999.3125,54458.03515625
0.00304799992591143,-651236.5625,596847.75,54728.58984375
0.00304899993352592,-651356.125,596696.0625,54999.1328125
0.00304999994114041,-651475.5625,596544.375,55269.66796875
0.00305099994875491,-651594.9375,596392.5,55540.1953125
0.0030519999563694,-651714.25,596240.625,55810.71875
0.00305299996398389,-651833.4375,596088.625,56081.23046875
0.00305399997159839,-651952.5625,595936.5625,56351.734375
0.00305499997921288,-652071.5625,595784.375,56622.23046875
0.00305599998682737,-652190.4375,595632.125,56892.71875
0.00305699999444187,-652309.3125,595479.8125,57163.19921875
0.00305800000205636,-652428,595327.375,57433.671875
0.00305900000967085,-652546.625,595174.875,57704.13671875
0.00306000001728535,-652665.1875,595022.3125,57974.59375
0.00306100002489984,-652783.625,594869.625,58245.04296875
0.00306200003251433,-652902,594716.875,58515.48046875
0.00306300004012883,-653020.25,594564,58785.9140625
0.00306400004774332,-653138.4375,594411.0625,59056.3359375
0.00306500005535781,-653256.5625,594258.0625,59326.75390625
0.00306600006297231,-653374.5,594105,59597.16015625
0.0030670000705868,-653492.4375,593951.8125,59867.55859375
0.00306800007820129,-653610.25,593798.5625,60137.9453125
0.00306900008581579,-653727.9375,593645.1875,60408.328125
0.00307000009343028,-653845.5625,593491.75,60678.703125
0.00307100010104477,-653963.0625,593338.25,60949.06640625
0.00307200010865927,-654080.5,593184.625,61219.421875
0.00307300011627376,-654197.8125,593030.9375,61489.76953125
0.00307399989105761,-654315.0625,592877.1875,61760.10546875
0.0030749998986721,-654432.25,592723.3125,62030.4375
0.0030759999062866,-654549.3125,592569.375,62300.7578125
0.00307699991390109,-654666.25,592415.375,62571.0703125
0.00307799992151558,-654783.125,592261.25,62841.37109375
0.00307899992913008,-654899.9375,592107.0625,63111.66796875
0.00307999993674457,-655016.625,591952.8125,63381.953125
0.00308099994435906,-655133.1875,591798.4375,63652.2265625
0.00308199995197356,-655249.6875,591644,63922.49609375
0.00308299995958805,-655366.125,591489.5,64192.75390625
0.00308399996720254,-655482.4375,591334.875,64463.00390625
0.00308499997481704,-655598.625,591180.1875,64733.2421875
0.00308599998243153,-655714.75,591025.375,65003.47265625
0.00308699999004602,-655830.8125,590870.5,65273.6953125
0.00308799999766052,-655946.75,590715.5625,65543.90625
0.00308900000527501,-656062.625,590560.5625,65814.109375
0.0030900000128895,-656178.375,590405.4375,66084.3046875
0.003091000020504,-656294,590250.25,66354.484375
0.00309200002811849,-656409.5625,590094.9375,66624.6640625
0.00309300003573298,-656525.0625,589939.5625,66894.828125
0.00309400004334748,-656640.4375,589784.125,67164.984375
0.00309500005096197,-656755.75,589628.625,67435.125
0.00309600005857646,-656870.9375,589473,67705.265625
0.00309700006619096,-656986.0625,589317.3125,67975.390625
0.00309800007380545,-657101.0625,589161.5,68245.5078125
0.00309900008141994,-657215.9375,589005.625,68515.609375
0.00310000008903444,-657330.8125,588849.6875,68785.7109375
0.00310100009664893,-657445.5,588693.625,69055.796875
0.00310200010426342,-657560.125,588537.5,69325.875
0.00310300011187792,-657674.6875,588381.3125,69595.9453125
0.00310399988666177,-657789.125,588225,69866
0.00310499989427626,-657903.5,588068.6875,70136.046875
0.00310599990189075,-658017.75,587912.1875,70406.0859375
0.00310699990950525,-658131.9375,587755.6875,70676.109375
0.00310799991711974,-658246,587599.0625,70946.1328125
0.00310899992473423,-658360,587442.3125,71216.140625
0.00310999993234873,-658473.875,587285.5625,71486.1328125
0.00311099993996322,-658587.625,587128.6875,71756.125
0.00311199994757771,-658701.375,586971.75,72026.1015625
0.00311299995519221,-658814.9375,586814.6875,72296.0625
0.0031139999628067,-658928.4375,586657.5625,72566.0234375
0.0031149999704212,-659041.875,586500.375,72835.96875
0.00311599997803569,-659155.1875,586343.0625,73105.90625
0.00311699998565018,-659268.4375,586185.6875,73375.828125
0.00311799999326468,-659381.5625,586028.25,73645.7421875
0.00311900000087917,-659494.625,585870.6875,73915.6484375
0.00312000000849366,-659607.5625,585713.0625,74185.5390625
0.00312100001610816,-659720.4375,585555.375,74455.421875
0.00312200002372265,-659833.1875,585397.5625,74725.296875
0.00312300003133714,-659945.875,585239.6875,74995.15625
0.00312400003895164,-660058.4375,585081.75,75265.0078125
0.00312500004656613,-660170.9375,584923.6875,75534.8515625
0.00312600005418062,-660283.3125,584765.5625,75804.6796875
0.00312700006179512,-660395.625,584607.375,76074.5
0.00312800006940961,-660507.8125,584449.125,76344.3125
0.0031290000770241,-660619.875,584290.75,76614.109375
0.0031300000846386,-660731.9375,584132.25,76883.890625
0.00313100009225309,-660843.8125,583973.75,77153.671875
0.00313200009986758,-660955.625,583815.125,77423.4296875
0.00313300010748208,-661067.375,583656.4375,77693.1875
0.00313400011509657,-661179,583497.625,77962.9296875
0.00313499988988042,-661290.5625,583338.75,78232.6640625
0.00313599989749491,-661402,583179.8125,78502.3828125
0.00313699990510941,-661513.375,583020.75,78772.09375
0.0031379999127239,-661624.625,582861.625,79041.7890625
0.00313899992033839,-661735.8125,582702.4375,79311.4765625
0.00313999992795289,-661846.875,582543.1875,79581.1484375
0.00314099993556738,-661957.8125,582383.8125,79850.8125
0.00314199994318187,-662068.75,582224.375,80120.46875
0.00314299995079637,-662179.5,582064.8125,80390.109375
0.00314399995841086,-662290.1875,581905.1875,80659.7421875
0.00314499996602535,-662400.8125,581745.5,80929.359375
0.00314599997363985,-662511.3125,581585.75,81198.96875
0.00314699998125434,-662621.75,581425.875,81468.5625
0.00314799998886883,-662732.0625,581265.9375,81738.1484375
0.00314899999648333,-662842.25,581105.875,82007.71875
0.00315000000409782,-662952.375,580945.8125,82277.28125
0.00315100001171231,-663062.4375,580785.5625,82546.828125
0.00315200001932681,-663172.375,580625.3125,82816.3671875
0.0031530000269413,-663282.25,580464.9375,83085.890625
0.00315400003455579,-663392,580304.5,83355.40625
0.00315500004217029,-663501.625,580144,83624.90625
0.00315600004978478,-663611.1875,579983.375,83894.3984375
0.00315700005739927,-663720.6875,579822.6875,84163.875
0.00315800006501377,-663830.0625,579661.9375,84433.34375
0.00315900007262826,-663939.3125,579501.0625,84702.796875
0.00316000008024275,-664048.5,579340.125,84972.2421875
0.00316100008785725,-664157.625,579179.125,85241.671875
0.00316200009547174,-664266.625,579018,85511.0859375
0.00316300010308623,-664375.5,578856.875,85780.4921875
0.00316400011070073,-664484.3125,578695.5625,86049.890625
0.00316499988548458,-664593.0625,578534.25,86319.265625
0.00316599989309907,-664701.6875,578372.8125,86588.640625
0.00316699990071356,-664810.1875,578211.3125,86857.9921875
0.00316799990832806,-664918.625,578049.6875,87127.34375
0.00316899991594255,-665026.9375,577888.0625,87396.671875
0.00316999992355704,-665135.1875,577726.25,87665.9921875
0.00317099993117154,-665243.375,577564.4375,87935.296875
0.00317199993878603,-665351.4375,577402.5,88204.59375
0.00317299994640052,-665459.375,577240.5,88473.875
0.00317399995401502,-665567.25,577078.4375,88743.1484375
0.00317499996162951,-665675,576916.25,89012.40625
0.003175999969244,-665782.6875,576754,89281.6484375
0.0031769999768585,-665890.25,576591.6875,89550.8828125
0.00317799998447299,-665997.75,576429.25,89820.1015625
0.00317899999208748,-666105.125,576266.75,90089.3046875
0.00317999999970198,-666212.4375,576104.1875,90358.5
0.00318100000731647,-666319.625,575941.5625,90627.6796875
0.00318200001493096,-666426.75,575778.8125,90896.8515625
0.00318300002254546,-666533.75,575616,91166.0078125
0.00318400003015995,-666640.6875,575453.0625,91435.1484375
0.00318500003777444,-666747.5,575290.0625,91704.28125
0.00318600004538894,-666854.25,575127,91973.390625
0.00318700005300343,-666960.875,574963.875,92242.5
0.00318800006061792,-667067.4375,574800.625,92511.5859375
0.00318900006823242,-667173.875,574637.3125,92780.6640625
0.00319000007584691,-667280.1875,574473.9375,93049.7265625
0.0031910000834614,-667386.4375,574310.4375,93318.78125
0.0031920000910759,-667492.625,574146.875,93587.8125
0.00319300009869039,-667598.6875,573983.25,93856.84375
0.00319400010630488,-667704.6875,573819.5,94125.8515625
0.00319500011391938,-667810.5625,573655.75,94394.8515625
0.00319599988870323,-667916.3125,573491.8125,94663.828125
0.00319699989631772,-668022,573327.875,94932.8046875
0.00319799990393221,-668127.5625,573163.8125,95201.7578125
0.00319899991154671,-668233.0625,572999.6875,95470.703125
0.0031999999191612,-668338.5,572835.5,95739.6328125
0.00320099992677569,-668443.8125,572671.1875,96008.546875
0.00320199993439019,-668549,572506.8125,96277.453125
0.00320299994200468,-668654.125,572342.375,96546.34375
0.00320399994961917,-668759.125,572177.8125,96815.21875
0.00320499995723367,-668864.0625,572013.1875,97084.078125
0.00320599996484816,-668968.875,571848.5,97352.921875
0.00320699997246265,-669073.625,571683.75,97621.7578125
0.00320799998007715,-669178.25,571518.875,97890.578125
0.00320899998769164,-669282.8125,571353.9375,98159.3828125
0.00320999999530613,-669387.25,571188.9375,98428.1796875
0.00321100000292063,-669491.625,571023.8125,98696.953125
0.00321200001053512,-669595.875,570858.625,98965.71875
0.00321300001814961,-669700.0625,570693.375,99234.46875
0.00321400002576411,-669804.125,570528,99503.203125
0.0032150000333786,-669908.125,570362.5625,99771.9296875
0.00321600004099309,-670012,570197.0625,100040.6328125
0.00321700004860759,-670115.75,570031.5,100309.328125
0.00321800005622208,-670219.4375,569865.8125,100578.0078125
0.00321900006383657,-670323.0625,569700.0625,100846.671875
0.00322000007145107,-670426.5625,569534.1875,101115.3203125
0.00322100007906556,-670529.9375,569368.3125,101383.9609375
0.00322200008668005,-670633.25,569202.3125,101652.578125
0.00322300009429455,-670736.5,569036.25,101921.1875
0.00322400010190904,-670839.5625,568870.0625,102189.78125
0.00322500010952353,-670942.625,568703.8125,102458.359375
0.00322599988430738,-671045.5625,568537.5,102726.921875
0.00322699989192188,-671148.375,568371.125,102995.46875
0.00322799989953637,-671251.125,568204.625,103264.0078125
0.00322899990715086,-671353.75,568038.0625,103532.5234375
0.00322999991476536,-671456.3125,567871.4375,103801.03125
0.00323099992237985,-671558.75,567704.6875,104069.5234375
0.00323199992999434,-671661.125,567537.875,104337.9921875
0.00323299993760884,-671763.375,567371,104606.453125
0.00323399994522333,-671865.5,567204.0625,104874.90625
0.00323499995283782,-671967.5625,567037,105143.3359375
0.00323599996045232,-672069.5625,566869.875,105411.75
0.00323699996806681,-672171.4375,566702.6875,105680.1484375
0.0032379999756813,-672273.1875,566535.375,105948.5390625
0.0032389999832958,-672374.875,566368,106216.90625
0.00323999999091029,-672476.5,566200.5625,106485.265625
0.00324099999852479,-672578,566033.0625,106753.6015625
0.00324200000613928,-672679.375,565865.4375,107021.9296875
0.00324300001375377,-672780.6875,565697.75,107290.2421875
0.00324400002136827,-672881.875,565529.9375,107558.53125
0.00324500002898276,-672983,565362.125,107826.8125
0.00324600003659725,-673084,565194.1875,108095.078125
0.00324700004421175,-673184.9375,565026.1875,108363.328125
0.00324800005182624,-673285.75,564858.0625,108631.5625
0.00324900005944073,-673386.5,564689.9375,108899.78125
0.00325000006705523,-673487.125,564521.6875,109167.984375
0.00325100007466972,-673587.6875,564353.3125,109436.171875
0.00325200008228421,-673688.125,564184.9375,109704.34375
0.00325300008989871,-673788.4375,564016.4375,109972.5
0.0032540000975132,-673888.6875,563847.875,110240.640625
0.00325500010512769,-673988.875,563679.1875,110508.765625
0.00325600011274219,-674088.9375,563510.4375,110776.875
0.00325699988752604,-674188.875,563341.625,111044.96875
0.00325799989514053,-674288.75,563172.75,111313.0390625
0.00325899990275502,-674388.5,563003.8125,111581.1015625
0.00325999991036952,-674488.1875,562834.75,111849.1484375
0.00326099991798401,-674587.8125,562665.625,112117.1796875
0.0032619999255985,-674687.25,562496.375,112385.1953125
0.003262999933213,-674786.6875,562327.0625,112653.1953125
0.00326399994082749,-674885.9375,562157.6875,112921.171875
0.00326499994844198,-674985.125,561988.25,113189.140625
0.00326599995605648,-675084.25,561818.75,113457.09375
0.00326699996367097,-675183.25,561649.125,113725.0234375
0.00326799997128546,-675282.1875,561479.4375,113992.9375
0.00326899997889996,-675381,561309.625,114260.84375
0.00326999998651445,-675479.6875,561139.8125,114528.7265625
0.00327099999412894,-675578.3125,560969.875,114796.59375
0.00327200000174344,-675676.8125,560799.875,115064.453125
0.00327300000935793,-675775.25,560629.75,115332.2890625
0.00327400001697242,-675873.625,560459.625,115600.1015625
0.00327500002458692,-675971.8125,560289.375,115867.90625
0.00327600003220141,-676070,560119,116135.6953125
0.0032770000398159,-676168,559948.625,116403.46875
0.0032780000474304,-676265.9375,559778.125,116671.21875
0.00327900005504489,-676363.8125,559607.5625,116938.9609375
0.00328000006265938,-676461.5625,559436.875,117206.6796875
0.00328100007027388,-676559.25,559266.1875,117474.3828125
0.00328200007788837,-676656.8125,559095.375,117742.0703125
0.00328300008550286,-676754.25,558924.5,118009.7421875
0.00328400009311736,-676851.625,558753.5,118277.390625
0.00328500010073185,-676948.9375,558582.4375,118545.03125
0.00328600010834634,-677046.0625,558411.3125,118812.6484375
0.00328700011596084,-677143.1875,558240.125,119080.25
0.00328799989074469,-677240.1875,558068.875,119347.84375
0.00328899989835918,-677337.0625,557897.5,119615.40625
0.00328999990597367,-677433.875,557726.0625,119882.9609375
0.00329099991358817,-677530.5625,557554.5,120150.5
0.00329199992120266,-677627.125,557382.9375,120418.015625
0.00329299992881715,-677723.625,557211.25,120685.515625
0.00329399993643165,-677820.0625,557039.5,120953
0.00329499994404614,-677916.375,556867.625,121220.46875
0.00329599995166063,-678012.5625,556695.75,121487.9140625
0.00329699995927513,-678108.6875,556523.75,121755.3515625
0.00329799996688962,-678204.75,556351.625,122022.765625
0.00329899997450411,-678300.6875,556179.5,122290.1640625
0.00329999998211861,-678396.5,556007.25,122557.5390625
0.0033009999897331,-678492.25,555834.9375,122824.90625
0.00330199999734759,-678587.875,555662.5625,123092.25
0.00330300000496209,-678683.375,555490.0625,123359.578125
0.00330400001257658,-678778.875,555317.5625,123626.890625
0.00330500002019107,-678874.1875,555144.875,123894.1796875
0.00330600002780557,-678969.4375,554972.1875,124161.453125
0.00330700003542006,-679064.625,554799.4375,124428.7109375
0.00330800004303455,-679159.6875,554626.5625,124695.953125
0.00330900005064905,-679254.625,554453.625,124963.171875
0.00331000005826354,-679349.5,554280.5625,125230.3828125
0.00331100006587803,-679444.25,554107.5,125497.5703125
0.00331200007349253,-679538.9375,553934.3125,125764.734375
0.00331300008110702,-679633.5,553761.0625,126031.8828125
0.00331400008872151,-679728,553587.6875,126299.015625
0.00331500009633601,-679822.375,553414.25,126566.1328125
0.0033160001039505,-679916.6875,553240.8125,126833.234375
0.00331700011156499,-680010.875,553067.1875,127100.3125
0.00331799988634884,-680104.9375,552893.5625,127367.3671875
0.00331899989396334,-680198.9375,552719.8125,127634.4140625
0.00331999990157783,-680292.8125,552546,127901.4375
0.00332099990919232,-680386.625,552372.125,128168.4453125
0.00332199991680682,-680480.375,552198.1875,128435.4296875
0.00332299992442131,-680573.9375,552024.125,128702.40625
0.0033239999320358,-680667.5,551850,128969.3515625
0.0033249999396503,-680760.875,551675.8125,129236.2890625
0.00332599994726479,-680854.1875,551501.5,129503.203125
0.00332699995487928,-680947.4375,551327.125,129770.1015625
0.00332799996249378,-681040.5625,551152.6875,130036.9765625
0.00332899997010827,-681133.5625,550978.1875,130303.8359375
0.00332999997772276,-681226.5,550803.625,130570.6796875
0.00333099998533726,-681319.375,550628.9375,130837.5
0.00333199999295175,-681412.0625,550454.1875,131104.3125
0.00333300000056624,-681504.75,550279.375,131371.09375
0.00333400000818074,-681597.25,550104.4375,131637.859375
0.00333500001579523,-681689.75,549929.4375,131904.609375
0.00333600002340972,-681782.0625,549754.375,132171.328125
0.00333700003102422,-681874.3125,549579.25,132438.046875
0.00333800003863871,-681966.5,549404.0625,132704.734375
0.0033390000462532,-682058.5625,549228.75,132971.40625
0.0033400000538677,-682150.5,549053.375,133238.0625
0.00334100006148219,-682242.375,548877.9375,133504.703125
0.00334200006909668,-682334.125,548702.375,133771.3125
0.00334300007671118,-682425.8125,548526.75,134037.90625
0.00334400008432567,-682517.375,548351.0625,134304.484375
0.00334500009194016,-682608.875,548175.3125,134571.046875
0.00334600009955466,-682700.25,547999.5,134837.59375
0.00334700010716915,-682791.5625,547823.5625,135104.109375
0.00334800011478364,-682882.75,547647.5625,135370.609375
0.00334899988956749,-682973.8125,547471.5,135637.09375
0.00334999989718199,-683064.8125,547295.3125,135903.546875
0.00335099990479648,-683155.6875,547119.0625,136170
0.00335199991241097,-683246.5,546942.75,136436.421875
0.00335299992002547,-683337.1875,546766.375,136702.828125
0.00335399992763996,-683427.8125,546589.9375,136969.21875
0.00335499993525445,-683518.3125,546413.375,137235.578125
0.00335599994286895,-683608.75,546236.75,137501.921875
0.00335699995048344,-683699.0625,546060.0625,137768.25
0.00335799995809793,-683789.25,545883.25,138034.5625
0.00335899996571243,-683879.375,545706.4375,138300.84375
0.00335999997332692,-683969.375,545529.5,138567.109375
0.00336099998094141,-684059.3125,545352.5,138833.359375
0.00336199998855591,-684149.125,545175.375,139099.59375
0.0033629999961704,-684238.875,544998.25,139365.796875
0.00336400000378489,-684328.5,544821,139631.984375
0.00336500001139939,-684418.0625,544643.6875,139898.15625
0.00336600001901388,-684507.5,544466.25,140164.3125
0.00336700002662838,-684596.8125,544288.8125,140430.4375
0.00336800003424287,-684686.0625,544111.25,140696.546875
0.00336900004185736,-684775.25,543933.625,140962.640625
0.00337000004947186,-684864.25,543755.9375,141228.703125
0.00337100005708635,-684953.25,543578.125,141494.75
0.00337200006470084,-685042.0625,543400.25,141760.78125
0.00337300007231534,-685130.8125,543222.3125,142026.796875
0.00337400007992983,-685219.5,543044.3125,142292.78125
0.00337500008754432,-685308.0625,542866.25,142558.75
0.00337600009515882,-685396.5,542688.0625,142824.703125
0.00337700010277331,-685484.875,542509.8125,143090.625
0.0033780001103878,-685573.1875,542331.5,143356.53125
0.00337899988517165,-685661.3125,542153.0625,143622.421875
0.00337999989278615,-685749.4375,541974.625,143888.28125
0.00338099990040064,-685837.375,541796.0625,144154.140625
0.00338199990801513,-685925.25,541617.4375,144419.953125
0.00338299991562963,-686013.0625,541438.6875,144685.765625
0.00338399992324412,-686100.75,541259.9375,144951.546875
0.00338499993085861,-686188.3125,541081.0625,145217.3125
0.00338599993847311,-686275.8125,540902.125,145483.0625
0.0033869999460876,-686363.1875,540723.125,145748.78125
0.00338799995370209,-686450.5,540544,146014.484375
0.00338899996131659,-686537.6875,540364.875,146280.171875
0.00338999996893108,-686624.8125,540185.625,146545.828125
0.00339099997654557,-686711.8125,540006.3125,146811.46875
0.00339199998416007,-686798.6875,539826.875,147077.078125
0.00339299999177456,-686885.5,539647.375,147342.6875
0.00339399999938905,-686972.25,539467.875,147608.265625
0.00339500000700355,-687058.875,539288.25,147873.8125
0.00339600001461804,-687145.375,539108.5,148139.34375
0.00339700002223253,-687231.75,538928.75,148404.859375
0.00339800002984703,-687318.125,538748.875,148670.359375
0.00339900003746152,-687404.3125,538568.9375,148935.828125
0.00340000004507601,-687490.4375,538388.9375,149201.28125
0.00340100005269051,-687576.4375,538208.8125,149466.703125
0.003402000060305,-687662.375,538028.6875,149732.109375
0.00340300006791949,-687748.25,537848.4375,149997.5
0.00340400007553399,-687833.9375,537668.125,150262.875
0.00340500008314848,-687919.5625,537487.6875,150528.21875
0.00340600009076297,-688005.125,537307.25,150793.53125
0.00340700009837747,-688090.5625,537126.6875,151058.828125
0.00340800010599196,-688175.9375,536946.0625,151324.109375
0.00340900011360645,-688261.1875,536765.375,151589.375
0.0034099998883903,-688346.3125,536584.5625,151854.609375
0.0034109998960048,-688431.375,536403.75,152119.828125
0.00341199990361929,-688516.3125,536222.8125,152385.015625
0.00341299991123378,-688601.125,536041.8125,152650.1875
0.00341399991884828,-688685.9375,535860.6875,152915.34375
0.00341499992646277,-688770.5625,535679.5625,153180.46875
0.00341599993407726,-688855.125,535498.3125,153445.578125
0.00341699994169176,-688939.5625,535317,153710.671875
0.00341799994930625,-689023.9375,535135.625,153975.734375
0.00341899995692074,-689108.25,534954.1875,154240.765625
0.00341999996453524,-689192.375,534772.625,154505.796875
0.00342099997214973,-689276.4375,534591,154770.796875
0.00342199997976422,-689360.4375,534409.3125,155035.765625
0.00342299998737872,-689444.3125,534227.5625,155300.71875
0.00342399999499321,-689528.0625,534045.6875,155565.65625
0.0034250000026077,-689611.75,533863.8125,155830.5625
0.0034260000102222,-689695.3125,533681.8125,156095.453125
0.00342700001783669,-689778.8125,533499.75,156360.3125
0.00342800002545118,-689862.1875,533317.5625,156625.15625
0.00342900003306568,-689945.5,533135.375,156889.984375
0.00343000004068017,-690028.6875,532953.0625,157154.78125
0.00343100004829466,-690111.75,532770.6875,157419.546875
0.00343200005590916,-690194.75,532588.25,157684.3125
0.00343300006352365,-690277.625,532405.6875,157949.03125
0.00343400007113814,-690360.4375,532223.125,158213.75
0.00343500007875264,-690443.125,532040.4375,158478.4375
0.00343600008636713,-690525.75,531857.6875,158743.09375
0.00343700009398162,-690608.25,531674.875,159007.734375
0.00343800010159612,-690690.625,531491.9375,159272.359375
0.00343900010921061,-690772.9375,531309,159536.953125
0.00343999988399446,-690855.125,531125.9375,159801.515625
0.00344099989160895,-690937.25,530942.8125,160066.0625
0.00344199989922345,-691019.25,530759.5625,160330.59375
0.00344299990683794,-691101.1875,530576.3125,160595.09375
0.00344399991445243,-691183,530392.9375,160859.578125
0.00344499992206693,-691264.6875,530209.5,161124.046875
0.00344599992968142,-691346.3125,530026,161388.46875
0.00344699993729591,-691427.8125,529842.4375,161652.890625
0.00344799994491041,-691509.25,529658.75,161917.28125
0.0034489999525249,-691590.5625,529475.0625,162181.640625
0.00344999996013939,-691671.8125,529291.25,162445.984375
0.00345099996775389,-691752.9375,529107.375,162710.3125
0.00345199997536838,-691833.9375,528923.375,162974.609375
0.00345299998298287,-691914.875,528739.375,163238.875
0.00345399999059737,-691995.6875,528555.25,163503.125
0.00345499999821186,-692076.4375,528371.0625,163767.359375
0.00345600000582635,-692157.0625,528186.8125,164031.5625
0.00345700001344085,-692237.625,528002.5,164295.75
0.00345800002105534,-692318.0625,527818.0625,164559.90625
0.00345900002866983,-692398.375,527633.5625,164824.046875
0.00346000003628433,-692478.625,527449,165088.15625
0.00346100004389882,-692558.75,527264.375,165352.234375
0.00346200005151331,-692638.8125,527079.6875,165616.3125
0.00346300005912781,-692718.75,526894.875,165880.34375
0.0034640000667423,-692798.625,526710.0625,166144.359375
0.00346500007435679,-692878.375,526525.125,166408.359375
0.00346600008197129,-692958,526340.125,166672.328125
0.00346700008958578,-693037.5625,526155,166936.28125
0.00346800009720027,-693117,525969.875,167200.203125
0.00346900010481477,-693196.375,525784.625,167464.09375
0.00347000011242926,-693275.625,525599.3125,167727.96875
0.00347099988721311,-693354.75,525413.9375,167991.828125
0.0034719998948276,-693433.8125,525228.5,168255.65625
0.0034729999024421,-693512.8125,525042.9375,168519.453125
0.00347399991005659,-693591.6875,524857.375,168783.234375
0.00347499991767108,-693670.4375,524671.6875,169047
0.00347599992528558,-693749.0625,524485.9375,169310.734375
0.00347699993290007,-693827.625,524300.0625,169574.4375
0.00347799994051456,-693906.125,524114.1875,169838.125
0.00347899994812906,-693984.5,523928.21875,170101.78125
0.00347999995574355,-694062.75,523742.15625,170365.421875
0.00348099996335804,-694140.9375,523556.03125,170629.03125
0.00348199997097254,-694219,523369.8125,170892.625
0.00348299997858703,-694297,523183.53125,171156.1875
0.00348399998620152,-694374.875,522997.1875,171419.71875
0.00348499999381602,-694452.625,522810.78125,171683.234375
0.00348600000143051,-694530.3125,522624.28125,171946.734375
0.003487000009045,-694607.875,522437.6875,172210.1875
0.0034880000166595,-694685.375,522251.0625,172473.640625
0.00348900002427399,-694762.75,522064.34375,172737.046875
0.00349000003188848,-694840.0625,521877.53125,173000.4375
0.00349100003950298,-694917.25,521690.65625,173263.8125
0.00349200004711747,-694994.3125,521503.71875,173527.15625
0.00349300005473197,-695071.3125,521316.6875,173790.46875
0.00349400006234646,-695148.1875,521129.59375,174053.765625
0.00349500006996095,-695225,520942.4375,174317.03125
0.00349600007757545,-695301.6875,520755.1875,174580.28125
0.00349700008518994,-695378.25,520567.875,174843.5
0.00349800009280443,-695454.75,520380.5,175106.6875
0.00349900010041893,-695531.125,520193.03125,175369.859375
0.00350000010803342,-695607.4375,520005.5,175633
0.00350100011564791,-695683.625,519817.875,175896.125
0.00350199989043176,-695759.75,519630.21875,176159.21875
0.00350299989804626,-695835.75,519442.4375,176422.28125
0.00350399990566075,-695911.625,519254.625,176685.328125
0.00350499991327524,-695987.4375,519066.71875,176948.34375
0.00350599992088974,-696063.125,518878.71875,177211.34375
0.00350699992850423,-696138.75,518690.6875,177474.3125
0.00350799993611872,-696214.25,518502.5625,177737.25
0.00350899994373322,-696289.625,518314.34375,178000.171875
0.00350999995134771,-696364.9375,518126.0625,178263.0625
0.0035109999589622,-696440.1875,517937.71875,178525.9375
0.0035119999665767,-696515.25,517749.3125,178788.78125
0.00351299997419119,-696590.25,517560.8125,179051.59375
0.00351399998180568,-696665.1875,517372.25,179314.390625
0.00351499998942018,-696740,517183.59375,179577.140625
0.00351599999703467,-696814.6875,516994.875,179839.890625
0.00351700000464916,-696889.3125,516806.09375,180102.609375
0.00351800001226366,-696963.8125,516617.21875,180365.296875
0.00351900001987815,-697038.25,516428.28125,180627.953125
0.00352000002749264,-697112.5625,516239.28125,180890.59375
0.00352100003510714,-697186.75,516050.21875,181153.203125
0.00352200004272163,-697260.875,515861.0625,181415.78125
0.00352300005033612,-697334.9375,515671.8125,181678.34375
0.00352400005795062,-697408.8125,515482.53125,181940.875
0.00352500006556511,-697482.625,515293.125,182203.390625
0.0035260000731796,-697556.375,515103.6875,182465.875
0.0035270000807941,-697630,514914.15625,182728.328125
0.00352800008840859,-697703.5,514724.5625,182990.765625
0.00352900009602308,-697776.9375,514534.90625,183253.171875
0.00353000010363758,-697850.25,514345.15625,183515.546875
0.00353100011125207,-697923.5,514155.34375,183777.890625
0.00353199988603592,-697996.625,513965.46875,184040.21875
0.00353299989365041,-698069.625,513775.5,184302.515625
0.00353399990126491,-698142.5625,513585.46875,184564.796875
0.0035349999088794,-698215.375,513395.34375,184827.046875
0.00353599991649389,-698288.125,513205.1875,185089.265625
0.00353699992410839,-698360.75,513014.9375,185351.453125
0.00353799993172288,-698433.3125,512824.59375,185613.625
0.00353899993933737,-698505.6875,512634.1875,185875.765625
0.00353999994695187,-698578.0625,512443.71875,186137.890625
0.00354099995456636,-698650.25,512253.1875,186399.96875
0.00354199996218085,-698722.4375,512062.5625,186662.03125
0.00354299996979535,-698794.4375,511871.875,186924.078125
0.00354399997740984,-698866.375,511681.125,187186.078125
0.00354499998502433,-698938.1875,511490.28125,187448.0625
0.00354599999263883,-699009.9375,511299.375,187710.015625
0.00354700000025332,-699081.5625,511108.375,187971.953125
0.00354800000786781,-699153.125,510917.34375,188233.859375
0.00354900001548231,-699224.5625,510726.21875,188495.734375
0.0035500000230968,-699295.875,510535,188757.578125
0.00355100003071129,-699367.125,510343.75,189019.40625
0.00355200003832579,-699438.25,510152.40625,189281.203125
0.00355300004594028,-699509.3125,509960.96875,189542.96875
0.00355400005355477,-699580.25,509769.5,189804.71875
0.00355500006116927,-699651.125,509577.9375,190066.421875
0.00355600006878376,-699721.8125,509386.28125,190328.109375
0.00355700007639825,-699792.5,509194.59375,190589.78125
0.00355800008401275,-699863,509002.8125,190851.40625
0.00355900009162724,-699933.4375,508810.96875,191113.015625
0.00356000009924173,-700003.8125,508619.03125,191374.59375
0.00356100010685623,-700074.0625,508427.03125,191636.15625
0.00356200011447072,-700144.1875,508234.96875,191897.671875
0.00356299988925457,-700214.25,508042.84375,192159.171875
0.00356399989686906,-700284.1875,507850.625,192420.640625
0.00356499990448356,-700354.0625,507658.34375,192682.09375
0.00356599991209805,-700423.8125,507465.96875,192943.5
0.00356699991971254,-700493.4375,507273.5625,193204.890625
0.00356799992732704,-700563,507081.0625,193466.25
0.00356899993494153,-700632.4375,506888.46875,193727.59375
0.00356999994255602,-700701.75,506695.84375,193988.890625
0.00357099995017052,-700771,506503.125,194250.171875
0.00357199995778501,-700840.1875,506310.3125,194511.421875
0.0035729999653995,-700909.25,506117.46875,194772.640625
0.003573999973014,-700978.1875,505924.53125,195033.84375
0.00357499998062849,-701047,505731.53125,195295.015625
0.00357599998824298,-701115.8125,505538.4375,195556.15625
0.00357699999585748,-701184.4375,505345.3125,195817.265625
0.00357800000347197,-701253,505152.09375,196078.34375
0.00357900001108646,-701321.4375,504958.78125,196339.40625
0.00358000001870096,-701389.8125,504765.4375,196600.4375
0.00358100002631545,-701458.0625,504572,196861.4375
0.00358200003392994,-701526.1875,504378.46875,197122.40625
0.00358300004154444,-701594.25,504184.90625,197383.359375
0.00358400004915893,-701662.1875,503991.25,197644.265625
0.00358500005677342,-701730.0625,503797.53125,197905.15625
0.00358600006438792,-701797.8125,503603.75,198166.015625
0.00358700007200241,-701865.5,503409.875,198426.859375
0.0035880000796169,-701933,503215.9375,198687.65625
0.0035890000872314,-702000.5,503021.9375,198948.4375
0.00359000009484589,-702067.8125,502827.84375,199209.1875
0.00359100010246038,-702135.0625,502633.6875,199469.90625
0.00359200011007488,-702202.25,502439.46875,199730.59375
0.00359299988485873,-702269.3125,502245.1875,199991.25
0.00359399989247322,-702336.25,502050.8125,200251.890625
0.00359499990008771,-702403.125,501856.375,200512.5
0.00359599990770221,-702469.875,501661.875,200773.078125
0.0035969999153167,-702536.5,501467.28125,201033.625
0.00359799992293119,-702603.0625,501272.625,201294.140625
0.00359899993054569,-702669.5625,501077.90625,201554.640625
0.00359999993816018,-702735.875,500883.125,201815.09375
0.00360099994577467,-702802.1875,500688.25,202075.53125
0.00360199995338917,-702868.3125,500493.3125,202335.9375
0.00360299996100366,-702934.375,500298.3125,202596.3125
0.00360399996861815,-703000.3125,500103.25,202856.671875
0.00360499997623265,-703066.1875,499908.09375,203116.984375
0.00360599998384714,-703131.9375,499712.875,203377.28125
0.00360699999146163,-703197.625,499517.59375,203637.546875
0.00360799999907613,-703263.1875,499322.21875,203897.765625
0.00360900000669062,-703328.625,499126.78125,204157.984375
0.00361000001430511,-703394,498931.28125,204418.15625
0.00361100002191961,-703459.25,498735.71875,204678.296875
0.0036120000295341,-703524.375,498540.0625,204938.421875
0.00361300003714859,-703589.4375,498344.34375,205198.5
0.00361400004476309,-703654.4375,498148.5625,205458.5625
0.00361500005237758,-703719.25,497952.6875,205718.59375
0.00361600005999207,-703784.0625,497756.78125,205978.59375
0.00361700006760657,-703848.6875,497560.78125,206238.5625
0.00361800007522106,-703913.25,497364.6875,206498.5
0.00361900008283556,-703977.6875,497168.5625,206758.421875
0.00362000009045005,-704042.0625,496972.34375,207018.296875
0.00362100009806454,-704106.3125,496776.0625,207278.15625
0.00362200010567904,-704170.5,496579.71875,207537.96875
0.00362300011329353,-704234.5625,496383.28125,207797.765625
0.00362399988807738,-704298.5,496186.78125,208057.53125
0.00362499989569187,-704362.375,495990.21875,208317.265625
0.00362599990330637,-704426.125,495793.59375,208576.984375
0.00362699991092086,-704489.75,495596.875,208836.65625
0.00362799991853535,-704553.3125,495400.125,209096.296875
0.00362899992614985,-704616.8125,495203.28125,209355.921875
0.00362999993376434,-704680.125,495006.34375,209615.5
0.00363099994137883,-704743.375,494809.375,209875.0625
0.00363199994899333,-704806.5625,494612.3125,210134.59375
0.00363299995660782,-704869.625,494415.1875,210394.078125
0.00363399996422231,-704932.5625,494217.96875,210653.546875
0.00363499997183681,-704995.4375,494020.71875,210912.984375
0.0036359999794513,-705058.1875,493823.375,211172.390625
0.00363699998706579,-705120.8125,493625.96875,211431.78125
0.00363799999468029,-705183.375,493428.5,211691.125
0.00363900000229478,-705245.875,493230.9375,211950.4375
0.00364000000990927,-705308.1875,493033.3125,212209.734375
0.00364100001752377,-705370.4375,492835.625,212468.984375
0.00364200002513826,-705432.625,492637.875,212728.21875
0.00364300003275275,-705494.6875,492440.03125,212987.40625
0.00364400004036725,-705556.625,492242.15625,213246.578125
0.00364500004798174,-705618.5,492044.1875,213505.71875
0.00364600005559623,-705680.25,491846.125,213764.8125
0.00364700006321073,-705741.875,491648.03125,214023.890625
0.00364800007082522,-705803.4375,491449.84375,214282.9375
0.00364900007843971,-705864.875,491251.59375,214541.953125
0.00365000008605421,-705926.25,491053.28125,214800.9375
0.0036510000936687,-705987.5,490854.875,215059.890625
0.00365200010128319,-706048.625,490656.4375,215318.8125
0.00365300010889769,-706109.6875,490457.90625,215577.703125
0.00365399988368154,-706170.6875,490259.3125,215836.5625
0.00365499989129603,-706231.5,490060.625,216095.40625
0.00365599989891052,-706292.25,489861.90625,216354.203125
0.00365699990652502,-706352.9375,489663.09375,216612.96875
0.00365799991413951,-706413.4375,489464.21875,216871.703125
0.003658999921754,-706473.9375,489265.28125,217130.421875
0.0036599999293685,-706534.25,489066.25,217389.09375
0.00366099993698299,-706594.5,488867.1875,217647.734375
0.00366199994459748,-706654.625,488668.03125,217906.359375
0.00366299995221198,-706714.6875,488468.8125,218164.9375
0.00366399995982647,-706774.625,488269.5,218423.5
0.00366499996744096,-706834.5,488070.15625,218682.015625
0.00366599997505546,-706894.25,487870.71875,218940.5
0.00366699998266995,-706953.875,487671.21875,219198.96875
0.00366799999028444,-707013.4375,487471.625,219457.390625
0.00366899999789894,-707072.875,487272,219715.796875
0.00367000000551343,-707132.25,487072.28125,219974.15625
0.00367100001312792,-707191.4375,486872.5,220232.5
0.00367200002074242,-707250.625,486672.65625,220490.796875
0.00367300002835691,-707309.625,486472.75,220749.078125
0.0036740000359714,-707368.625,486272.75,221007.3125
0.0036750000435859,-707427.4375,486072.71875,221265.53125
0.00367600005120039,-707486.1875,485872.59375,221523.703125
0.00367700005881488,-707544.8125,485672.40625,221781.84375
0.00367800006642938,-707603.375,485472.125,222039.96875
0.00367900007404387,-707661.8125,485271.8125,222298.046875
0.00368000008165836,-707720.125,485071.40625,222556.09375
0.00368100008927286,-707778.375,484870.9375,222814.125
0.00368200009688735,-707836.5,484670.40625,223072.109375
0.00368300010450184,-707894.5625,484469.78125,223330.0625
0.00368400011211634,-707952.5,484269.125,223588
0.00368499988690019,-708010.3125,484068.375,223845.890625
0.00368599989451468,-708068.0625,483867.5625,224103.75
0.00368699990212917,-708125.6875,483666.6875,224361.578125
0.00368799990974367,-708183.25,483465.71875,224619.375
0.00368899991735816,-708240.6875,483264.6875,224877.140625
0.00368999992497265,-708298,483063.625,225134.875
0.00369099993258715,-708355.25,482862.46875,225392.578125
0.00369199994020164,-708412.375,482661.21875,225650.25
0.00369299994781613,-708469.375,482459.9375,225907.890625
0.00369399995543063,-708526.3125,482258.5625,226165.5
0.00369499996304512,-708583.125,482057.15625,226423.0625
0.00369599997065961,-708639.875,481855.65625,226680.609375
0.00369699997827411,-708696.5,481654.09375,226938.125
0.0036979999858886,-708753,481452.4375,227195.59375
0.00369899999350309,-708809.4375,481250.75,227453.046875
0.00370000000111759,-708865.8125,481048.96875,227710.453125
0.00370100000873208,-708922,480847.125,227967.828125
0.00370200001634657,-708978.125,480645.21875,228225.1875
0.00370300002396107,-709034.125,480443.25,228482.5
0.00370400003157556,-709090.0625,480241.1875,228739.78125
0.00370500003919005,-709145.875,480039.0625,228997.03125
0.00370600004680455,-709201.625,479836.875,229254.25
0.00370700005441904,-709257.25,479634.625,229511.4375
0.00370800006203353,-709312.75,479432.3125,229768.59375
0.00370900006964803,-709368.1875,479229.9375,230025.703125
0.00371000007726252,-709423.5,479027.46875,230282.796875
0.00371100008487701,-709478.6875,478824.9375,230539.84375
0.00371200009249151,-709533.8125,478622.375,230796.875
0.003713000100106,-709588.875,478419.6875,231053.859375
0.00371400010772049,-709643.75,478216.96875,231310.8125
0.00371500011533499,-709698.5625,478014.1875,231567.734375
0.00371599989011884,-709753.3125,477811.3125,231824.625
0.00371699989773333,-709807.875,477608.375,232081.484375
0.00371799990534782,-709862.4375,477405.375,232338.3125
0.00371899991296232,-709916.8125,477202.3125,232595.109375
0.00371999992057681,-709971.125,476999.1875,232851.859375
0.0037209999281913,-710025.3125,476795.96875,233108.59375
0.0037219999358058,-710079.4375,476592.71875,233365.28125
0.00372299994342029,-710133.4375,476389.375,233621.9375
0.00372399995103478,-710187.375,476185.96875,233878.5625
0.00372499995864928,-710241.1875,475982.5,234135.15625
0.00372599996626377,-710294.875,475778.9375,234391.71875
0.00372699997387826,-710348.5,475575.34375,234648.25
0.00372799998149276,-710402,475371.65625,234904.734375
0.00372899998910725,-710455.375,475167.90625,235161.203125
0.00372999999672174,-710508.6875,474964.09375,235417.625
0.00373100000433624,-710561.875,474760.21875,235674.015625
0.00373200001195073,-710614.9375,474556.28125,235930.375
0.00373300001956522,-710667.9375,474352.25,236186.703125
0.00373400002717972,-710720.875,474148.1875,236442.984375
0.00373500003479421,-710773.625,473944.03125,236699.25
0.0037360000424087,-710826.375,473739.8125,236955.46875
0.0037370000500232,-710878.9375,473535.53125,237211.671875
0.00373800005763769,-710931.4375,473331.1875,237467.828125
0.00373900006525218,-710983.8125,473126.75,237723.953125
0.00374000007286668,-711036.125,472922.28125,237980.03125
0.00374100008048117,-711088.3125,472717.71875,238236.09375
0.00374200008809566,-711140.375,472513.09375,238492.109375
0.00374300009571016,-711192.375,472308.40625,238748.109375
0.00374400010332465,-711244.25,472103.65625,239004.0625
0.00374500011093915,-711296.0625,471898.84375,239259.96875
0.00374599988572299,-711347.75,471693.96875,239515.859375
0.00374699989333749,-711399.3125,471489,239771.71875
0.00374799990095198,-711450.8125,471283.96875,240027.53125
0.00374899990856647,-711502.1875,471078.875,240283.3125
0.00374999991618097,-711553.4375,470873.71875,240539.0625
0.00375099992379546,-711604.625,470668.5,240794.78125
0.00375199993140996,-711655.6875,470463.21875,241050.46875
0.00375299993902445,-711706.6875,470257.875,241306.109375
0.00375399994663894,-711757.5625,470052.4375,241561.71875
0.00375499995425344,-711808.3125,469846.9375,241817.296875
0.00375599996186793,-711859,469641.40625,242072.84375
0.00375699996948242,-711909.5625,469435.78125,242328.359375
0.00375799997709692,-711960.0625,469230.09375,242583.828125
0.00375899998471141,-712010.4375,469024.3125,242839.265625
0.0037599999923259,-712060.6875,468818.5,243094.671875
0.0037609999999404,-712110.875,468612.59375,243350.046875
0.00376200000755489,-712160.9375,468406.65625,243605.375
0.00376300001516938,-712210.875,468200.625,243860.6875
0.00376400002278388,-712260.75,467994.53125,244115.953125
0.00376500003039837,-712310.5,467788.375,244371.1875
0.00376600003801286,-712360.1875,467582.15625,244626.390625
0.00376700004562736,-712409.75,467375.875,244881.546875
0.00376800005324185,-712459.1875,467169.5,245136.671875
0.00376900006085634,-712508.5625,466963.09375,245391.765625
0.00377000006847084,-712557.8125,466756.59375,245646.828125
0.00377100007608533,-712606.9375,466550.03125,245901.859375
0.00377200008369982,-712656,466343.4375,246156.84375
0.00377300009131432,-712704.9375,466136.75,246411.796875
0.00377400009892881,-712753.8125,465929.96875,246666.71875
0.0037750001065433,-712802.5625,465723.15625,246921.59375
0.0037760001141578,-712851.1875,465516.28125,247176.453125
0.00377699988894165,-712899.75,465309.3125,247431.265625
0.00377799989655614,-712948.1875,465102.3125,247686.046875
0.00377899990417063,-712996.5,464895.21875,247940.78125
0.00377999991178513,-713044.75,464688.0625,248195.5
0.00378099991939962,-713092.9375,464480.84375,248450.171875
0.00378199992701411,-713140.9375,464273.5625,248704.796875
0.00378299993462861,-713188.875,464066.21875,248959.40625
0.0037839999422431,-713236.75,463858.8125,249213.96875
0.00378499994985759,-713284.4375,463651.3125,249468.5
0.00378599995747209,-713332.0625,463443.78125,249723
0.00378699996508658,-713379.625,463236.15625,249977.46875
0.00378799997270107,-713427.0625,463028.46875,250231.890625
0.00378899998031557,-713474.375,462820.75,250486.28125
0.00378999998793006,-713521.625,462612.9375,250740.625
0.00379099999554455,-713568.75,462405.0625,250994.953125
0.00379200000315905,-713615.75,462197.09375,251249.234375
0.00379300001077354,-713662.6875,461989.09375,251503.484375
0.00379400001838803,-713709.5,461781.03125,251757.6875
0.00379500002600253,-713756.25,461572.875,252011.875
0.00379600003361702,-713802.875,461364.6875,252266.015625
0.00379700004123151,-713849.375,461156.40625,252520.109375
0.00379800004884601,-713895.8125,460948.0625,252774.1875
0.0037990000564605,-713942.125,460739.6875,253028.21875
0.00380000006407499,-713988.3125,460531.21875,253282.21875
0.00380100007168949,-714034.4375,460322.6875,253536.171875
0.00380200007930398,-714080.4375,460114.09375,253790.09375
0.00380300008691847,-714126.375,459905.40625,254043.984375
0.00380400009453297,-714172.1875,459696.6875,254297.828125
0.00380500010214746,-714217.875,459487.90625,254551.65625
0.00380600010976195,-714263.5,459279.03125,254805.4375
0.0038069998845458,-714309,459070.125,255059.171875
0.0038079998921603,-714354.375,458861.125,255312.875
0.00380899989977479,-714399.6875,458652.0625,255566.546875
0.00380999990738928,-714444.875,458442.9375,255820.1875
0.00381099991500378,-714490,458233.75,256073.78125
0.00381199992261827,-714534.9375,458024.5,256327.34375
0.00381299993023276,-714579.875,457815.1875,256580.875
0.00381399993784726,-714624.625,457605.8125,256834.359375
0.00381499994546175,-714669.3125,457396.375,257087.8125
0.00381599995307624,-714713.9375,457186.875,257341.21875
0.00381699996069074,-714758.4375,456977.28125,257594.609375
0.00381799996830523,-714802.8125,456767.65625,257847.953125
0.00381899997591972,-714847.0625,456557.9375,258101.25
0.00381999998353422,-714891.25,456348.15625,258354.515625
0.00382099999114871,-714935.375,456138.34375,258607.75
0.0038219999987632,-714979.3125,455928.4375,258860.953125
0.0038230000063777,-715023.1875,455718.46875,259114.109375
0.00382400001399219,-715067,455508.4375,259367.234375
0.00382500002160668,-715110.6875,455298.34375,259620.3125
0.00382600002922118,-715154.25,455088.1875,259873.359375
0.00382700003683567,-715197.6875,454877.96875,260126.375
0.00382800004445016,-715241.0625,454667.6875,260379.34375
0.00382900005206466,-715284.3125,454457.3125,260632.28125
0.00383000005967915,-715327.5,454246.90625,260885.1875
0.00383100006729364,-715370.5625,454036.4375,261138.046875
0.00383200007490814,-715413.5625,453825.875,261390.875
0.00383300008252263,-715456.375,453615.28125,261643.65625
0.00383400009013712,-715499.1875,453404.59375,261896.40625
0.00383500009775162,-715541.8125,453193.84375,262149.125
0.00383600010536611,-715584.375,452983.0625,262401.8125
0.0038370001129806,-715626.8125,452772.1875,262654.4375
0.00383799988776445,-715669.1875,452561.25,262907.0625
0.00383899989537895,-715711.4375,452350.25,263159.625
0.00383999990299344,-715753.5625,452139.1875,263412.15625
0.00384099991060793,-715795.625,451928.0625,263664.625
0.00384199991822243,-715837.5625,451716.875,263917.09375
0.00384299992583692,-715879.4375,451505.625,264169.5
0.00384399993345141,-715921.1875,451294.3125,264421.875
0.00384499994106591,-715962.8125,451082.9375,264674.21875
0.0038459999486804,-716004.375,450871.46875,264926.53125
0.00384699995629489,-716045.8125,450659.96875,265178.78125
0.00384799996390939,-716087.125,450448.40625,265431.03125
0.00384899997152388,-716128.375,450236.75,265683.21875
0.00384999997913837,-716169.5,450025.0625,265935.375
0.00385099998675287,-716210.5,449813.28125,266187.46875
0.00385199999436736,-716251.4375,449601.46875,266439.5625
0.00385300000198185,-716292.25,449389.5625,266691.59375
0.00385400000959635,-716333,449177.59375,266943.59375
0.00385500001721084,-716373.625,448965.59375,267195.5625
0.00385600002482533,-716414.125,448753.5,267447.46875
0.00385700003243983,-716454.5625,448541.34375,267699.375
0.00385800004005432,-716494.875,448329.125,267951.21875
0.00385900004766881,-716535.125,448116.84375,268203.03125
0.00386000005528331,-716575.25,447904.53125,268454.8125
0.0038610000628978,-716615.25,447692.125,268706.53125
0.00386200007051229,-716655.125,447479.65625,268958.21875
0.00386300007812679,-716694.9375,447267.125,269209.90625
0.00386400008574128,-716734.6875,447054.53125,269461.5
0.00386500009335577,-716774.25,446841.84375,269713.09375
0.00386600010097027,-716813.75,446629.125,269964.625
0.00386700010858476,-716853.1875,446416.34375,270216.15625
0.00386800011619925,-716892.5,446203.5,270467.59375
0.0038689998909831,-716931.6875,445990.59375,270719.03125
0.0038699998985976,-716970.75,445777.625,270970.4375
0.00387099990621209,-717009.75,445564.5625,271221.78125
0.00387199991382658,-717048.6875,445351.46875,271473.09375
0.00387299992144108,-717087.4375,445138.3125,271724.375
0.00387399992905557,-717126.125,444925.0625,271975.59375
0.00387499993667006,-717164.75,444711.78125,272226.78125
0.00387599994428456,-717203.1875,444498.4375,272477.9375
0.00387699995189905,-717241.5625,444285,272729.0625
0.00387799995951355,-717279.875,444071.53125,272980.15625
0.00387899996712804,-717318.0625,443858,273231.1875
0.00387999997474253,-717356.125,443644.375,273482.1875
0.00388099998235703,-717394.125,443430.71875,273733.15625
0.00388199998997152,-717432,443216.96875,273984.09375
0.00388299999758601,-717469.75,443003.1875,274234.96875
0.00388400000520051,-717507.4375,442789.3125,274485.8125
0.003885000012815,-717545,442575.40625,274736.625
0.00388600002042949,-717582.4375,442361.40625,274987.40625
0.00388700002804399,-717619.8125,442147.34375,275238.125
0.00388800003565848,-717657.0625,441933.25,275488.8125
0.00388900004327297,-717694.25,441719.0625,275739.46875
0.00389000005088747,-717731.25,441504.84375,275990.0625
0.00389100005850196,-717768.25,441290.53125,276240.65625
0.00389200006611645,-717805.0625,441076.15625,276491.1875
0.00389300007373095,-717841.8125,440861.75,276741.6875
0.00389400008134544,-717878.5,440647.25,276992.125
0.00389500008895993,-717915.0625,440432.71875,277242.5625
0.00389600009657443,-717951.5,440218.09375,277492.9375
0.00389700010418892,-717987.8125,440003.40625,277743.25
0.00389800011180341,-718024.0625,439788.6875,277993.5625
0.00389899988658726,-718060.1875,439573.875,278243.8125
0.00389999989420176,-718096.25,439359.03125,278494.03125
0.00390099990181625,-718132.1875,439144.09375,278744.21875
0.00390199990943074,-718168,438929.09375,278994.34375
0.00390299991704524,-718203.75,438714.0625,279244.4375
0.00390399992465973,-718239.375,438498.9375,279494.5
0.00390499993227422,-718274.875,438283.75,279744.53125
0.00390599993988872,-718310.3125,438068.53125,279994.5
0.00390700018033385,-718345.625,437853.21875,280244.4375
0.0039079999551177,-718380.875,437637.875,280494.34375
0.00390900019556284,-718415.9375,437422.4375,280744.21875
0.00390999997034669,-718451,437206.96875,280994.03125
0.00391100021079183,-718485.875,436991.40625,281243.8125
0.00391199998557568,-718520.6875,436775.78125,281493.5625
0.00391300022602081,-718555.4375,436560.125,281743.25
0.00391400000080466,-718590,436344.375,281992.90625
0.00391499977558851,-718624.5,436128.59375,282242.53125
0.00391600001603365,-718658.9375,435912.71875,282492.125
0.0039169997908175,-718693.25,435696.8125,282741.65625
0.00391800003126264,-718727.4375,435480.84375,282991.15625
0.00391899980604649,-718761.5,435264.78125,283240.625
0.00392000004649162,-718795.5,435048.6875,283490.03125
0.00392099982127547,-718829.4375,434832.5,283739.40625
0.00392200006172061,-718863.1875,434616.28125,283988.75
0.00392299983650446,-718896.875,434400,284238.0625
0.0039240000769496,-718930.5,434183.625,284487.3125
0.00392499985173345,-718963.9375,433967.21875,284736.53125
0.00392600009217858,-718997.3125,433750.75,284985.71875
0.00392699986696243,-719030.625,433534.1875,285234.84375
0.00392800010740757,-719063.8125,433317.59375,285483.9375
0.00392899988219142,-719096.875,433100.9375,285733
0.00393000012263656,-719129.8125,432884.21875,285982
0.00393099989742041,-719162.6875,432667.4375,286230.96875
0.00393200013786554,-719195.5,432450.59375,286479.90625
0.00393299991264939,-719228.125,432233.6875,286728.8125
0.00393400015309453,-719260.6875,432016.71875,286977.65625
0.00393499992787838,-719293.1875,431799.6875,287226.46875
0.00393600016832352,-719325.5,431582.59375,287475.25
0.00393699994310737,-719357.75,431365.4375,287723.96875
0.0039380001835525,-719389.9375,431148.21875,287972.65625
0.00393899995833635,-719422,430930.9375,288221.3125
0.00394000019878149,-719453.9375,430713.59375,288469.90625
0.00394099997356534,-719485.8125,430496.21875,288718.5
0.00394200021401048,-719517.5,430278.75,288967
0.00394299998879433,-719549.1875,430061.21875,289215.5
0.00394400022923946,-719580.6875,429843.65625,289463.9375
0.00394500000402331,-719612.125,429626,289712.34375
0.00394599977880716,-719643.5,429408.3125,289960.71875
0.0039470000192523,-719674.75,429190.53125,290209.03125
0.00394799979403615,-719705.875,428972.71875,290457.3125
0.00394900003448129,-719736.875,428754.8125,290705.53125
0.00394999980926514,-719767.8125,428536.875,290953.75
0.00395100004971027,-719798.625,428318.875,291201.875
0.00395199982449412,-719829.375,428100.78125,291450
0.00395300006493926,-719860,427882.65625,291698.0625
0.00395399983972311,-719890.5,427664.46875,291946.09375
0.00395500008016825,-719920.9375,427446.21875,292194.09375
0.0039559998549521,-719951.25,427227.90625,292442.03125
0.00395700009539723,-719981.4375,427009.53125,292689.9375
0.00395799987018108,-720011.5625,426791.09375,292937.8125
0.00395900011062622,-720041.5625,426572.59375,293185.625
0.00395999988541007,-720071.4375,426354.0625,293433.40625
0.00396100012585521,-720101.25,426135.4375,293681.15625
0.00396199990063906,-720130.9375,425916.75,293928.84375
0.00396300014108419,-720160.5625,425698.03125,294176.5
0.00396399991586804,-720190.0625,425479.21875,294424.125
0.00396500015631318,-720219.4375,425260.375,294671.6875
0.00396599993109703,-720248.75,425041.4375,294919.21875
0.00396700017154217,-720277.9375,424822.46875,295166.71875
0.00396799994632602,-720307,424603.4375,295414.15625
0.00396900018677115,-720336,424384.3125,295661.5625
0.003969999961555,-720364.875,424165.15625,295908.9375
0.00397100020200014,-720393.625,423945.9375,296156.25
0.00397199997678399,-720422.3125,423726.65625,296403.53125
0.00397300021722913,-720450.875,423507.3125,296650.75
0.00397399999201298,-720479.375,423287.90625,296897.9375
0.00397500023245811,-720507.75,423068.46875,297145.09375
0.00397600000724196,-720536,422848.9375,297392.21875
0.00397699978202581,-720564.1875,422629.34375,297639.28125
0.00397800002247095,-720592.25,422409.71875,297886.3125
0.0039789997972548,-720620.1875,422190,298133.28125
0.00398000003769994,-720648.0625,421970.25,298380.21875
0.00398099981248379,-720675.8125,421750.4375,298627.125
0.00398200005292892,-720703.4375,421530.5625,298873.96875
0.00398299982771277,-720731,421310.59375,299120.78125
0.00398400006815791,-720758.4375,421090.59375,299367.5625
0.00398499984294176,-720785.8125,420870.53125,299614.28125
0.0039860000833869,-720813.0625,420650.4375,299860.96875
0.00398699985817075,-720840.1875,420430.25,300107.625
0.00398800009861588,-720867.25,420210,300354.21875
0.00398899987339973,-720894.125,419989.6875,300600.78125
0.00399000011384487,-720921,419769.34375,300847.28125
0.00399099988862872,-720947.6875,419548.9375,301093.78125
0.00399200012907386,-720974.375,419328.4375,301340.1875
0.00399299990385771,-721000.875,419107.90625,301586.59375
0.00399400014430285,-721027.3125,418887.3125,301832.9375
0.00399499991908669,-721053.625,418666.65625,302079.21875
0.00399600015953183,-721079.8125,418445.9375,302325.46875
0.00399699993431568,-721105.9375,418225.15625,302571.6875
0.00399800017476082,-721131.9375,418004.3125,302817.875
0.00399899994954467,-721157.875,417783.40625,303064
0.00400000018998981,-721183.6875,417562.46875,303310.09375
0.00400099996477365,-721209.375,417341.4375,303556.125
0.00400200020521879,-721235,417120.375,303802.125
0.00400299998000264,-721260.5,416899.25,304048.09375
0.00400400022044778,-721285.875,416678.0625,304294
0.00400499999523163,-721311.1875,416456.8125,304539.875
0.00400599977001548,-721336.375,416235.5,304785.6875
0.00400700001046062,-721361.4375,416014.125,305031.46875
0.00400799978524446,-721386.4375,415792.6875,305277.21875
0.0040090000256896,-721411.3125,415571.21875,305522.90625
0.00400999980047345,-721436.125,415349.65625,305768.5625
0.00401100004091859,-721460.8125,415128.0625,306014.15625
0.00401199981570244,-721485.375,414906.375,306259.75
0.00401300005614758,-721509.875,414684.65625,306505.25
0.00401399983093143,-721534.25,414462.875,306750.75
0.00401500007137656,-721558.5,414241.03125,306996.1875
0.00401599984616041,-721582.6875,414019.125,307241.5625
0.00401700008660555,-721606.75,413797.1875,307486.90625
0.0040179998613894,-721630.6875,413575.15625,307732.21875
0.00401900010183454,-721654.5625,413353.09375,307977.46875
0.00401999987661839,-721678.3125,413130.9375,308222.6875
0.00402100011706352,-721701.9375,412908.75,308467.875
0.00402199989184737,-721725.5,412686.5,308713
0.00402300013229251,-721748.9375,412464.1875,308958.09375
0.00402399990707636,-721772.3125,412241.8125,309203.125
0.0040250001475215,-721795.5625,412019.375,309448.125
0.00402599992230535,-721818.6875,411796.90625,309693.0625
0.00402700016275048,-721841.75,411574.34375,309937.96875
0.00402799993753433,-721864.6875,411351.75,310182.84375
0.00402900017797947,-721887.5,411129.09375,310427.65625
0.00402999995276332,-721910.25,410906.375,310672.4375
0.00403100019320846,-721932.875,410683.59375,310917.1875
0.00403199996799231,-721955.375,410460.75,311161.875
0.00403300020843744,-721977.8125,410237.84375,311406.5
0.00403399998322129,-722000.125,410014.90625,311651.125
0.00403500022366643,-722022.375,409791.875,311895.65625
0.00403599999845028,-722044.5,409568.8125,312140.1875
0.00403699977323413,-722066.5,409345.6875,312384.65625
0.00403800001367927,-722088.375,409122.5,312629.0625
0.00403899978846312,-722110.1875,408899.25,312873.4375
0.00404000002890825,-722131.875,408675.9375,313117.78125
0.0040409998036921,-722153.5,408452.5625,313362.0625
0.00404200004413724,-722175,408229.15625,313606.3125
0.00404299981892109,-722196.375,408005.6875,313850.53125
0.00404400005936623,-722217.6875,407782.125,314094.6875
0.00404499983415008,-722238.875,407558.53125,314338.78125
0.00404600007459521,-722260,407334.90625,314582.84375
0.00404699984937906,-722280.9375,407111.1875,314826.875
0.0040480000898242,-722301.875,406887.40625,315070.84375
0.00404899986460805,-722322.625,406663.59375,315314.78125
0.00405000010505319,-722343.3125,406439.71875,315558.65625
0.00405099987983704,-722363.875,406215.75,315802.5
0.00405200012028217,-722384.375,405991.75,316046.3125
0.00405299989506602,-722404.75,405767.71875,316290.0625
0.00405400013551116,-722425,405543.59375,316533.78125
0.00405499991029501,-722445.1875,405319.40625,316777.4375
0.00405600015074015,-722465.25,405095.1875,317021.0625
0.004056999925524,-722485.1875,404870.90625,317264.625
0.00405800016596913,-722505.0625,404646.5625,317508.15625
0.00405899994075298,-722524.8125,404422.15625,317751.625
0.00406000018119812,-722544.4375,404197.6875,317995.0625
0.00406099995598197,-722564,403973.1875,318238.46875
0.00406200019642711,-722583.4375,403748.59375,318481.8125
0.00406299997121096,-722602.8125,403523.96875,318725.125
0.00406400021165609,-722622.0625,403299.28125,318968.375
0.00406499998643994,-722641.1875,403074.53125,319211.59375
0.00406600022688508,-722660.1875,402849.71875,319454.75
0.00406700000166893,-722679.125,402624.875,319697.875
0.00406799977645278,-722698,402399.9375,319940.9375
0.00406900001689792,-722716.6875,402174.96875,320183.96875
0.00406999979168177,-722735.3125,401949.9375,320426.96875
0.0040710000321269,-722753.875,401724.84375,320669.90625
0.00407199980691075,-722772.25,401499.71875,320912.78125
0.00407300004735589,-722790.5625,401274.5,321155.625
0.00407399982213974,-722808.8125,401049.25,321398.4375
0.00407500006258488,-722826.9375,400823.90625,321641.1875
0.00407599983736873,-722844.9375,400598.53125,321883.90625
0.00407700007781386,-722862.8125,400373.125,322126.5625
0.00407799985259771,-722880.625,400147.625,322369.1875
0.00407900009304285,-722898.3125,399922.09375,322611.75
0.0040799998678267,-722915.9375,399696.46875,322854.28125
0.00408100010827184,-722933.4375,399470.8125,323096.75
0.00408199988305569,-722950.8125,399245.09375,323339.1875
0.00408300012350082,-722968.125,399019.3125,323581.59375
0.00408399989828467,-722985.3125,398793.5,323823.9375
0.00408500013872981,-723002.375,398567.625,324066.21875
0.00408599991351366,-723019.375,398341.65625,324308.46875
0.0040870001539588,-723036.25,398115.65625,324550.6875
0.00408799992874265,-723053,397889.625,324792.84375
0.00408900016918778,-723069.6875,397663.5,325034.96875
0.00408999994397163,-723086.25,397437.34375,325277.03125
0.00409100018441677,-723102.75,397211.09375,325519.03125
0.00409199995920062,-723119.0625,396984.8125,325761.03125
0.00409300019964576,-723135.375,396758.5,326002.9375
0.00409399997442961,-723151.5,396532.09375,326244.8125
0.00409500021487474,-723167.5625,396305.625,326486.65625
0.00409599998965859,-723183.5,396079.125,326728.4375
0.00409700023010373,-723199.375,395852.5625,326970.1875
0.00409800000488758,-723215.125,395625.9375,327211.875
0.00409899977967143,-723230.75,395399.28125,327453.53125
0.00410000002011657,-723246.3125,395172.53125,327695.125
0.00410099979490042,-723261.75,394945.75,327936.6875
0.00410200003534555,-723277.0625,394718.90625,328178.1875
0.0041029998101294,-723292.3125,394492,328419.65625
0.00410400005057454,-723307.4375,394265.03125,328661.09375
0.00410499982535839,-723322.5,394038.03125,328902.4375
0.00410600006580353,-723337.375,393810.96875,329143.78125
0.00410699984058738,-723352.1875,393583.84375,329385.0625
0.00410800008103251,-723366.9375,393356.65625,329626.28125
0.00410899985581636,-723381.5625,393129.40625,329867.46875
0.0041100000962615,-723396.0625,392902.125,330108.59375
0.00411099987104535,-723410.5,392674.78125,330349.6875
0.00411200011149049,-723424.8125,392447.375,330590.71875
0.00411299988627434,-723439,392219.90625,330831.71875
0.00411400012671947,-723453.125,391992.40625,331072.65625
0.00411499990150332,-723467.125,391764.8125,331313.5625
0.00411600014194846,-723481,391537.1875,331554.4375
0.00411699991673231,-723494.8125,391309.5,331795.21875
0.00411800015717745,-723508.5,391081.78125,332036
0.0041189999319613,-723522.0625,390853.96875,332276.6875
0.00412000017240644,-723535.5625,390626.125,332517.375
0.00412099994719028,-723548.9375,390398.21875,332758
0.00412200018763542,-723562.25,390170.25,332998.5625
0.00412299996241927,-723575.375,389942.25,333239.09375
0.00412400020286441,-723588.5,389714.1875,333479.5625
0.00412499997764826,-723601.4375,389486.0625,333719.96875
0.0041260002180934,-723614.3125,389257.875,333960.375
0.00412699999287724,-723627.0625,389029.625,334200.6875
0.00412799976766109,-723639.75,388801.34375,334440.96875
0.00412900000810623,-723652.3125,388573,334681.21875
0.00412999978289008,-723664.75,388344.59375,334921.40625
0.00413100002333522,-723677.125,388116.125,335161.5625
0.00413199979811907,-723689.375,387887.625,335401.65625
0.00413300003856421,-723701.5,387659.03125,335641.6875
0.00413399981334805,-723713.5625,387430.40625,335881.6875
0.00413500005379319,-723725.5,387201.75,336121.65625
0.00413599982857704,-723737.375,386973,336361.5625
0.00413700006902218,-723749.0625,386744.21875,336601.40625
0.00413799984380603,-723760.75,386515.375,336841.21875
0.00413900008425117,-723772.25,386286.46875,337080.96875
0.00413999985903502,-723783.6875,386057.53125,337320.6875
0.00414100009948015,-723795,385828.5,337560.34375
0.004141999874264,-723806.25,385599.4375,337799.96875
0.00414300011470914,-723817.375,385370.3125,338039.53125
0.00414399988949299,-723828.375,385141.15625,338279.0625
0.00414500012993813,-723839.3125,384911.9375,338518.53125
0.00414599990472198,-723850.125,384682.65625,338757.96875
0.00414700014516711,-723860.8125,384453.3125,338997.34375
0.00414799991995096,-723871.4375,384223.90625,339236.65625
0.0041490001603961,-723881.9375,383994.46875,339475.9375
0.00414999993517995,-723892.3125,383764.96875,339715.1875
0.00415100017562509,-723902.625,383535.40625,339954.34375
0.00415199995040894,-723912.8125,383305.8125,340193.5
0.00415300019085407,-723922.875,383076.125,340432.59375
0.00415399996563792,-723932.875,382846.40625,340671.625
0.00415500020608306,-723942.75,382616.625,340910.625
0.00415599998086691,-723952.5625,382386.8125,341149.5625
0.00415700022131205,-723962.25,382156.9375,341388.4375
0.0041579999960959,-723971.8125,381927,341627.28125
0.00415899977087975,-723981.3125,381697,341866.09375
0.00416000001132488,-723990.6875,381466.96875,342104.84375
0.00416099978610873,-723999.9375,381236.84375,342343.53125
0.00416200002655387,-724009.125,381006.71875,342582.1875
0.00416299980133772,-724018.1875,380776.5,342820.78125
0.00416400004178286,-724027.125,380546.25,343059.34375
0.00416499981656671,-724036,380315.90625,343297.84375
0.00416600005701184,-724044.75,380085.5625,343536.28125
0.00416699983179569,-724053.375,379855.125,343774.6875
0.00416800007224083,-724061.9375,379624.65625,344013.0625
0.00416899984702468,-724070.375,379394.125,344251.375
0.00417000008746982,-724078.75,379163.53125,344489.625
0.00417099986225367,-724086.9375,378932.875,344727.84375
0.0041720001026988,-724095.125,378702.1875,344966
0.00417299987748265,-724103.125,378471.4375,345204.125
0.00417400011792779,-724111.0625,378240.65625,345442.1875
0.00417499989271164,-724118.875,378009.78125,345680.1875
0.00417600013315678,-724126.625,377778.875,345918.15625
0.00417699990794063,-724134.25,377547.90625,346156.0625
0.00417800014838576,-724141.75,377316.90625,346393.9375
0.00417899992316961,-724149.1875,377085.84375,346631.75
0.00418000016361475,-724156.5,376854.71875,346869.53125
0.0041809999383986,-724163.6875,376623.53125,347107.25
0.00418200017884374,-724170.8125,376392.3125,347344.9375
0.00418299995362759,-724177.8125,376161.03125,347582.53125
0.00418400019407272,-724184.6875,375929.6875,347820.125
0.00418499996885657,-724191.5,375698.28125,348057.625
0.00418600020930171,-724198.1875,375466.84375,348295.125
0.00418699998408556,-724204.8125,375235.34375,348532.53125
0.0041880002245307,-724211.3125,375003.8125,348769.90625
0.00418899999931455,-724217.6875,374772.1875,349007.21875
0.0041899997740984,-724223.9375,374540.53125,349244.5
0.00419100001454353,-724230.125,374308.84375,349481.71875
0.00419199978932738,-724236.25,374077.0625,349718.90625
0.00419300002977252,-724242.1875,373845.25,349956.03125
0.00419399980455637,-724248.0625,373613.375,350193.09375
0.00419500004500151,-724253.8125,373381.46875,350430.125
0.00419599981978536,-724259.5,373149.46875,350667.125
0.00419700006023049,-724265.0625,372917.4375,350904.03125
0.00419799983501434,-724270.5625,372685.375,351140.90625
0.00419900007545948,-724275.875,372453.21875,351377.75
0.00419999985024333,-724281.125,372221.03125,351614.53125
0.00420100009068847,-724286.3125,371988.8125,351851.25
0.00420199986547232,-724291.375,371756.5,352087.90625
0.00420300010591745,-724296.3125,371524.15625,352324.5625
0.0042039998807013,-724301.125,371291.75,352561.125
0.00420500012114644,-724305.875,371059.3125,352797.65625
0.00420599989593029,-724310.5,370826.8125,353034.125
0.00420700013637543,-724315.0625,370594.25,353270.5625
0.00420799991115928,-724319.5,370361.625,353506.9375
0.00420900015160441,-724323.8125,370128.96875,353743.25
0.00420999992638826,-724328.0625,369896.25,353979.53125
0.0042110001668334,-724332.1875,369663.5,354215.75
0.00421199994161725,-724336.1875,369430.65625,354451.9375
0.00421300018206239,-724340.125,369197.78125,354688.0625
0.00421399995684624,-724343.9375,368964.875,354924.125
0.00421500019729137,-724347.625,368731.90625,355160.15625
0.00421599997207522,-724351.25,368498.875,355396.125
0.00421700021252036,-724354.75,368265.78125,355632.0625
0.00421799998730421,-724358.125,368032.65625,355867.90625
0.00421900022774935,-724361.4375,367799.46875,356103.75
0.0042200000025332,-724364.625,367566.21875,356339.5
0.00422099977731705,-724367.75,367332.9375,356575.21875
0.00422200001776218,-724370.6875,367099.59375,356810.90625
0.00422299979254603,-724373.625,366866.1875,357046.53125
0.00422400003299117,-724376.375,366632.75,357282.09375
0.00422499980777502,-724379.0625,366399.21875,357517.59375
0.00422600004822016,-724381.625,366165.6875,357753.0625
0.00422699982300401,-724384.125,365932.0625,357988.5
0.00422800006344914,-724386.5,365698.40625,358223.84375
0.00422899983823299,-724388.75,365464.71875,358459.15625
0.00423000007867813,-724390.9375,365230.9375,358694.4375
0.00423099985346198,-724393,364997.125,358929.625
0.00423200009390712,-724394.9375,364763.28125,359164.8125
0.00423299986869097,-724396.8125,364529.34375,359399.90625
0.0042340001091361,-724398.5625,364295.375,359634.96875
0.00423499988391995,-724400.25,364061.375,359869.96875
0.00423600012436509,-724401.75,363827.28125,360104.9375
0.00423699989914894,-724403.1875,363593.1875,360339.84375
0.00423800013959408,-724404.5625,363359,360574.6875
0.00423899991437793,-724405.8125,363124.78125,360809.5
0.00424000015482306,-724406.9375,362890.5,361044.25
0.00424099992960691,-724407.9375,362656.15625,361278.9375
0.00424200017005205,-724408.875,362421.78125,361513.59375
0.0042429999448359,-724409.75,362187.34375,361748.1875
0.00424400018528104,-724410.4375,361952.875,361982.71875
0.00424499996006489,-724411.0625,361718.34375,362217.21875
0.00424600020051003,-724411.5625,361483.75,362451.65625
0.00424699997529387,-724412,361249.09375,362686.0625
0.00424800021573901,-724412.3125,361014.40625,362920.40625
0.00424899999052286,-724412.5,360779.65625,363154.6875
0.004250000230968,-724412.625,360544.875,363388.9375
0.00425100000575185,-724412.625,360310.03125,363623.09375
0.0042519997805357,-724412.5625,360075.125,363857.25
0.00425300002098083,-724412.3125,359840.1875,364091.3125
0.00425399979576468,-724412.0625,359605.1875,364325.34375
0.00425500003620982,-724411.625,359370.15625,364559.34375
0.00425599981099367,-724411.125,359135.0625,364793.25
0.00425700005143881,-724410.5,358899.90625,365027.125
0.00425799982622266,-724409.8125,358664.6875,365260.96875
0.0042590000666678,-724409,358429.4375,365494.71875
0.00425999984145164,-724408.0625,358194.125,365728.4375
0.00426100008189678,-724407,357958.78125,365962.125
0.00426199985668063,-724405.875,357723.375,366195.71875
0.00426300009712577,-724404.6875,357487.9375,366429.28125
0.00426399987190962,-724403.3125,357252.40625,366662.8125
0.00426500011235476,-724401.875,357016.84375,366896.25
0.00426599988713861,-724400.375,356781.25,367129.65625
0.00426700012758374,-724398.6875,356545.59375,367363.03125
0.00426799990236759,-724396.9375,356309.875,367596.3125
0.00426900014281273,-724395.125,356074.125,367829.5625
0.00426999991759658,-724393.1875,355838.3125,368062.75
0.00427100015804172,-724391.125,355602.4375,368295.90625
0.00427199993282557,-724388.9375,355366.53125,368529
0.0042730001732707,-724386.6875,355130.5625,368762.03125
0.00427399994805455,-724384.3125,354894.5625,368995.03125
0.00427500018849969,-724381.875,354658.5,369227.96875
0.00427599996328354,-724379.3125,354422.375,369460.84375
0.00427700020372868,-724376.625,354186.21875,369693.6875
0.00427799997851253,-724373.8125,353950,369926.46875
0.00427900021895766,-724370.9375,353713.75,370159.1875
0.00427999999374151,-724368,353477.4375,370391.84375
0.00428099976852536,-724364.875,353241.0625,370624.46875
0.0042820000089705,-724361.6875,353004.65625,370857.03125
0.00428299978375435,-724358.4375,352768.1875,371089.5625
0.00428400002419949,-724355,352531.65625,371322.03125
0.00428499979898334,-724351.5,352295.09375,371554.4375
0.00428600003942847,-724347.9375,352058.46875,371786.78125
0.00428699981421232,-724344.25,351821.8125,372019.09375
0.00428800005465746,-724340.4375,351585.09375,372251.34375
0.00428899982944131,-724336.5,351348.3125,372483.53125
0.00429000006988645,-724332.5,351111.5,372715.6875
0.0042909998446703,-724328.375,350874.65625,372947.78125
0.00429200008511543,-724324.1875,350637.71875,373179.8125
0.00429299985989928,-724319.875,350400.75,373411.8125
0.00429400010034442,-724315.4375,350163.75,373643.71875
0.00429499987512827,-724310.9375,349926.6875,373875.625
0.00429600011557341,-724306.25,349689.5625,374107.4375
0.00429699989035726,-724301.5625,349452.40625,374339.21875
0.00429800013080239,-724296.6875,349215.1875,374570.9375
0.00429899990558624,-724291.75,348977.9375,374802.59375
0.00430000014603138,-724286.75,348740.625,375034.21875
0.00430099992081523,-724281.625,348503.25,375265.78125
0.00430200016126037,-724276.375,348265.84375,375497.28125
0.00430299993604422,-724271,348028.375,375728.75
0.00430400017648935,-724265.5625,347790.875,375960.125
0.0043049999512732,-724260,347553.3125,376191.46875
0.00430600019171834,-724254.3125,347315.6875,376422.78125
0.00430699996650219,-724248.5625,347078.03125,376654.03125
0.00430800020694733,-724242.6875,346840.3125,376885.1875
0.00430899998173118,-724236.75,346602.5625,377116.34375
0.00431000022217631,-724230.6875,346364.75,377347.40625
0.00431099999696016,-724224.5,346126.90625,377578.4375
0.00431199977174401,-724218.25,345889,377809.40625
0.00431300001218915,-724211.875,345651.03125,378040.34375
0.004313999786973,-724205.375,345413.03125,378271.1875
0.00431500002741814,-724198.8125,345174.96875,378502
0.00431599980220199,-724192.125,344936.875,378732.75
0.00431700004264712,-724185.3125,344698.71875,378963.46875
0.00431799981743097,-724178.4375,344460.53125,379194.125
0.00431900005787611,-724171.4375,344222.28125,379424.71875
0.00431999983265996,-724164.3125,343983.96875,379655.25
0.0043210000731051,-724157.125,343745.625,379885.75
0.00432199984788895,-724149.8125,343507.21875,380116.1875
0.00432300008833408,-724142.4375,343268.78125,380346.5625
0.00432399986311793,-724134.875,343030.28125,380576.875
0.00432500010356307,-724127.3125,342791.75,380807.15625
0.00432599987834692,-724119.5625,342553.15625,381037.375
0.00432700011879206,-724111.75,342314.53125,381267.53125
0.00432799989357591,-724103.8125,342075.8125,381497.65625
0.00432900013402104,-724095.8125,341837.09375,381727.6875
0.00432999990880489,-724087.6875,341598.3125,381957.6875
0.00433100014925003,-724079.4375,341359.46875,382187.65625
0.00433199992403388,-724071.125,341120.59375,382417.53125
0.00433300016447902,-724062.6875,340881.65625,382647.375
0.00433399993926287,-724054.125,340642.6875,382877.15625
0.004335000179708,-724045.5,340403.65625,383106.875
0.00433599995449185,-724036.75,340164.5625,383336.5625
0.00433700019493699,-724027.875,339925.4375,383566.1875
0.00433799996972084,-724018.9375,339686.28125,383795.75
0.00433900021016598,-724009.875,339447.0625,384025.25
0.00433999998494983,-724000.75,339207.78125,384254.71875
0.00434100022539496,-723991.5,338968.46875,384484.125
0.00434200000017881,-723982.125,338729.09375,384713.46875
0.00434299977496266,-723972.625,338489.6875,384942.75
0.0043440000154078,-723963.0625,338250.21875,385172
0.00434499979019165,-723953.4375,338010.71875,385401.1875
0.00434600003063679,-723943.625,337771.15625,385630.3125
0.00434699980542064,-723933.75,337531.53125,385859.375
0.00434800004586577,-723923.8125,337291.875,386088.40625
0.00434899982064962,-723913.6875,337052.1875,386317.34375
0.00435000006109476,-723903.5,336812.4375,386546.28125
0.00435099983587861,-723893.25,336572.625,386775.125
0.00435200007632375,-723882.8125,336332.78125,387003.90625
0.0043529998511076,-723872.3125,336092.90625,387232.65625
0.00435400009155273,-723861.75,335852.96875,387461.34375
0.00435499986633658,-723851.0625,335612.96875,387690
0.00435600010678172,-723840.25,335372.9375,387918.5625
0.00435699988156557,-723829.3125,335132.84375,388147.09375
0.00435800012201071,-723818.3125,334892.71875,388375.5625
0.00435899989679456,-723807.1875,334652.53125,388603.96875
0.00436000013723969,-723796,334412.3125,388832.34375
0.00436099991202354,-723784.6875,334172.03125,389060.625
0.00436200015246868,-723773.25,333931.71875,389288.875
0.00436299992725253,-723761.75,333691.34375,389517.0625
0.00436400016769767,-723750.125,333450.90625,389745.21875
0.00436499994248152,-723738.375,333210.4375,389973.28125
0.00436600018292665,-723726.5625,332969.9375,390201.3125
0.0043669999577105,-723714.625,332729.375,390429.28125
0.00436800019815564,-723702.5625,332488.78125,390657.1875
0.00436899997293949,-723690.4375,332248.125,390885.0625
0.00437000021338463,-723678.1875,332007.40625,391112.875
0.00437099998816848,-723665.875,331766.65625,391340.625
0.00437200022861362,-723653.375,331525.875,391568.3125
0.00437300000339746,-723640.875,331285.03125,391795.9375
0.00437399977818131,-723628.1875,331044.15625,392023.53125
0.00437500001862645,-723615.4375,330803.21875,392251.0625
0.0043759997934103,-723602.5625,330562.21875,392478.53125
0.00437700003385544,-723589.625,330321.1875,392705.9375
0.00437799980863929,-723576.5625,330080.125,392933.28125
0.00437900004908442,-723563.375,329839,393160.59375
0.00437999982386827,-723550.125,329597.8125,393387.84375
0.00438100006431341,-723536.75,329356.59375,393615.03125
0.00438199983909726,-723523.25,329115.34375,393842.15625
0.0043830000795424,-723509.6875,328874.03125,394069.25
0.00438399985432625,-723496,328632.65625,394296.28125
0.00438500009477139,-723482.1875,328391.25,394523.21875
0.00438599986955523,-723468.3125,328149.8125,394750.15625
0.00438700011000037,-723454.3125,327908.3125,394977
0.00438799988478422,-723440.25,327666.75,395203.78125
0.00438900012522936,-723426.0625,327425.15625,395430.53125
0.00438999990001321,-723411.75,327183.53125,395657.21875
0.00439100014045835,-723397.3125,326941.84375,395883.84375
0.0043919999152422,-723382.8125,326700.125,396110.4375
0.00439300015568733,-723368.25,326458.34375,396336.9375
0.00439399993047118,-723353.5,326216.5,396563.40625
0.00439500017091632,-723338.6875,325974.65625,396789.8125
0.00439599994570017,-723323.8125,325732.71875,397016.15625
0.00439700018614531,-723308.75,325490.75,397242.4375
0.00439799996092916,-723293.625,325248.75,397468.6875
0.00439900020137429,-723278.4375,325006.6875,397694.875
0.00439999997615814,-723263.0625,324764.59375,397921
0.00440100021660328,-723247.6875,324522.4375,398147.0625
0.00440199999138713,-723232.125,324280.25,398373.0625
0.00440300023183227,-723216.5,324038,398599
0.00440400000661612,-723200.75,323795.71875,398824.90625
0.00440499978139997,-723184.9375,323553.40625,399050.75
0.0044060000218451,-723168.9375,323311,399276.53125
0.00440699979662895,-723152.9375,323068.59375,399502.25
0.00440800003707409,-723136.75,322826.125,399727.9375
0.00440899981185794,-723120.5,322583.59375,399953.53125
0.00441000005230308,-723104.1875,322341.03125,400179.09375
0.00441099982708693,-723087.6875,322098.4375,400404.59375
0.00441200006753206,-723071.125,321855.78125,400630.03125
0.00441299984231591,-723054.5,321613.09375,400855.40625
0.00441400008276105,-723037.6875,321370.34375,401080.75
0.0044149998575449,-723020.8125,321127.53125,401306
0.00441600009799004,-723003.875,320884.71875,401531.21875
0.00441699987277389,-722986.8125,320641.8125,401756.375
0.00441800011321902,-722969.625,320398.90625,401981.46875
0.00441899988800287,-722952.3125,320155.9375,402206.53125
0.00442000012844801,-722934.9375,319912.90625,402431.5
0.00442099990323186,-722917.5,319669.84375,402656.4375
0.004422000143677,-722899.875,319426.71875,402881.3125
0.00442299991846085,-722882.1875,319183.59375,403106.125
0.00442400015890598,-722864.375,318940.375,403330.875
0.00442499993368983,-722846.5,318697.125,403555.59375
0.00442600017413497,-722828.5,318453.84375,403780.21875
0.00442699994891882,-722810.375,318210.5,404004.8125
0.00442800018936396,-722792.1875,317967.125,404229.34375
0.00442899996414781,-722773.875,317723.6875,404453.8125
0.00443000020459294,-722755.5,317480.21875,404678.21875
0.00443099997937679,-722736.9375,317236.71875,404902.5625
0.00443200021982193,-722718.375,316993.15625,405126.875
0.00443299999460578,-722699.625,316749.53125,405351.09375
0.00443399976938963,-722680.8125,316505.875,405575.28125
0.00443500000983477,-722661.875,316262.1875,405799.40625
0.00443599978461862,-722642.875,316018.4375,406023.46875
0.00443700002506375,-722623.75,315774.65625,406247.46875
0.0044379997998476,-722604.5,315530.84375,406471.4375
0.00443900004029274,-722585.1875,315286.96875,406695.3125
0.00443999981507659,-722565.75,315043.03125,406919.15625
0.00444100005552173,-722546.1875,314799.0625,407142.9375
0.00444199983030558,-722526.5625,314555.0625,407366.65625
0.00444300007075071,-722506.8125,314311,407590.3125
0.00444399984553456,-722486.9375,314066.90625,407813.9375
0.0044450000859797,-722467,313822.75,408037.46875
0.00444599986076355,-722446.9375,313578.5625,408260.96875
0.00444700010120869,-722426.8125,313334.34375,408484.375
0.00444799987599254,-722406.5,313090.0625,408707.75
0.00444900011643767,-722386.1875,312845.71875,408931.0625
0.00444999989122152,-722365.6875,312601.375,409154.3125
0.00445100013166666,-722345.125,312356.9375,409377.53125
0.00445199990645051,-722324.4375,312112.5,409600.65625
0.00445300014689565,-722303.6875,311868,409823.75
0.0044539999216795,-722282.8125,311623.4375,410046.75
0.00445500016212463,-722261.8125,311378.875,410269.71875
0.00445599993690848,-722240.75,311134.21875,410492.625
0.00445700017735362,-722219.5625,310889.5625,410715.46875
0.00445799995213747,-722198.3125,310644.8125,410938.28125
0.00445900019258261,-722176.875,310400.0625,411161
0.00445999996736646,-722155.375,310155.25,411383.65625
0.00446100020781159,-722133.8125,309910.40625,411606.28125
0.00446199998259544,-722112.125,309665.5,411828.84375
0.00446300022304058,-722090.3125,309420.5625,412051.34375
0.00446399999782443,-722068.4375,309175.5625,412273.78125
0.00446499977260828,-722046.4375,308930.53125,412496.15625
0.00446600001305342,-722024.3125,308685.46875,412718.46875
0.00446699978783727,-722002.0625,308440.34375,412940.75
0.0044680000282824,-684695.6875,230921.78125,450379.25
0.00446899980306625,-654133.4375,168773.625,480194.125
0.00447000004351139,-641269.25,157606.78125,478941.21875
0.00447099981829524,-607452.8125,161545.28125,442390.5625
0.00447200005874038,-552901.5,166717.421875,383992.5
0.00447299983352423,-502914.25,172049.75,329897.75
0.00447400007396936,-468585.96875,177279.125,291379.5625
0.00447499984875321,-449521.625,182327.796875,268123.65625
0.00447600008919835,-441679.1875,187175.34375,256139.5625
0.0044769998639822,-441140.75,191819.75,251542.703125
0.00447800010442734,-445072.21875,196265.078125,251519.15625
0.00447899987921119,-451639.03125,200517.375,254245.671875
0.00448000011965632,-459706.4375,204583.5,258593.15625
0.00448099989444017,-468582.25,208470.546875,263871.59375
0.00448200013488531,-477843.40625,212185.625,269657.90625
0.00448299990966916,-487228.78125,215735.796875,275689.8125
0.0044840001501143,-496575.40625,219127.90625,281802.3125
0.00448499992489815,-505780.625,222368.578125,287890.40625
0.00448600016534328,-514779.59375,225464.21875,293886.46875
0.00448699994012713,-523531.59375,228420.953125,299747.0625
0.00448800018057227,-532011.75,231244.625,305444.28125
0.00448899995535612,-540205.5625,233940.859375,310960.84375
0.00449000019580126,-548105.875,236515.03125,316286.5625
0.00449099997058511,-555710.3125,238972.25,321416.21875
0.00449200021103024,-563020.1875,241317.4375,326348.0625
0.00449299998581409,-570038,243556.34375,331083.90625
0.00449400022625923,-576755.625,245707.59375,335639.84375
0.00449500000104308,-583139.9375,247817.234375,340059.78125
0.00449599977582693,-589145.375,249944.703125,344401.75
0.00449700001627207,-594734.25,252141.734375,348717.375
0.00449799979105592,-599879.9375,254448.203125,353047.53125
0.00449900003150105,-604567.9375,256891.515625,357421.75
0.0044999998062849,-608794.75,259487.265625,361858.53125
0.00450100004673004,-612567.0625,262240.34375,366366.3125
0.00450199982151389,-615899.9375,265146.625,370945
0.00450300006195903,-618815.1875,268194.59375,375587.46875
0.00450399983674288,-621339.9375,271367.03125,380281.03125
0.00450500007718801,-623505.125,274642.59375,385008.9375
0.00450599985197186,-625343.9375,277997.09375,389751.59375
0.004507000092417,-626890.9375,281404.8125,394487.75
0.00450799986720085,-628181.125,284839.40625,399195.4375
0.00450900010764599,-629248.75,288274.75,403852.6875
0.00450999988242984,-630127.1875,291685.65625,408438.21875
0.00451100012287498,-630848.25,295048.28125,412931.875
0.00451199989765882,-631441.5625,298340.59375,417314.96875
0.00451300013810396,-631934.8125,301542.5,421570.6875
0.00451399991288781,-632353.3125,304636.125,425684
0.00451500015333295,-632719.8125,307605.875,429641.96875
0.0045159999281168,-633054.8125,310438.40625,433433.625
0.00451700016856194,-633376.25,313122.59375,437050.0625
0.00451799994334579,-633699.875,315649.46875,440484.3125
0.00451900018379092,-634039.1875,318012.15625,443731.21875
0.00451999995857477,-634405.4375,320205.65625,446787.375
0.00452100019901991,-634808.125,322226.8125,449651.0625
0.00452199997380376,-635254.8125,324074.09375,452322
0.0045230002142489,-635751.375,325747.40625,454801.1875
0.00452399998903275,-636302.3125,327248,457090.9375
0.00452500022947788,-636910.625,328578.3125,459194.53125
0.00452600000426173,-637578.1875,329741.78125,461116.25
0.00452699977904558,-638305.8125,330742.71875,462861.0625
0.00452800001949072,-639093.375,331586.1875,464434.6875
0.00452899979427457,-639939.8125,332277.90625,465843.40625
0.00453000003471971,-640843.625,332824,467093.875
0.00453099980950356,-641802.5625,333231.0625,468193.15625
0.00453200004994869,-642813.875,333505.96875,469148.53125
0.00453299982473254,-643874.5625,333655.8125,469967.46875
0.00453400006517768,-644981.25,333687.75,470657.53125
0.00453499983996153,-646130.25,333609.03125,471226.28125
0.00453600008040667,-647317.9375,333426.9375,471681.34375
0.00453699985519052,-648540.3125,333148.625,472030.15625
0.00453800009563565,-649793.5625,332781.21875,472280.125
0.0045389998704195,-651073.6875,332331.625,472438.46875
0.00454000011086464,-652376.875,331806.5625,472512.15625
0.00454099988564849,-653699.1875,331212.625,472508.0625
0.00454200012609363,-655037.0625,330556.09375,472432.71875
0.00454299990087748,-656386.75,329843.03125,472292.46875
0.00454400014132261,-657744.8125,329079.21875,472093.34375
0.00454499991610646,-659108,328270.21875,471841.15625
0.0045460001565516,-660473.0625,327421.21875,471541.34375
0.00454699993133545,-661837.0625,326537.1875,471199.15625
0.00454800017178059,-663197.1875,325622.84375,470819.53125
0.00454899994656444,-664550.8125,324682.53125,470407.09375
0.00455000018700957,-665895.4375,323720.375,469966.1875
0.00455099996179342,-667228.9375,322740.1875,469500.90625
0.00455200020223856,-668549.0625,321745.59375,469015.09375
0.00455299997702241,-669854,320739.84375,468512.28125
0.00455400021746755,-671142.0625,319726.03125,467995.78125
0.0045549999922514,-672411.625,318706.9375,467468.65625
0.00455600023269653,-673661.3125,317685.1875,466933.71875
0.00455700000748038,-674889.875,316663.125,466393.53125
0.00455799978226423,-676096.1875,315642.84375,465850.53125
0.00455900002270937,-677279.375,314626.375,465306.84375
0.00455999979749322,-678438.5625,313615.40625,464764.5
0.00456100003793836,-679573.0625,312611.5625,464225.25
0.00456199981272221,-680682.3125,311616.21875,463690.71875
0.00456300005316734,-681765.875,310630.59375,463162.40625
0.00456399982795119,-682823.375,309655.875,462641.59375
0.00456500006839633,-683854.5625,308692.9375,462129.46875
0.00456599984318018,-684859.3125,307742.65625,461627
0.00456700008362532,-685837.5,306805.71875,461135.125
0.00456799985840917,-686789.0625,305882.75,460654.625
0.0045690000988543,-687714.1875,304974.25,460186.1875
0.00456999987363815,-688612.875,304080.59375,459730.40625
0.00457100011408329,-689485.375,303202.09375,459287.71875
0.00457199988886714,-690331.9375,302339.03125,458858.53125
0.00457300012931228,-691152.875,301491.5625,458443.1875
0.00457399990409613,-691948.4375,300659.75,458041.9375
0.00457500014454126,-692719,299843.6875,457654.96875
0.00457599991932511,-693465,299043.3125,457282.375
0.00457700015977025,-694186.8125,298258.59375,456924.25
0.0045779999345541,-694884.9375,297489.4375,456580.625
0.00457900017499924,-695559.8125,296735.65625,456251.4375
0.00457999994978309,-696211.9375,295997.125,455936.65625
0.00458100019022822,-696841.8125,295273.59375,455636.15625
0.00458199996501207,-697449.9375,294564.875,455349.875
0.00458300020545721,-698036.875,293870.6875,455077.5625
0.00458399998024106,-698603.125,293190.75,454819.09375
0.0045850002206862,-699149.25,292524.8125,454574.25
0.00458599999547005,-699675.6875,291872.53125,454342.84375
0.0045869997702539,-700183.125,291233.59375,454124.5625
0.00458800001069903,-700671.9375,290607.6875,453919.21875
0.00458899978548288,-701142.8125,289994.46875,453726.5
0.00459000002592802,-701596.1875,289393.625,453546.1875
0.00459099980071187,-702032.625,288804.78125,453377.96875
0.00459200004115701,-702452.5625,288227.65625,453221.5625
0.00459299981594086,-702856.625,287661.84375,453076.65625
0.00459400005638599,-703245.25,287107.03125,452943
0.00459499983116984,-703619,286562.90625,452820.28125
0.00459600007161498,-703978.25,286029.0625,452708.1875
0.00459699984639883,-704323.5,285505.25,452606.46875
0.00459800008684397,-704655.3125,284991.0625,452514.78125
0.00459899986162782,-704974.0625,284486.25,452432.84375
0.00460000010207295,-705280.1875,283990.4375,452360.375
0.0046009998768568,-705574.125,283503.375,452297.09375
0.00460200011730194,-705856.3125,283024.6875,452242.71875
0.00460299989208579,-706127.1875,282554.09375,452196.96875
0.00460400013253093,-706387.125,282091.34375,452159.59375
0.00460499990731478,-706636.4375,281636.125,452130.28125
0.00460600014775991,-706875.625,281188.1875,452108.8125
0.00460699992254376,-707105,280747.21875,452094.90625
0.0046080001629889,-707324.9375,280312.96875,452088.3125
0.00460899993777275,-707535.6875,279885.21875,452088.8125
0.00461000017821789,-707737.6875,279463.71875,452096.125
0.00461099995300174,-707931.25,279048.1875,452110.0625
0.00461200019344687,-708116.625,278638.4375,452130.40625
0.00461299996823072,-708294.125,278234.21875,452156.875
0.00461400020867586,-708464.0625,277835.3125,452189.3125
0.00461499998345971,-708626.6875,277441.5625,452227.5
0.00461600022390485,-708782.375,277052.71875,452271.21875
0.0046169999986887,-708931.25,276668.625,452320.28125
0.00461799977347255,-709073.5625,276289.03125,452374.53125
0.00461900001391768,-709209.6875,275913.84375,452433.75
0.00461999978870153,-709339.75,275542.84375,452497.75
0.00462100002914667,-709464,275175.84375,452566.40625
0.00462199980393052,-709582.625,274812.71875,452639.53125
0.00462300004437566,-709695.875,274453.3125,452716.9375
0.00462399981915951,-709803.9375,274097.46875,452798.53125
0.00462500005960464,-709907,273745.0625,452884.09375
0.00462599983438849,-710005.3125,273395.9375,452973.5625
0.00462700007483363,-710098.9375,273049.9375,453066.71875
0.00462799984961748,-710188.125,272707,453163.5
0.00462900009006262,-710272.9375,272366.96875,453263.71875
0.00462999986484647,-710353.6875,272029.75,453367.28125
0.0046310001052916,-710430.4375,271695.1875,453474.09375
0.00463199988007545,-710503.375,271363.21875,453583.96875
0.00463300012052059,-710572.5625,271033.71875,453696.84375
0.00463399989530444,-710638.1875,270706.59375,453812.625
0.00463500013574958,-710700.375,270381.75,453931.15625
0.00463599991053343,-710759.25,270059.125,454052.40625
0.00463700015097857,-710815,269738.59375,454176.21875
0.00463799992576241,-710867.625,269420.0625,454302.53125
0.00463900016620755,-710917.25,269103.53125,454431.25
0.0046399999409914,-710964.0625,268788.84375,454562.3125
0.00464100018143654,-711008.0625,268475.96875,454695.59375
0.00464199995622039,-711049.4375,268164.8125,454831.03125
0.00464300019666553,-711088.25,267855.3125,454968.5625
0.00464399997144938,-711124.5625,267547.4375,455108.09375
0.00464500021189451,-711158.4375,267241.09375,455249.5625
0.00464599998667836,-711190.0625,266936.21875,455392.90625
0.0046470002271235,-711219.4375,266632.78125,455538.0625
0.00464800000190735,-711246.6875,266330.71875,455684.96875
0.0046489997766912,-711271.875,266029.96875,455833.5625
0.00465000001713634,-711295,265730.5,455983.78125
0.00465099979192019,-711316.1875,265432.25,456135.5625
0.00465200003236532,-711335.5,265135.15625,456288.84375
0.00465299980714917,-711353,264839.25,456443.59375
0.00465400004759431,-711368.75,264544.40625,456599.78125
0.00465499982237816,-711382.8125,264250.625,456757.3125
0.0046560000628233,-711395.25,263957.84375,456916.15625
0.00465699983760715,-711406.0625,263666.0625,457076.28125
0.00465800007805228,-711415.375,263375.21875,457237.65625
0.00465899985283613,-711423.1875,263085.3125,457400.1875
0.00466000009328127,-711429.5,262796.25,457563.90625
0.00466099986806512,-711434.5,262508.0625,457728.6875
0.00466200010851026,-711438.125,262220.6875,457894.59375
0.00466299988329411,-711440.4375,261934.109375,458061.5
0.00466400012373924,-711441.4375,261648.296875,458229.40625
0.00466499989852309,-711441.25,261363.21875,458398.3125
0.00466600013896823,-711439.875,261078.84375,458568.15625
0.00466699991375208,-711437.375,260795.171875,458738.875
0.00466800015419722,-711433.6875,260512.171875,458910.5
0.00466899992898107,-711428.9375,260229.796875,459082.96875
0.0046700001694262,-711423.125,259948.0625,459256.25
0.00467099994421005,-711416.3125,259666.921875,459430.34375
0.00467200018465519,-711408.4375,259386.375,459605.1875
0.00467299995943904,-711399.6875,259106.375,459780.78125
0.00467400019988418,-711389.9375,258826.9375,459957.09375
0.00467499997466803,-711379.25,258548.015625,460134.09375
0.00467600021511316,-711367.75,258269.609375,460311.78125
0.00467699998989701,-711355.3125,257991.703125,460490.125
0.00467800023034215,-711342.0625,257714.28125,460669.09375
0.004679000005126,-711328,257437.3125,460848.6875
0.00467999977990985,-711313.125,257160.796875,461028.84375
0.00468100002035499,-711297.5,256884.71875,461209.59375
0.00468199979513884,-711281.125,256609.078125,461390.90625
0.00468300003558397,-711264,256333.828125,461572.75
0.00468399981036782,-711246.125,256058.984375,461755.09375
0.00468500005081296,-711227.625,255784.53125,461937.96875
0.00468599982559681,-711208.375,255510.4375,462121.34375
0.00468700006604195,-711188.5,255236.71875,462305.15625
0.0046879998408258,-711167.9375,254963.34375,462489.46875
0.00468900008127093,-711146.8125,254690.328125,462674.1875
0.00468999985605478,-711125.0625,254417.625,462859.34375
0.00469100009649992,-711102.6875,254145.25,463044.9375
0.00469199987128377,-711079.6875,253873.203125,463230.9375
0.00469300011172891,-711056.1875,253601.4375,463417.3125
0.00469399988651276,-711032.0625,253329.984375,463604.0625
0.00469500012695789,-711007.4375,253058.8125,463791.1875
0.00469599990174174,-710982.25,252787.921875,463978.65625
0.00469700014218688,-710956.5625,252517.296875,464166.5
0.00469799991697073,-710930.375,252246.9375,464354.65625
0.00469900015741587,-710903.625,251976.828125,464543.15625
0.00469999993219972,-710876.4375,251706.96875,464731.9375
0.00470100017264485,-710848.8125,251437.359375,464921.0625
0.0047019999474287,-710820.625,251167.984375,465110.46875
0.00470300018787384,-710792.0625,250898.828125,465300.15625
0.00470399996265769,-710763,250629.90625,465490.09375
0.00470500020310283,-710733.5,250361.203125,465680.34375
0.00470599997788668,-710703.625,250092.703125,465870.8125
0.00470700021833181,-710673.25,249824.40625,466061.5625
0.00470799999311566,-710642.5,249556.296875,466252.5625
0.00470899976789951,-710611.375,249288.40625,466443.78125
0.00471000000834465,-710579.8125,249020.6875,466635.21875
0.0047109997831285,-710547.875,248753.15625,466826.90625
0.00471200002357364,-710515.5625,248485.8125,467018.8125
0.00471299979835749,-710482.875,248218.625,467210.90625
0.00471400003880262,-710449.8125,247951.625,467403.1875
0.00471499981358647,-710416.375,247684.765625,467595.6875
0.00471600005403161,-710382.5625,247418.09375,467788.375
0.00471699982881546,-710348.4375,247151.5625,467981.21875
0.0047180000692606,-710314,246885.1875,468174.28125
0.00471899984404445,-710279.1875,246618.953125,468367.5
0.00472000008448958,-710244,246352.875,468560.875
0.00472099985927343,-710208.5625,246086.921875,468754.40625
0.00472200009971857,-710172.75,245821.125,468948.09375
0.00472299987450242,-710136.625,245555.4375,469141.9375
0.00472400011494756,-710100.25,245289.90625,469335.9375
0.00472499988973141,-710063.5,245024.484375,469530.0625
0.00472600013017654,-710026.5,244759.1875,469724.3125
0.00472699990496039,-709989.1875,244494,469918.71875
0.00472800014540553,-709951.5625,244228.953125,470113.25
0.00472899992018938,-709913.6875,243964,470307.875
0.00473000016063452,-709875.5,243699.15625,470502.65625
0.00473099993541837,-709837.0625,243434.4375,470697.53125
0.0047320001758635,-709798.375,243169.8125,470892.5
0.00473299995064735,-709759.375,242905.28125,471087.59375
0.00473400019109249,-709720.125,242640.859375,471282.8125
0.00473499996587634,-709680.5625,242376.53125,471478.09375
0.00473600020632148,-709640.8125,242112.296875,471673.46875
0.00473699998110533,-709600.75,241848.15625,471868.96875
0.00473800022155046,-709560.5,241584.109375,472064.53125
0.00473899999633431,-709519.9375,241320.140625,472260.1875
0.00473999977111816,-709479.125,241056.25,472455.90625
0.0047410000115633,-709438.125,240792.453125,472651.71875
0.00474199978634715,-709396.875,240528.734375,472847.625
0.00474300002679229,-709355.375,240265.09375,473043.5625
0.00474399980157614,-709313.625,240001.53125,473239.59375
0.00474500004202127,-709271.6875,239738.03125,473435.6875
0.00474599981680512,-709229.5,239474.609375,473631.84375
0.00474700005725026,-709187.0625,239211.265625,473828.0625
0.00474799983203411,-709144.4375,238947.984375,474024.34375
0.00474900007247925,-709101.5625,238684.765625,474220.6875
0.0047499998472631,-709058.5,238421.609375,474417.0625
0.00475100008770823,-709015.25,238158.515625,474613.5
0.00475199986249208,-708971.75,237895.484375,474810
0.00475300010293722,-708928,237632.515625,475006.53125
0.00475399987772107,-708884.0625,237369.609375,475203.125
0.00475500011816621,-708840,237106.75,475399.71875
0.00475599989295006,-708795.625,236843.9375,475596.375
0.0047570001333952,-708751.125,236581.1875,475793.09375
0.00475799990817904,-708706.375,236318.484375,475989.8125
0.00475900014862418,-708661.4375,236055.84375,476186.5625
0.00475999992340803,-708616.375,235793.234375,476383.375
0.00476100016385317,-708571.0625,235530.6875,476580.1875
0.00476199993863702,-708525.5,235268.171875,476777.03125
0.00476300017908216,-708479.8125,235005.703125,476973.90625
0.004763999953866,-708433.9375,234743.28125,477170.8125
0.00476500019431114,-708387.875,234480.890625,477367.75
0.00476599996909499,-708341.625,234218.546875,477564.6875
0.00476700020954013,-708295.1875,233956.25,477761.65625
0.00476799998432398,-708248.5625,233693.984375,477958.625
0.00476900022476912,-708201.75,233431.75,478155.625
0.00476999999955297,-708154.8125,233169.5625,478352.625
0.00477099977433681,-708107.625,232907.390625,478549.65625
0.00477200001478195,-708060.3125,232645.265625,478746.6875
0.0047729997895658,-708012.8125,232383.171875,478943.71875
0.00477400003001094,-707965.125,232121.109375,479140.75
0.00477499980479479,-707917.3125,231859.078125,479337.8125
0.00477600004523993,-707869.3125,231597.0625,479534.875
0.00477699982002378,-707821.125,231335.09375,479731.9375
0.00477800006046891,-707772.75,231073.140625,479929
0.00477899983525276,-707724.25,230811.21875,480126.0625
0.0047800000756979,-707675.5625,230549.3125,480323.125
0.00478099985048175,-707626.6875,230287.4375,480520.1875
0.00478200009092689,-707577.6875,230025.578125,480717.25
0.00478299986571074,-707528.5625,229763.75,480914.3125
0.00478400010615587,-707479.1875,229501.9375,481111.34375
0.00478499988093972,-707429.75,229240.15625,481308.40625
0.00478600012138486,-707380.0625,228978.375,481505.4375
0.00478699989616871,-707330.25,228716.625,481702.46875
0.00478800013661385,-707280.3125,228454.890625,481899.46875
0.0047889999113977,-707230.1875,228193.1875,482096.5
0.00479000015184283,-707179.9375,227931.484375,482293.5
0.00479099992662668,-707129.5,227669.796875,482490.46875
0.00479200016707182,-707078.9375,227408.125,482687.4375
0.00479299994185567,-707028.25,227146.484375,482884.40625
0.00479400018230081,-706977.375,226884.84375,483081.34375
0.00479499995708466,-706926.3125,226623.203125,483278.28125
0.00479600019752979,-706875.125,226361.59375,483475.1875
0.00479699997231364,-706823.8125,226099.984375,483672.0625
0.00479800021275878,-706772.375,225838.390625,483868.9375
0.00479899998754263,-706720.75,225576.8125,484065.78125
0.00480000022798777,-706669,225315.25,484262.625
0.00480100000277162,-706617.125,225053.671875,484459.4375
0.00480199977755547,-706565.0625,224792.125,484656.21875
0.0048030000180006,-706512.875,224530.578125,484852.96875
0.00480399979278445,-706460.5625,224269.03125,485049.71875
0.00480500003322959,-706408.0625,224007.5,485246.4375
0.00480599980801344,-706355.4375,223745.96875,485443.125
0.00480700004845858,-706302.6875,223484.453125,485639.78125
0.00480799982324243,-706249.8125,223222.9375,485836.40625
0.00480900006368756,-706196.8125,222961.421875,486033.03125
0.00480999983847141,-706143.625,222699.921875,486229.59375
0.00481100007891655,-706090.3125,222438.40625,486426.15625
0.0048119998537004,-706036.875,222176.90625,486622.6875
0.00481300009414554,-705983.3125,221915.40625,486819.15625
0.00481399986892939,-705929.5625,221653.921875,487015.625
0.00481500010937452,-705875.75,221392.421875,487212.0625
0.00481599988415837,-705821.75,221130.921875,487408.46875
0.00481700012460351,-705767.625,220869.4375,487604.8125
0.00481799989938736,-705713.375,220607.9375,487801.15625
0.0048190001398325,-705659,220346.453125,487997.4375
0.00481999991461635,-705604.5,220084.953125,488193.71875
0.00482100015506148,-705549.875,219823.46875,488389.9375
0.00482199992984533,-705495.0625,219561.96875,488586.125
0.00482300017029047,-705440.1875,219300.46875,488782.28125
0.00482399994507432,-705385.125,219038.96875,488978.40625
0.00482500018551946,-705329.9375,218777.46875,489174.46875
0.00482599996030331,-705274.6875,218515.96875,489370.53125
0.00482700020074844,-705219.25,218254.453125,489566.53125
0.00482799997553229,-705163.6875,217992.9375,489762.5
0.00482900021597743,-705108,217731.421875,489958.4375
0.00482999999076128,-705052.1875,217469.90625,490154.3125
0.00483100023120642,-704996.25,217208.390625,490350.15625
0.00483200000599027,-704940.1875,216946.859375,490545.96875
0.00483299978077412,-704884,216685.3125,490741.75
0.00483400002121925,-704827.6875,216423.78125,490937.46875
0.0048349997960031,-704771.25,216162.234375,491133.15625
0.00483600003644824,-704714.6875,215900.671875,491328.78125
0.00483699981123209,-704658,215639.125,491524.375
0.00483800005167723,-704601.1875,215377.546875,491719.9375
0.00483899982646108,-704544.25,215115.984375,491915.4375
0.00484000006690621,-704487.1875,214854.40625,492110.90625
0.00484099984169006,-704430.0625,214592.8125,492306.34375
0.0048420000821352,-704372.75,214331.21875,492501.71875
0.00484299985691905,-704315.3125,214069.609375,492697.03125
0.00484400009736419,-704257.75,213808,492892.3125
0.00484499987214804,-704200.0625,213546.375,493087.5625
0.00484600011259317,-704142.3125,213284.75,493282.75
0.00484699988737702,-704084.375,213023.109375,493477.90625
0.00484800012782216,-704026.375,212761.453125,493673
0.00484899990260601,-703968.1875,212499.796875,493868.0625
0.00485000014305115,-703909.9375,212238.125,494063.0625
0.004850999917835,-703851.5625,211976.453125,494258.03125
0.00485200015828013,-703793,211714.765625,494452.9375
0.00485299993306398,-703734.375,211453.0625,494647.78125
0.00485400017350912,-703675.625,211191.34375,494842.59375
0.00485499994829297,-703616.8125,210929.625,495037.375
0.00485600018873811,-703557.8125,210667.890625,495232.0625
0.00485699996352196,-703498.6875,210406.140625,495426.75
0.00485800020396709,-703439.5,210144.390625,495621.34375
0.00485899997875094,-703380.125,209882.625,495815.90625
0.00486000021919608,-703320.6875,209620.84375,496010.40625
0.00486099999397993,-703261.125,209359.046875,496204.875
0.00486199976876378,-703201.4375,209097.234375,496399.28125
0.00486300000920892,-703141.625,208835.421875,496593.65625
0.00486399978399277,-703081.6875,208573.59375,496787.9375
0.0048650000244379,-703021.6875,208311.75,496982.1875
0.00486599979922175,-702961.5,208049.890625,497176.40625
0.00486700003966689,-702901.25,207788.015625,497370.5625
0.00486799981445074,-702840.875,207526.125,497564.65625
0.00486900005489588,-702780.375,207264.234375,497758.6875
0.00486999982967973,-702719.75,207002.328125,497952.65625
0.00487100007012486,-702659.0625,206740.390625,498146.59375
0.00487199984490871,-702598.1875,206478.453125,498340.46875
0.00487300008535385,-702537.25,206216.5,498534.3125
0.0048739998601377,-702476.1875,205954.53125,498728.09375
0.00487500010058284,-702415,205692.546875,498921.8125
0.00487599987536669,-702353.6875,205430.546875,499115.46875
0.00487700011581182,-702292.3125,205168.546875,499309.0625
0.00487799989059567,-702230.75,204906.515625,499502.625
0.00487900013104081,-702169.125,204644.46875,499696.125
0.00487999990582466,-702107.375,204382.421875,499889.5625
0.0048810001462698,-702045.5625,204120.34375,500082.9375
0.00488199992105365,-701983.5625,203858.25,500276.28125
0.00488300016149879,-701921.5,203596.15625,500469.53125
0.00488399993628263,-701859.3125,203334.03125,500662.75
0.00488500017672777,-701797,203071.890625,500855.90625
0.00488599995151162,-701734.5625,202809.75,501049
0.00488700019195676,-701672.0625,202547.578125,501242.0625
0.00488799996674061,-701609.375,202285.390625,501435.03125
0.00488900020718575,-701546.625,202023.1875,501627.96875
0.00488999998196959,-701483.75,201760.96875,501820.84375
0.00489100022241473,-701420.8125,201498.75,502013.65625
0.00489199999719858,-701357.75,201236.5,502206.40625
0.00489299977198243,-701294.5625,200974.234375,502399.125
0.00489400001242757,-701231.25,200711.9375,502591.75
0.00489499978721142,-701167.8125,200449.640625,502784.34375
0.00489600002765656,-701104.3125,200187.328125,502976.84375
0.0048969998024404,-701040.6875,199925,503169.3125
0.00489800004288554,-700976.9375,199662.640625,503361.71875
0.00489899981766939,-700913.0625,199400.28125,503554.0625
0.00490000005811453,-700849.125,199137.890625,503746.34375
0.00490099983289838,-700785,198875.484375,503938.5625
0.00490200007334352,-700720.875,198613.078125,504130.75
0.00490299984812737,-700656.5625,198350.640625,504322.84375
0.0049040000885725,-700592.1875,198088.171875,504514.875
0.00490499986335635,-700527.6875,197825.703125,504706.875
0.00490600010380149,-700463.0625,197563.21875,504898.78125
0.00490699987858534,-700398.3125,197300.703125,505090.65625
0.00490800011903048,-700333.5,197038.1875,505282.46875
0.00490899989381433,-700268.5625,196775.640625,505474.21875
0.00491000013425946,-700203.5,196513.078125,505665.875
0.00491099990904331,-700138.375,196250.5,505857.5
0.00491200014948845,-700073.0625,195987.90625,506049.0625
0.0049129999242723,-700007.6875,195725.28125,506240.5625
0.00491400016471744,-699942.25,195462.65625,506432
0.00491499993950129,-699876.625,195200,506623.375
0.00491600017994642,-699810.9375,194937.328125,506814.6875
0.00491699995473027,-699745.125,194674.640625,507005.9375
0.00491800019517541,-699679.25,194411.921875,507197.125
0.00491899996995926,-699613.25,194149.203125,507388.25
0.0049200002104044,-699547.125,193886.453125,507579.3125
0.00492099998518825,-699480.875,193623.6875,507770.3125
0.00492200022563338,-699414.5625,193360.90625,507961.25
0.00492300000041723,-699348.125,193098.109375,508152.125
0.00492399977520108,-699281.5625,192835.296875,508342.9375
0.00492500001564622,-699214.875,192572.453125,508533.6875
0.00492599979043007,-699148.125,192309.59375,508724.375
0.00492700003087521,-699081.25,192046.71875,508915
0.00492799980565906,-699014.3125,191783.828125,509105.5625
0.00492900004610419,-698947.1875,191520.90625,509296.0625
0.00492999982088804,-698880,191257.984375,509486.5
0.00493100006133318,-698812.75,190995.03125,509676.875
0.00493199983611703,-698745.3125,190732.046875,509867.1875
0.00493300007656217,-698677.8125,190469.0625,510057.4375
0.00493399985134602,-698610.25,190206.046875,510247.59375
0.00493500009179115,-698542.5,189943.03125,510437.71875
0.004935999866575,-698474.6875,189679.96875,510627.78125
0.00493700010702014,-698406.75,189416.90625,510817.75
0.00493799988180399,-698338.75,189153.828125,511007.6875
0.00493900012224913,-698270.625,188890.71875,511197.53125
0.00493999989703298,-698202.375,188627.59375,511387.3125
0.00494100013747811,-698134,188364.4375,511577.0625
0.00494199991226196,-698065.5625,188101.28125,511766.71875
0.0049430001527071,-697997,187838.09375,511956.3125
0.00494399992749095,-697928.3125,187574.890625,512145.84375
0.00494500016793609,-697859.5625,187311.671875,512335.3125
0.00494599994271994,-697790.6875,187048.421875,512524.71875
0.00494700018316507,-697721.75,186785.171875,512714.0625
0.00494799995794892,-697652.625,186521.890625,512903.34375
0.00494900019839406,-697583.5,186258.578125,513092.53125
0.00494999997317791,-697514.1875,185995.265625,513281.6875
0.00495100021362305,-697444.8125,185731.921875,513470.75
0.0049519999884069,-697375.3125,185468.5625,513659.78125
0.00495300022885203,-697305.6875,185205.1875,513848.71875
0.00495400000363588,-697236,184941.78125,514037.59375
0.00495499977841973,-697166.1875,184678.359375,514226.40625
0.00495600001886487,-697096.25,184414.921875,514415.15625
0.00495699979364872,-697026.25,184151.46875,514603.84375
0.00495800003409386,-696956.125,183887.984375,514792.4375
0.00495899980887771,-696885.9375,183624.484375,514981
0.00496000004932284,-696815.5625,183360.96875,515169.46875
0.00496099982410669,-696745.125,183097.421875,515357.90625
0.00496200006455183,-696674.625,182833.875,515546.25
0.00496299983933568,-696604,182570.296875,515734.53125
0.00496400007978082,-696533.25,182306.703125,515922.75
0.00496499985456467,-696462.375,182043.078125,516110.875
0.0049660000950098,-696391.4375,181779.4375,516298.96875
0.00496699986979365,-696320.375,181515.78125,516486.96875
0.00496800011023879,-696249.25,181252.109375,516674.9375
0.00496899988502264,-696178,180988.40625,516862.8125
0.00497000012546778,-696106.625,180724.6875,517050.625
0.00497099990025163,-696035.1875,180460.953125,517238.375
0.00497200014069676,-695963.5625,180197.203125,517426.03125
0.00497299991548061,-695891.9375,179933.421875,517613.65625
0.00497400015592575,-695820.125,179669.625,517801.1875
0.0049749999307096,-695748.25,179405.8125,517988.6875
0.00497600017115474,-695676.3125,179141.96875,518176.09375
0.00497699994593859,-695604.1875,178878.109375,518363.40625
0.00497800018638372,-695532.0625,178614.234375,518550.6875
0.00497899996116757,-695459.75,178350.34375,518737.90625
0.00498000020161271,-695387.375,178086.421875,518925.03125
0.00498099997639656,-695314.875,177822.484375,519112.09375
0.0049820002168417,-695242.25,177558.53125,519299.09375
0.00498299999162555,-695169.5625,177294.546875,519486.03125
0.00498400023207068,-695096.8125,177030.546875,519672.90625
0.00498500000685453,-695023.875,176766.53125,519859.6875
0.00498599978163838,-694950.875,176502.5,520046.4375
0.00498700002208352,-694877.75,176238.4375,520233.09375
0.00498799979686737,-694804.5625,175974.359375,520419.6875
0.00498900003731251,-694731.25,175710.265625,520606.1875
0.00498999981209636,-694657.875,175446.15625,520792.65625
0.00499100005254149,-694584.3125,175182.015625,520979.03125
0.00499199982732534,-694510.75,174917.859375,521165.34375
0.00499300006777048,-694437,174653.6875,521351.59375
0.00499399984255433,-694363.1875,174389.484375,521537.78125
0.00499500008299947,-694289.25,174125.265625,521723.875
0.00499599985778332,-694215.25,173861.03125,521909.9375
0.00499700009822845,-694141.125,173596.78125,522095.90625
0.0049979998730123,-694066.875,173332.5,522281.78125
0.00499900011345744,-693992.5625,173068.203125,522467.625
0.00499999988824129,-693918.125,172803.890625,522653.40625
0.00500100012868643,-693843.625,172539.546875,522839.09375
0.00500199990347028,-693769,172275.1875,523024.71875
0.00500300014391541,-693694.25,172010.8125,523210.28125
0.00500399991869926,-693619.4375,171746.421875,523395.75
0.0050050001591444,-693544.5,171482,523581.15625
0.00500599993392825,-693469.4375,171217.5625,523766.5
0.00500700017437339,-693394.3125,170953.109375,523951.78125
0.00500799994915724,-693319.0625,170688.625,524137
0.00500900018960238,-693243.75,170424.140625,524322.125
0.00500999996438622,-693168.3125,170159.625,524507.1875
0.00501100020483136,-693092.75,169895.078125,524692.1875
0.00501199997961521,-693017.125,169630.53125,524877.125
0.00501300022006035,-692941.375,169365.953125,525062
0.0050139999948442,-692865.5,169101.359375,525246.75
0.00501499976962805,-692789.5625,168836.75,525431.5
0.00501600001007318,-692713.5,168572.109375,525616.125
0.00501699978485703,-692637.375,168307.453125,525800.6875
0.00501800002530217,-692561.125,168042.78125,525985.25
0.00501899980008602,-692484.75,167778.078125,526169.6875
0.00502000004053116,-692408.3125,167513.375,526354
0.00502099981531501,-692331.75,167248.640625,526538.3125
0.00502200005576015,-692255.125,166983.875,526722.5625
0.00502299983054399,-692178.375,166719.109375,526906.6875
0.00502400007098913,-692101.5,166454.3125,527090.8125
0.00502499984577298,-692024.5625,166189.5,527274.8125
0.00502600008621812,-691947.5,165924.671875,527458.75
0.00502699986100197,-691870.3125,165659.8125,527642.625
0.00502800010144711,-691793.0625,165394.9375,527826.4375
0.00502899987623096,-691715.6875,165130.046875,528010.125
0.00503000011667609,-691638.25,164865.140625,528193.8125
0.00503099989145994,-691560.6875,164600.203125,528377.375
0.00503200013190508,-691483.0625,164335.265625,528560.875
0.00503299990668893,-691405.25,164070.28125,528744.375
0.00503400014713407,-691327.4375,163805.296875,528927.6875
0.00503499992191792,-691249.4375,163540.28125,529111
0.00503600016236305,-691171.375,163275.265625,529294.25
0.0050369999371469,-691093.25,163010.203125,529477.4375
0.00503800017759204,-691015,162745.140625,529660.5
0.00503899995237589,-690936.625,162480.046875,529843.5
0.00504000019282103,-690858.125,162214.953125,530026.4375
0.00504099996760488,-690779.5625,161949.8125,530209.3125
0.00504200020805001,-690700.9375,161684.671875,530392.125
0.00504299998283386,-690622.1875,161419.5,530574.875
0.005044000223279,-690543.3125,161154.328125,530757.5625
0.00504499999806285,-690464.375,160889.109375,530940.125
0.0050459997728467,-690385.3125,160623.890625,531122.625
0.00504700001329184,-690306.125,160358.65625,531305.0625
0.00504799978807569,-690226.875,160093.390625,531487.4375
0.00504900002852082,-690147.5,159828.109375,531669.75
0.00504999980330467,-690068.0625,159562.8125,531852
0.00505100004374981,-689988.5,159297.484375,532034.125
0.00505199981853366,-689908.8125,159032.140625,532216.25
0.0050530000589788,-689829.0625,158766.78125,532398.25
0.00505399983376265,-689749.1875,158501.40625,532580.1875
0.00505500007420778,-689669.25,158236.015625,532762.0625
0.00505599984899163,-689589.1875,157970.59375,532943.8125
0.00505700008943677,-689509,157705.15625,533125.5625
0.00505799986422062,-689428.75,157439.703125,533307.1875
0.00505900010466576,-689348.4375,157174.21875,533488.8125
0.00505999987944961,-689267.9375,156908.734375,533670.3125
0.00506100011989474,-689187.375,156643.21875,533851.75
0.00506199989467859,-689106.75,156377.6875,534033.125
0.00506300013512373,-689026,156112.125,534214.375
0.00506399990990758,-688945.125,155846.5625,534395.625
0.00506500015035272,-688864.1875,155580.96875,534576.75
0.00506599992513657,-688783.125,155315.359375,534757.8125
0.0050670001655817,-688702,155049.734375,534938.8125
0.00506799994036555,-689352.3125,156300.40625,534389.4375
0.00506900018081069,-691055.125,159705.1875,532806.875
0.00506999995559454,-692898.375,163076.25,531375.3125
0.00507100019603968,-694574.5,164472.078125,531656.0625
0.00507199997082353,-696843.75,164096.25,534220.875
0.00507300021126866,-699927.875,163046.828125,538245.9375
0.00507399998605251,-703178.5625,162322.78125,542131.5
0.00507500022649765,-706034.5,162723.203125,544550.0625
0.0050760000012815,-708447.125,164604.265625,545104.6875
0.00507699977606535,-710682.6875,167632.171875,544371.6875
0.00507800001651049,-713122.375,170980.203125,543517.9375
0.00507899979129434,-716116.375,173782.203125,543722.375
0.00508000003173947,-719788.4375,175459.59375,545668
0.00508099980652332,-723904.75,175798.15625,549335.625
0.00508200004696846,-727926.0625,174862.84375,554135.4375
0.00508299982175231,-731201.125,172870.1875,559220.1875
0.00508400006219745,-733171.75,170085.109375,563786.6875
0.0050849998369813,-733497.0625,166759.40625,567258.375
0.00508600007742643,-732078.9375,163104.515625,569336.6875
0.00508699985221028,-729019.1875,159285.265625,569965.125
0.00508800009265542,-724549.0625,155423.875,569255.625
0.00508899986743927,-718961.375,151607.6875,567413.9375
0.00509000010788441,-712558.625,147897.1875,564680.75
0.00509099988266826,-705620.5625,144332.8125,561293.25
0.00509200012311339,-698388.4375,140940.484375,557464.0625
0.00509299989789724,-691059.4375,137735.59375,553372.0625
0.00509400013834238,-683789,134725.8125,549161.25
0.00509499991312623,-676696.0625,131912.5625,544942.6875
0.00509600015357137,-669869.5625,129292.15625,540798.75
0.00509699992835522,-663374,126857.4609375,536788.4375
0.00509800016880035,-657253.6875,124599.765625,532952.875
0.0050989999435842,-651536.625,122509.984375,529319.8125
0.00510000018402934,-646238.1875,120579.203125,525907.25
0.00510099995881319,-641363.9375,118798.6171875,522725.25
0.00510200019925833,-636912.875,117159.15625,519777.75
0.00510299997404218,-632879.5,115651.0546875,517063.34375
0.00510400021448731,-629255.5625,114263.703125,514576.40625
0.00510499998927116,-626030.75,112985.84375,512307.90625
0.0051060002297163,-623193.1875,111806.1640625,510246.90625
0.00510700000450015,-620729.4375,110713.9765625,508381.375
0.005107999779284,-618624.125,109699.859375,506699.53125
0.00510900001972914,-616860.1875,108756.1640625,505190.375
0.00510999979451299,-615418.5625,107877.28125,503844.3125
0.00511100003495812,-614278.6875,107059.7109375,502653.3125
0.00511199980974197,-613418.4375,106301.9609375,501611.09375
0.00511300005018711,-612814.6875,105604.3046875,500712.875
0.00511399982497096,-612443.6875,104968.5,499955.28125
0.0051150000654161,-612281.25,104397.390625,499335.9375
0.00511599984019995,-612303.4375,103894.5625,498853.375
0.00511700008064508,-612486.75,103464.0078125,498506.53125
0.00511799985542893,-612808.4375,103109.796875,498294.625
0.00511900009587407,-613246.9375,102835.8046875,498216.84375
0.00511999987065792,-613781.875,102645.5078125,498272.1875
0.00512100011110306,-614394.3125,102541.7890625,498459.28125
0.00512199988588691,-615066.875,102526.796875,498776.25
0.00512300012633204,-615783.875,102601.90625,499220.6875
0.00512399990111589,-616531.125,102767.625,499789.5625
0.00512500014156103,-617296.3125,103023.609375,500479.1875
0.00512599991634488,-618068.5625,103368.6796875,501285.25
0.00512700015679002,-618838.625,103800.8515625,502202.90625
0.00512799993157387,-619598.75,104317.3828125,503226.65625
0.005129000172019,-620342.5625,104914.8671875,504350.5625
0.00512999994680285,-621065.125,105589.2734375,505568.28125
0.00513100018724799,-621762.5,106336.0546875,506873.0625
0.00513199996203184,-622432.0625,107150.203125,508257.96875
0.00513300020247698,-623072,108026.34375,509715.84375
0.00513399997726083,-623681.5625,108958.8125,511239.34375
0.00513500021770597,-624260.6875,109941.7265625,512821.1875
0.00513599999248981,-624809.875,110969.03125,514454.09375
0.00513699976727366,-625330.3125,112034.609375,516130.75
0.0051380000077188,-625823.5625,113132.2890625,517844.15625
0.00513899978250265,-626291.625,114255.9453125,519587.3125
0.00514000002294779,-626736.625,115399.4921875,521353.53125
0.00514099979773164,-627160.9375,116556.984375,523136.34375
0.00514200003817677,-627567.0625,117722.6171875,524929.5
0.00514299981296062,-627957.5,118890.75,526727.0625
0.00514400005340576,-628334.6875,120055.984375,528523.375
0.00514499982818961,-628701,121213.125,530313.0625
0.00514600006863475,-629058.6875,122357.25,532091.125
0.0051469998434186,-629409.8125,123483.6953125,533852.75
0.00514800008386374,-629756.3125,124588.078125,535593.5625
0.00514899985864758,-630099.8125,125666.328125,537309.375
0.00515000009909272,-630441.75,126714.640625,538996.375
0.00515099987387657,-630783.3125,127729.53125,540650.9375
0.00515200011432171,-631125.5625,128707.828125,542269.9375
0.00515299988910556,-631469.0625,129646.640625,543850.3125
0.0051540001295507,-631814.375,130543.40625,545389.375
0.00515499990433455,-632161.75,131395.828125,546884.6875
0.00515600014477968,-632511.1875,132201.9375,548334.0625
0.00515699991956353,-632862.625,132960.03125,549735.625
0.00515800016000867,-633215.75,133668.6875,551087.625
0.00515899993479252,-633570,134326.734375,552388.6875
0.00516000017523766,-633924.875,134933.296875,553637.5625
0.00516099995002151,-634279.5625,135487.703125,554833.25
0.00516200019046664,-634633.25,135989.53125,555974.9375
0.00516299996525049,-634985.125,136438.625,557062.0625
0.00516400020569563,-635334.1875,136834.96875,558094.3125
0.00516499998047948,-635679.5,137178.78125,559071.4375
0.00516600022092462,-636020,137470.46875,559993.375
0.00516699999570847,-636354.75,137710.609375,560860.3125
0.00516799977049232,-636682.75,137899.90625,561672.5625
0.00516900001093745,-637003.125,138039.28125,562430.625
0.0051699997857213,-637315,138129.703125,563135.125
0.00517100002616644,-637617.375,138172.328125,563786.75
0.00517199980095029,-637909.625,138168.40625,564386.375
0.00517300004139543,-638191,138119.234375,564935.0625
0.00517399981617928,-638460.875,138026.296875,565433.9375
0.00517500005662441,-638718.6875,137891.046875,565884.125
0.00517599983140826,-638964,137715.078125,566286.9375
0.0051770000718534,-639196.375,137500.03125,566643.875
0.00517799984663725,-639415.625,137247.546875,566956.3125
0.00517900008708239,-639621.4375,136959.359375,567225.875
0.00517999986186624,-639813.75,136637.21875,567454.125
0.00518100010231137,-639992.5625,136282.875,567642.6875
0.00518199987709522,-640157.8125,135898.109375,567793.375
0.00518300011754036,-640309.6875,135484.734375,567907.875
0.00518399989232421,-640448.3125,135044.53125,567988.0625
0.00518500013276935,-640574,134579.296875,568035.625
0.0051859999075532,-640687,134090.8125,568052.5
0.00518700014799833,-640787.625,133580.84375,568040.5
0.00518799992278218,-640876.375,133051.15625,568001.5625
0.00518900016322732,-640953.6875,132503.46875,567937.4375
0.00518999993801117,-641019.9375,131939.5,567850.0625
0.00519100017845631,-641075.75,131360.9375,567741.3125
0.00519199995324016,-641121.5625,130769.3828125,567612.9375
0.00519300019368529,-641157.9375,130166.484375,567466.875
0.00519399996846914,-641185.5,129553.78125,567304.875
0.00519500020891428,-641204.75,128932.8203125,567128.625
0.00519599998369813,-641216.3125,128305.0625,566940
0.00519700022414327,-641220.75,127671.9609375,566740.625
0.00519799999892712,-641218.6875,127034.8984375,566532.125
0.00519899977371097,-641210.5625,126395.203125,566316.25
0.0052000000141561,-641197.0625,125754.171875,566094.4375
0.00520099978893995,-641178.625,125113.03125,565868.25
0.00520200002938509,-631493.375,104446.984375,575284.125
0.00520299980416894,-612994.8125,65616.9609375,593519.1875
0.00520400004461408,-599793.25,37545.6796875,606900.0625
0.00520499981939793,-597695.125,30400.21484375,611353.4375
0.00520600005984306,-602908.4375,35023.09375,611783.4375
0.00520699983462691,-610829.875,43498.3515625,611153.75
0.00520800007507205,-618781.8125,53027.69921875,609474.25
0.0052089998498559,-625737.9375,62998.125,606313.375
0.00521000009030104,-631660.375,73467.703125,601581.0625
0.00521099986508489,-636758.5625,84533.3828125,595395.125
0.00521200010553002,-640976.3125,96020.53125,587870.25
0.00521299988031387,-643869.625,107474.1328125,579006.125
0.00521400012075901,-644829.25,118332.4609375,568743.5625
0.00521499989554286,-643439.875,128112.6015625,557143.0625
0.005216000135988,-639736.625,136512.1875,544541.4375
0.00521699991077185,-634236.5625,143421.796875,531569.8125
0.00521800015121698,-627780.6875,148884.078125,519034.75
0.00521899992600083,-621300.9375,153036.875,507740.6875
0.00522000016644597,-615618.5625,156062.65625,498337.46875
0.00522099994122982,-611325,158152.546875,491236.78125
0.00522200018167496,-608749.1875,159485.1875,486599.71875
0.00522299995645881,-607984.6875,160216.5625,484373.9375
0.00522400019690394,-608947.625,160477.21875,484353.84375
0.00522499997168779,-611440,160373.359375,486242.84375
0.00522600021213293,-615205.3125,159989.828125,489705.96875
0.00522699998691678,-619970.25,159393.578125,494407.875
0.00522800022736192,-625472.4375,158636.6875,500036.65625
0.00522900000214577,-631477.0625,157758.453125,506315.84375
0.00522999977692962,-637783.875,156787.71875,513009.03125
0.00523100001737475,-644227.75,155745.796875,519920.21875
0.0052319997921586,-650675.8125,154649.15625,526891.8125
0.00523300003260374,-657023.375,153510.96875,533800.0625
0.00523399980738759,-663189.9375,152342.234375,540550.375
0.00523500004783273,-669114.8125,151152.203125,547072.3125
0.00523599982261658,-674754.125,149948.59375,553314.875
0.00523700006306171,-680077.75,148737.515625,559242.375
0.00523799983784556,-685067.125,147523.265625,564830.875
0.0052390000782907,-689713,146308.25,570065.4375
0.00523999985307455,-694013.8125,145093.140625,574937.75
0.00524100009351969,-697973.8125,143877.296875,579445.125
0.00524199986830354,-701601.375,142659.328125,583589.125
0.00524300010874867,-704907.75,141437.765625,587375.125
0.00524399988353252,-707905.625,140211.546875,590812
0.00524500012397766,-710608.375,138980.53125,593911.5625
0.00524599989876151,-713029.125,137745.765625,596688.3125
0.00524700013920665,-715180.375,136509.578125,599159
0.0052479999139905,-717073.875,135275.625,601342.3125
0.00524900015443563,-718720.3125,134048.703125,603258.3125
0.00524999992921948,-720129.375,132834.625,604928.1875
0.00525100016966462,-721309.8125,131639.890625,606373.5
0.00525199994444847,-722269.75,130471.4453125,607616.1875
0.00525300018489361,-723016.625,129336.4453125,608677.75
0.00525399995967746,-723557.5,128241.9609375,609579.25
0.00525500020012259,-723899.3125,127194.75,610341
0.00525599997490644,-724048.6875,126201.109375,610982.125
0.00525700021535158,-724012.5,125266.65625,611520.5
0.00525799999013543,-723797.6875,124396.2734375,611972.875
0.00525900023058057,-723411.375,123593.9609375,612354.25
0.00526000000536442,-722861,122862.8515625,612678.375
0.00526099978014827,-722154.25,122205.140625,612957.4375
0.0052620000205934,-721299.125,121622.109375,613202.0625
0.00526299979537725,-720304,121114.15625,613421.625
0.00526400003582239,-719177.375,120680.828125,613623.875
0.00526499981060624,-717928.0625,120320.8984375,613815.5625
0.00526600005105138,-716565,120032.3984375,614001.9375
0.00526699982583523,-715097.375,119812.7421875,614187.375
0.00526800006628036,-713534.375,119658.75,614375.0625
0.00526899984106421,-711885.1875,119566.765625,614567.4375
0.00527000008150935,-710159,119532.7421875,614766.0625
0.0052709998562932,-708364.875,119552.265625,614971.6875
0.00527200009673834,-706511.875,119620.71875,615184.5625
0.00527299987152219,-704608.75,119733.2578125,615404.375
0.00527400011196733,-702664.0625,119884.9609375,615630.4375
0.00527499988675117,-700686.125,120070.8359375,615861.625
0.00527600012719631,-698682.9375,120285.9140625,616096.5625
0.00527699990198016,-696662.125,120525.2734375,616333.625
0.0052780001424253,-694631.125,120784.1015625,616571.0625
0.00527899991720915,-692596.8125,121057.7421875,616806.9375
0.00528000015765429,-690565.8125,121341.703125,617039.4375
0.00528099993243814,-688544.3125,121631.703125,617266.5625
0.00528200017288327,-686538.0625,121923.6953125,617486.5
0.00528299994766712,-684552.5625,122213.8671875,617697.25
0.00528400018811226,-682592.8125,122498.65625,617897.1875
0.00528499996289611,-680663.375,122774.7734375,618084.6875
0.00528600020334125,-678768.5,123039.1875,618258.1875
0.0052869999781251,-676912,123289.125,618416.375
0.00528800021857023,-675097.3125,123522.0859375,618558.0625
0.00528899999335408,-673327.5,123735.8046875,618682.125
0.00528999976813793,-671605.25,123928.296875,618787.75
0.00529100000858307,-669932.9375,124097.7734375,618874.125
0.00529199978336692,-668312.5,124242.6953125,618940.75
0.00529300002381206,-666745.625,124361.75,618987.0625
0.00529399979859591,-665233.5,124453.796875,619012.875
0.00529500003904104,-663777.1875,124517.921875,619017.9375
0.00529599981382489,-662377.375,124553.3671875,619002.1875
0.00529700005427003,-661034.4375,124559.5390625,618965.6875
0.00529799982905388,-659748.4375,124536.03125,618908.5625
0.00529900006949902,-658519.25,124482.53125,618831
0.00529999984428287,-657346.5,124398.90625,618733.3125
0.005301000084728,-656229.4375,124285.1015625,618615.8125
0.00530199985951185,-655167.3125,124141.2109375,618478.9375
0.00530300009995699,-654159.125,123967.3984375,618323.1875
0.00530399987474084,-653203.5,123763.9375,618148.9375
0.00530500011518598,-652299.125,123531.1640625,617956.8125
0.00530599988996983,-651444.5,123269.515625,617747.3125
0.00530700013041496,-650637.9375,122979.46875,617521
0.00530799990519881,-649877.6875,122661.578125,617278.4375
0.00530900014564395,-649161.875,122316.4375,617020.25
0.0053099999204278,-648488.5625,121944.6953125,616746.9375
0.00531100016087294,-647855.75,121547.046875,616459.1875
0.00531199993565679,-647261.375,121124.2109375,616157.5625
0.00531300017610192,-646703.4375,120676.953125,615842.625
0.00531399995088577,-646179.75,120206.0546875,615515
0.00531500019133091,-645688.25,119712.328125,615175.1875
0.00531599996611476,-645226.875,119196.609375,614823.875
0.0053170002065599,-644793.5,118659.734375,614461.5625
0.00531799998134375,-644386.125,118102.5703125,614088.875
0.00531900022178888,-644002.75,117526,613706.3125
0.00531999999657273,-643641.3125,116930.90625,613314.4375
0.00532099977135658,-643300,116318.171875,612913.875
0.00532200001180172,-642976.9375,115688.6953125,612505.125
0.00532299978658557,-642670.3125,115043.375,612088.6875
0.00532400002703071,-642378.4375,114383.1015625,611665.1875
0.00532499980181456,-642099.75,113708.765625,611235.125
0.00532600004225969,-641832.625,113021.265625,610799.0625
0.00532699981704354,-641575.5625,112321.4765625,610357.4375
0.00532800005748868,-641327.3125,111610.265625,609910.9375
0.00532899983227253,-641086.5,110888.5,609459.9375
0.00533000007271767,-640851.9375,110157.0234375,609005
0.00533099984750152,-640622.5625,109416.6796875,608546.6875
0.00533200008794665,-640397.375,108668.265625,608085.4375
0.0053329998627305,-640175.375,107912.59375,607621.8125
0.00533400010317564,-639955.8125,107150.4375,607156.25
0.00533499987795949,-639737.9375,106382.5546875,606689.1875
0.00533600011840463,-639521.0625,105609.6875,606221.25
0.00533699989318848,-639304.625,104832.53125,605752.75
0.00533800013363361,-639088.25,104051.7734375,605284.1875
0.00533899990841746,-638871.4375,103268.078125,604816.0625
0.0053400001488626,-638653.9375,102482.0703125,604348.6875
0.00534099992364645,-638435.5,101694.359375,603882.5625
0.00534200016409159,-638215.9375,100905.515625,603418.0625
0.00534299993887544,-637995.125,100116.0859375,602955.5625
0.00534400017932057,-637773.125,99326.578125,602495.4375
0.00534499995410442,-637549.875,98537.484375,602038
0.00534600019454956,-637325.5,97749.25,601583.6875
0.00534699996933341,-637100.125,96962.3203125,601132.6875
0.00534800020977855,-636873.9375,96177.078125,600685.375
0.0053489999845624,-636647.25,95393.8984375,600242
0.00535000022500753,-636420.1875,94613.109375,599802.8125
0.00535099999979138,-636193.1875,93835.03125,599368.125
0.00535199977457523,-635966.5625,93059.953125,598938.0625
0.00535300001502037,-635740.6875,92288.125,598512.9375
0.00535399978980422,-635515.875,91519.7734375,598092.875
0.00535500003024936,-635292.6875,90755.125,597678.125
0.00535599980503321,-635071.4375,89994.359375,597268.75
0.00535700004547834,-634852.625,89237.6328125,596864.875
0.00535799982026219,-634636.75,88485.0859375,596466.75
0.00535900006070733,-634424.1875,87736.859375,596074.4375
0.00535999983549118,-634215.4375,86993.046875,595688
0.00536100007593632,-634011,86253.7421875,595307.5625
0.00536199985072017,-633811.25,85519.015625,594933.1875
0.0053630000911653,-633616.6875,84788.9296875,594564.9375
0.00536399986594915,-633427.75,84063.5234375,594202.8125
0.00536500010639429,-633244.9375,83342.84375,593846.9375
0.00536599988117814,-633068.5,82626.90625,593497.3125
0.00536700012162328,-632899,81915.7265625,593153.9375
0.00536799989640713,-632736.75,81209.3203125,592816.8125
0.00536900013685226,-632582.1875,80507.6875,592486.0625
0.00536999991163611,-632435.5,79810.828125,592161.5625
0.00537100015208125,-632297.125,79118.7265625,591843.375
0.0053719999268651,-632167.3125,78431.375,591531.5
0.00537300016731024,-632046.375,77748.7578125,591225.875
0.00537399994209409,-631934.5625,77070.8671875,590926.5
0.00537500018253922,-631832,76397.6796875,590633.4375
0.00537599995732307,-631738.9375,75729.1875,590346.625
0.00537700019776821,-631655.5625,75065.375,590066.0625
0.00537799997255206,-631581.9375,74406.21875,589791.6875
0.0053790002129972,-631518.3125,73751.71875,589523.5
0.00537999998778105,-631464.5625,73101.8671875,589261.5
0.00538100022822618,-631420.9375,72456.6484375,589005.6875
0.00538200000301003,-631387.375,71816.0625,588756.0625
0.00538299977779388,-631363.8125,71180.1171875,588512.5
0.00538400001823902,-631350.375,70548.8046875,588275.125
0.00538499979302287,-631346.875,69922.1484375,588043.875
0.00538600003346801,-631353.3125,69300.140625,587818.75
0.00538699980825186,-631369.5625,68682.8046875,587599.75
0.00538800004869699,-631395.5625,68070.1640625,587386.8125
0.00538899982348084,-631431.0625,67462.2421875,587180
0.00539000006392598,-631475.9375,66859.0546875,586979.3125
0.00539099983870983,-631530.0625,66260.640625,586784.75
0.00539200007915497,-631593.1875,65667.0390625,586596.25
0.00539299985393882,-631665.0625,65078.26953125,586413.9375
0.00539400009438396,-631745.5,64494.3828125,586237.6875
0.0053949998691678,-631834.25,63915.421875,586067.6875
0.00539600010961294,-631931.0625,63341.42578125,585903.75
0.00539699988439679,-632035.5625,62772.4453125,585746
0.00539800012484193,-632147.5625,62208.5234375,585594.5
0.00539899989962578,-632266.6875,61649.71484375,585449.125
0.00540000014007092,-632392.6875,61096.0703125,585310
0.00540099991485476,-632525.1875,60547.63671875,585177.0625
0.0054020001552999,-632663.9375,60004.46875,585050.375
0.00540299993008375,-632808.5625,59466.62109375,584930
0.00540400017052889,-632958.6875,58934.140625,584815.875
0.00540499994531274,-633114,58407.08203125,584708
0.00540600018575788,-633274.1875,57885.4921875,584606.4375
0.00540699996054173,-633438.875,57369.41796875,584511.1875
0.00540800020098686,-633607.6875,56858.91015625,584422.25
0.00540899997577071,-633780.375,56354.015625,584339.6875
0.00541000021621585,-633956.5,55854.7734375,584263.375
0.0054109999909997,-634135.6875,55361.22265625,584193.5
0.00541200023144484,-634317.75,54873.40625,584129.875
0.00541300000622869,-634502.1875,54391.35546875,584072.6875
0.00541399978101254,-634688.8125,53915.10546875,584021.75
0.00541500002145767,-634877.125,53444.67578125,583977.1875
0.00541599979624152,-635067,52980.1015625,583939
0.00541700003668666,-635257.9375,52521.39453125,583907.0625
0.00541799981147051,-635449.6875,52068.578125,583881.4375
0.00541900005191565,-635642,51621.6640625,583862.125
0.0054199998266995,-635834.5625,51180.65625,583849.0625
0.00542100006714463,-636027.0625,50745.56640625,583842.25
0.00542199984192848,-636219.1875,50316.38671875,583841.625
0.00542300008237362,-636410.6875,49893.1171875,583847.1875
0.00542399985715747,-636601.3125,49475.75,583858.9375
0.00542500009760261,-636790.8125,49064.2734375,583876.75
0.00542599987238646,-636978.9375,48658.6640625,583900.625
0.00542700011283159,-637165.4375,48258.90234375,583930.5625
0.00542799988761544,-637350.125,47864.9609375,583966.4375
0.00542900012806058,-637532.6875,47476.8125,584008.25
0.00542999990284443,-637713.0625,47094.41796875,584055.875
0.00543100014328957,-637890.9375,46717.7421875,584109.375
0.00543199991807342,-638066.125,46346.734375,584168.625
0.00543300015851855,-638238.5,45981.3515625,584233.5
0.0054339999333024,-638407.9375,45621.54296875,584304
0.00543500017374754,-638574.125,45267.25,584380.0625
0.00543599994853139,-638737.0625,44918.41015625,584461.5625
0.00543700018897653,-638896.5625,44574.96875,584548.4375
0.00543799996376038,-639052.4375,44236.8515625,584640.625
0.00543900020420551,-639204.625,43903.9921875,584738.0625
0.00543999997898936,-639353.0625,43576.31640625,584840.625
0.0054410002194345,-639497.5,43253.74609375,584948.25
0.00544199999421835,-639638,42936.203125,585060.8125
0.0054429997690022,-639774.375,42623.60546875,585178.3125
0.00544400000944734,-639906.625,42315.87109375,585300.5
0.00544499978423119,-640034.625,42012.91015625,585427.4375
0.00544600002467632,-640158.3125,41714.62890625,585558.9375
0.00544699979946017,-640277.625,41420.9453125,585694.875
0.00544800003990531,-640392.625,41131.7578125,585835.25
0.00544899981468916,-640503.125,40846.9765625,585979.9375
0.0054500000551343,-640609.1875,40566.5,586128.75
0.00545099982991815,-640710.75,40290.234375,586281.6875
0.00545200007036328,-640807.75,40018.07421875,586438.5625
0.00545299984514713,-640900.3125,39749.92578125,586599.3125
0.00545400008559227,-640988.3125,39485.68359375,586763.875
0.00545499986037612,-641071.75,39225.25,586932.0625
0.00545600010082126,-641150.6875,38968.51171875,587103.8125
0.00545699987560511,-641225.125,38715.375,587279
0.00545800011605024,-641295.0625,38465.734375,587457.5
0.00545899989083409,-641360.5,38219.484375,587639.3125
0.00546000013127923,-641421.5,37976.51953125,587824.25
0.00546099990606308,-641478.0625,37736.734375,588012.1875
0.00546200014650822,-641530.1875,37500.03125,588203.0625
0.00546299992129207,-641578,37266.3046875,588396.75
0.0054640001617372,-641621.5,37035.44921875,588593.125
0.00546499993652105,-641660.6875,36807.36328125,588792.125
0.00546600017696619,-641695.625,36581.9453125,588993.6875
0.00546699995175004,-641726.4375,36359.09375,589197.625
0.00546800019219518,-641753.0625,36138.71484375,589403.875
0.00546899996697903,-641775.625,35920.69921875,589612.375
0.00547000020742416,-641794.125,35704.95703125,589822.9375
0.00547099998220801,-641808.6875,35491.38671875,590035.5625
0.00547200022265315,-641819.3125,35279.89453125,590250.125
0.005472999997437,-641826.0625,35070.38671875,590466.4375
0.00547399977222085,-641829.0625,34862.76953125,590684.5625
0.00547500001266599,-641828.375,34656.953125,590904.3125
0.00547599978744984,-641823.9375,34452.84375,591125.625
0.00547700002789497,-641815.9375,34250.35546875,591348.4375
0.00547799980267882,-641804.4375,34049.40234375,591572.625
0.00547900004312396,-641789.4375,33849.8984375,591798.125
0.00547999981790781,-641771.0625,33651.7578125,592024.8125
0.00548100005835295,-641749.375,33454.90234375,592252.6875
0.0054819998331368,-641724.375,33259.25,592481.625
0.00548300007358193,-641696.1875,33064.72265625,592711.5
0.00548399984836578,-641664.9375,32871.24609375,592942.3125
0.00548500008881092,-641630.5625,32678.73828125,593174
0.00548599986359477,-641593.25,32487.134765625,593406.4375
0.00548700010403991,-641553,32296.361328125,593639.5
0.00548799987882376,-641509.9375,32106.34765625,593873.25
0.00548900011926889,-641464.0625,31917.02734375,594107.5625
0.00548999989405274,-641415.4375,31728.3359375,594342.375
0.00549100013449788,-641364.1875,31540.208984375,594577.625
0.00549199990928173,-641310.375,31352.583984375,594813.25
0.00549300014972687,-641254.0625,31165.40234375,595049.1875
0.00549399992451072,-641195.25,30978.607421875,595285.375
0.00549500016495585,-641134.0625,30792.138671875,595521.8125
0.0054959999397397,-641070.625,30605.9453125,595758.375
0.00549700018018484,-641004.8125,30419.974609375,595995
0.00549799995496869,-640936.875,30234.173828125,596231.6875
0.00549900019541383,-640866.75,30048.494140625,596468.4375
0.00549999997019768,-640794.625,29862.890625,596705.0625
0.00550100021064281,-640720.375,29677.31640625,596941.625
0.00550199998542666,-640644.25,29491.7265625,597178.0625
0.0055030002258718,-640566.1875,29306.080078125,597414.375
0.00550400000065565,-640486.25,29120.337890625,597650.4375
0.0055049997754395,-640404.5,28934.45703125,597886.1875
0.00550600001588464,-640321.0625,28748.404296875,598121.75
0.00550699979066849,-640235.9375,28562.140625,598356.9375
0.00550800003111362,-640149.125,28375.634765625,598591.75
0.00550899980589747,-640060.75,28188.853515625,598826.1875
0.00551000004634261,-639970.875,28001.763671875,599060.25
0.00551099982112646,-639879.4375,27814.3359375,599293.8125
0.0055120000615716,-639786.625,27626.54296875,599526.875
0.00551299983635545,-639692.375,27438.357421875,599759.5
0.00551400007680058,-639596.75,27249.75390625,599991.5625
0.00551499985158443,-639499.875,27060.708984375,600223.0625
0.00551600009202957,-639401.6875,26871.1953125,600454
0.00551699986681342,-639302.25,26681.197265625,600684.3125
0.00551800010725856,-639201.6875,26490.689453125,600914.0625
0.00551899988204241,-639099.9375,26299.65234375,601143.125
0.00552000012248755,-638997.125,26108.0703125,601371.5625
0.00552099989727139,-638893.25,25915.92578125,601599.3125
0.00552200013771653,-638788.3125,25723.201171875,601826.375
0.00552299991250038,-638682.375,25529.8828125,602052.75
0.00552400015294552,-638575.4375,25335.955078125,602278.375
0.00552499992772937,-638467.625,25141.40625,602503.3125
0.00552600016817451,-638358.875,24946.224609375,602727.5
0.00552699994295835,-638249.3125,24750.396484375,602950.875
0.00552800018340349,-638138.875,24553.912109375,603173.5625
0.00552899995818734,-638027.625,24356.763671875,603395.4375
0.00553000019863248,-637915.625,24158.94140625,603616.5625
0.00553099997341633,-637802.875,23960.439453125,603836.8125
0.00553200021386147,-637689.375,23761.24609375,604056.375
0.00553299998864532,-637575.1875,23561.359375,604275.0625
0.00553400022909045,-637460.3125,23360.771484375,604492.9375
0.0055350000038743,-637344.8125,23159.478515625,604710.0625
0.00553599977865815,-637228.6875,22957.474609375,604926.3125
0.00553700001910329,-637112,22754.7578125,605141.75
0.00553799979388714,-636994.6875,22551.32421875,605356.375
0.00553900003433228,-636876.8125,22347.169921875,605570.125
0.00553999980911613,-636758.375,22142.294921875,605783.0625
0.00554100004956126,-636639.5,21936.69921875,605995.1875
0.00554199982434511,-636520.0625,21730.376953125,606206.5
0.00554300006479025,-636400.1875,21523.33203125,606416.9375
0.0055439998395741,-636279.8125,21315.5625,606626.5625
0.00554500008001924,-636159,21107.068359375,606835.375
0.00554599985480309,-636037.75,20897.853515625,607043.3125
0.00554700009524822,-635916.125,20687.9140625,607250.4375
0.00554799987003207,-635794.0625,20477.2578125,607456.6875
0.00554900011047721,-635671.625,20265.880859375,607662.1875
0.00554999988526106,-635548.875,20053.791015625,607866.8125
0.0055510001257062,-635425.6875,19840.986328125,608070.625
0.00555199990049005,-635302.25,19627.470703125,608273.625
0.00555300014093518,-635178.375,19413.25,608475.8125
0.00555399991571903,-635054.25,19198.326171875,608677.125
0.00555500015616417,-634929.8125,18982.703125,608877.6875
0.00555599993094802,-634805.125,18766.3828125,609077.4375
0.00555700017139316,-634680.125,18549.373046875,609276.375
0.00555799994617701,-634554.8125,18331.67578125,609474.5
0.00555900018662214,-634429.3125,18113.296875,609671.875
0.00555999996140599,-634303.5,17894.2421875,609868.4375
0.00556100020185113,-634177.4375,17674.513671875,610064.1875
0.00556199997663498,-634051.1875,17454.119140625,610259.1875
0.00556300021708012,-633924.6875,17233.0625,610453.4375
0.00556399999186397,-633798,17011.349609375,610646.875
0.0055650002323091,-633671.0625,16788.986328125,610839.5625
0.00556600000709295,-633543.9375,16565.978515625,611031.5
0.0055669997818768,-633416.625,16342.3330078125,611222.6875
0.00556800002232194,-633289.125,16118.052734375,611413.125
0.00556899979710579,-633161.4375,15893.146484375,611602.875
0.00557000003755093,-633033.5625,15667.619140625,611791.8125
0.00557099981233478,-632905.5625,15441.4775390625,611980.0625
0.00557200005277991,-632777.375,15214.7275390625,612167.625
0.00557299982756376,-632649,14987.375,612354.4375
0.0055740000680089,-632520.5,14759.4267578125,612540.5
0.00557499984279275,-632391.875,14530.8896484375,612725.9375
0.00557600008323789,-632263.0625,14301.76953125,612910.625
0.00557699985802174,-632134.1875,14072.0732421875,613094.625
0.00557800009846687,-632005.125,13841.806640625,613278
0.00557899987325072,-631875.9375,13610.9765625,613460.625
0.00558000011369586,-631746.625,13379.58984375,613642.625
0.00558099988847971,-631617.1875,13147.65234375,613824
0.00558200012892485,-631487.625,12915.1708984375,614004.625
0.0055829999037087,-631357.9375,12682.15234375,614184.6875
0.00558400014415383,-631228.125,12448.6025390625,614364.0625
0.00558499991893768,-631098.25,12214.5283203125,614542.8125
0.00558600015938282,-630968.25,11979.9365234375,614720.9375
0.00558699993416667,-630838.1875,11744.8330078125,614898.4375
0.00558800017461181,-630707.9375,11509.2255859375,615075.3125
0.00558899994939566,-630577.6875,11273.1181640625,615251.625
0.00559000018984079,-630447.25,11036.51953125,615427.25
0.00559099996462464,-630316.8125,10799.4345703125,615602.3125
0.00559200020506978,-630186.1875,10561.87109375,615776.8125
0.00559299997985363,-630055.5625,10323.833984375,615950.6875
0.00559400022029877,-629924.8125,10085.3291015625,616124.0625
0.00559499999508262,-629793.9375,9846.3642578125,616296.8125
0.00559599976986647,-629663.0625,9606.9453125,616469
0.0055970000103116,-629532.0625,9367.0771484375,616640.625
0.00559799978509545,-629400.9375,9126.767578125,616811.6875
0.00559900002554059,-629269.8125,8886.0205078125,616982.1875
0.00559999980032444,-629138.5625,8644.84375,617152.1875
0.00560100004076958,-629007.25,8403.2431640625,617321.625
0.00560199981555343,-628875.8125,8161.22314453125,617490.5625
0.00560300005599856,-628744.375,7918.79052734375,617658.9375
0.00560399983078241,-628612.8125,7675.951171875,617826.8125
0.00560500007122755,-628481.1875,7432.7109375,617994.1875
0.0056059998460114,-628349.5625,7189.07470703125,618161.0625
0.00560700008645654,-628217.75,6945.04833984375,618327.4375
0.00560799986124039,-628085.9375,6700.6376953125,618493.3125
0.00560900010168552,-627954.0625,6455.84814453125,618658.6875
0.00560999987646937,-627822.0625,6210.6845703125,618823.625
0.00561100011691451,-627690.0625,5965.1533203125,618988.0625
0.00561199989169836,-627557.9375,5719.2587890625,619152
0.0056130001321435,-627425.8125,5473.00634765625,619315.5
0.00561399990692735,-627293.5625,5226.40185546875,619478.5
0.00561500014737248,-627161.25,4979.44970703125,619641.0625
0.00561599992215633,-627028.875,4732.1552734375,619803.1875
0.00561700016260147,-626896.5,4484.5234375,619964.875
0.00561799993738532,-626764,4236.55908203125,620126.125
0.00561900017783046,-626631.4375,3988.26733398438,620286.9375
0.00561999995261431,-626498.8125,3739.65258789062,620447.3125
0.00562100019305944,-626366.125,3490.71997070312,620607.25
0.00562199996784329,-626233.375,3241.47387695312,620766.75
0.00562300020828843,-626100.5,2991.91918945312,620925.875
0.00562399998307228,-625967.625,2742.06005859375,621084.5625
0.00562500022351742,-625834.6875,2491.9013671875,621242.875
0.00562599999830127,-625701.6875,2241.44750976562,621400.75
0.00562699977308512,-625568.625,1990.70275878906,621558.25
0.00562800001353025,-625435.5,1739.67150878906,621715.3125
0.0056289997883141,-625302.3125,1488.35791015625,621872.0625
0.00563000002875924,-625169,1236.76635742188,622028.375
0.00563099980354309,-625035.6875,984.900756835938,622184.3125
0.00563200004398823,-624902.3125,732.765319824219,622339.875
0.00563299981877208,-624768.875,480.364105224609,622495.0625
0.00563400005921721,-624635.3125,227.701080322266,622649.9375
0.00563499983400106,-624501.75,-25.2198867797852,622804.375
0.0056360000744462,-624368.125,-278.394866943359,622958.5
0.00563699984923005,-624234.375,-531.820129394531,623112.25
0.00563800008967519,-624100.625,-785.491882324219,623265.625
0.00563899986445904,-623966.75,-1039.40637207031,623418.6875
0.00564000010490417,-623832.875,-1293.56005859375,623571.375
0.00564099987968802,-623698.875,-1547.94934082031,623723.75
0.00564200012013316,-623564.875,-1802.57055664062,623875.8125
0.00564299989491701,-623430.75,-2057.42016601562,624027.5
0.00564400013536215,-623296.5625,-2312.4951171875,624178.875
0.005644999910146,-623162.375,-2567.79150390625,624329.875
0.00564600015059114,-623028.0625,-2823.306640625,624480.625
0.00564699992537498,-622893.6875,-3079.03662109375,624631
0.00564800016582012,-622759.25,-3334.97875976562,624781.125
0.00564899994060397,-622624.75,-3591.12939453125,624930.875
0.00565000018104911,-622490.1875,-3847.48559570312,625080.3125
0.00565099995583296,-622355.5625,-4104.04443359375,625229.5
0.0056520001962781,-622220.875,-4360.80224609375,625378.375
0.00565299997106194,-622086.125,-4617.75634765625,625526.875
0.00565400021150708,-621951.3125,-4874.904296875,625675.1875
0.00565499998629093,-621816.375,-5132.2421875,625823.125
0.00565600022673607,-621681.4375,-5389.76806640625,625970.8125
0.00565700000151992,-621546.375,-5647.47802734375,626118.1875
0.00565799977630377,-621411.3125,-5905.37060546875,626265.3125
0.00565900001674891,-621276.125,-6163.4423828125,626412.125
0.00565999979153275,-621140.875,-6421.6904296875,626558.625
0.00566100003197789,-621005.5625,-6680.1123046875,626704.875
0.00566199980676174,-620870.1875,-6938.7060546875,626850.875
0.00566300004720688,-620734.75,-7197.4677734375,626996.625
0.00566399982199073,-620599.25,-7456.396484375,627142.0625
0.00566500006243587,-620463.625,-7715.48828125,627287.25
0.00566599983721972,-620328,-7974.74169921875,627432.1875
0.00566700007766485,-620192.25,-8234.1533203125,627576.8125
0.0056679998524487,-620042.125,-8523.4765625,627735.5625
0.00566900009289384,-619848,-8903.412109375,627937.5
0.00566999986767769,-619603.8125,-9379.8505859375,628182.8125
0.00567100010812283,-619336.3125,-9861.703125,628411.125
0.00567199988290668,-619059.1875,-10246.8349609375,628537.75
0.00567300012335181,-618755.6875,-10513.1728515625,628524.3125
0.00567399989813566,-618414.5,-10722.0517578125,628417.6875
0.0056750001385808,-618047.0625,-10975.7333984375,628327.3125
0.00567599991336465,-617667.25,-11370.8046875,628359.875
0.00567700015380979,-617271.5,-11950.5,628554.375
0.00567799992859364,-616839.1875,-12676.009765625,628853.9375
0.00567900016903877,-616340.875,-13442.8515625,629129.8125
0.00567999994382262,-615751.6875,-14132.9765625,629243.875
0.00568100018426776,-615068.3125,-14666.875,629116
0.00568199995905161,-614321.5,-15028.1787109375,628759.875
0.00568300019949675,-613571.375,-15255.890625,628271.6875
0.0056839999742806,-612888.625,-15415.5966796875,627783.8125
0.00568500021472573,-612330.5,-15566.37890625,627409.5
0.00568599998950958,-611925.5625,-15737.53125,627205.3125
0.00568700022995472,-611672.5,-15921.638671875,627163
0.00568800000473857,-611551.125,-16082.4296875,627227.8125
0.00568899977952242,-611539.3125,-16170.64453125,627330.375
0.00569000001996756,-611628.0625,-16140.3623046875,627417.25
0.00569099979475141,-611828.5625,-15960.658203125,627469.1875
0.00569200003519654,-612170.3125,-15620.7783203125,627504.4375
0.00569299980998039,-612692.25,-15129.62890625,627569.625
0.00569400005042553,-613431.375,-14511.63671875,627724.0625
0.00569499982520938,-614412.1875,-13801.087890625,628024.8125
0.00569600006565452,-615640.125,-13036.5849609375,628514.375
0.00569699984043837,-617099.625,-12256.5458984375,629214.625
0.0056980000808835,-618755.8125,-11496.107421875,630125.6875
0.00569899985566735,-620559.375,-10785.3466796875,631228.4375
0.00570000009611249,-622452.0625,-10148.5263671875,632489.5625
0.00570099987089634,-624372.5625,-9604.0556640625,633866.6875
0.00570200011134148,-626260.9375,-9164.8525390625,635313.9375
0.00570299988612533,-628062.4375,-8838.9423828125,636785.75
0.00570400012657046,-629729.625,-8630.1416015625,638240.1875
0.00570499990135431,-631223.4375,-8538.7900390625,639640.8125
0.00570600014179945,-632513.75,-8562.4765625,640957.5625
0.0057069999165833,-633578.875,-8696.724609375,642166.8125
0.00570800015702844,-634405.0625,-8935.6064453125,643251.3125
0.00570899993181229,-634985.5,-9272.2548828125,644199.375
0.00571000017225742,-635319.5,-9699.25390625,645004.125
0.00571099994704127,-635411.1875,-10208.92578125,645662.8125
0.00571200018748641,-635268.6875,-10793.529296875,646176
0.00571299996227026,-634903.25,-11445.3994140625,646547.0625
0.0057140002027154,-634328.4375,-12157.0576171875,646781.3125
0.00571499997749925,-633559.3125,-12921.3037109375,646885.6875
0.00571600021794438,-632612.1875,-13731.3046875,646868.3125
0.00571699999272823,-631504.0625,-14580.681640625,646737.75
0.00571799976751208,-630252.1875,-15463.580078125,646503.125
0.00571900000795722,-628874.1875,-16374.7216796875,646173.5
0.00571999978274107,-627387.25,-17309.43359375,645757.875
0.00572100002318621,-625808.5625,-18263.650390625,645264.8125
0.00572199979797006,-624154.75,-19233.88671875,644702.5
0.00572300003841519,-622441.9375,-20217.1875,644078.625
0.00572399981319904,-620685.5,-21211.06640625,643400.4375
0.00572500005364418,-618899.875,-22213.41796875,642674.75
0.00572599982842803,-617098.875,-23222.435546875,641907.8125
0.00572700006887317,-615295.125,-24236.533203125,641105.625
0.00572799984365702,-613500.125,-25254.251953125,640273.6875
0.00572900008410215,-611724.5,-26274.19921875,639417.4375
0.005729999858886,-609977.625,-27294.98046875,638541.875
0.00573100009933114,-608267.6875,-28315.154296875,637651.875
0.00573199987411499,-606601.75,-29333.19140625,636752.125
0.00573300011456013,-604985.9375,-30347.453125,635847.25
0.00573399988934398,-603425.1875,-31356.181640625,634941.625
0.00573500012978911,-601923.375,-32357.4921875,634039.625
0.00573599990457296,-600483.5,-33349.38671875,633145.4375
0.0057370001450181,-599107.625,-34329.76171875,632263.1875
0.00573799991980195,-597797.0625,-35296.43359375,631396.6875
0.00573900016024709,-596552.3125,-36247.1640625,630549.875
0.00573999993503094,-595373.1875,-37179.671875,629726.375
0.00574100017547607,-594259.0625,-38091.6796875,628929.5625
0.00574199995025992,-593208.625,-38980.9296875,628162.75
0.00574300019070506,-592220.25,-39845.2109375,627429
0.00574399996548891,-591291.875,-40682.38671875,626731.0625
0.00574500020593405,-590421.1875,-41490.421875,626071.625
0.0057459999807179,-589605.6875,-42267.390625,625452.875
0.00574700022116303,-588842.6875,-43011.5078125,624877.0625
0.00574799999594688,-588129.375,-43721.140625,624345.8125
0.00574899977073073,-587462.9375,-44394.80859375,623860.8125
0.00575000001117587,-586840.5625,-45031.2265625,623423.25
0.00575099978595972,-586259.4375,-45629.26953125,623034.1875
0.00575200002640486,-585716.875,-46188.0234375,622694.375
0.00575299980118871,-585210.1875,-46706.74609375,622404.375
0.00575400004163384,-584737.0625,-47184.8984375,622164.5
0.00575499981641769,-584295,-47622.140625,621974.8125
0.00575600005686283,-583881.9375,-48018.3125,621835.1875
0.00575699983164668,-583495.9375,-48373.453125,621745.3125
0.00575800007209182,-583135.125,-48687.78125,621704.625
0.00575899984687567,-582797.8125,-48961.69140625,621712.4375
0.0057600000873208,-582482.6875,-49195.75,621768
0.00576099986210465,-582188.375,-49390.69921875,621870.25
0.00576200010254979,-581913.75,-49547.421875,622018.0625
0.00576299987733364,-581657.875,-49666.9609375,622210.1875
0.00576400011777878,-581419.875,-49750.484375,622445.25
0.00576499989256263,-581199.0625,-49799.296875,622721.8125
0.00576600013300776,-580994.75,-49814.81640625,623038.375
0.00576699990779161,-580806.375,-49798.5703125,623393.1875
0.00576800014823675,-580633.5625,-49752.1796875,623784.5625
0.0057689999230206,-580475.875,-49677.3515625,624210.75
0.00577000016346574,-580332.9375,-49575.859375,624669.875
0.00577099993824959,-580204.375,-49449.5546875,625160.125
0.00577200017869473,-580089.9375,-49300.32421875,625679.4375
0.00577299995347857,-579989.1875,-49130.11328125,626225.9375
0.00577400019392371,-579901.8125,-48940.87890625,626797.625
0.00577499996870756,-579827.5,-48734.6171875,627392.5
0.0057760002091527,-579765.8125,-48513.3203125,628008.4375
0.00577699998393655,-579716.375,-48278.9921875,628643.4375
0.00577800022438169,-579678.625,-48033.62109375,629295.5
0.00577899999916553,-579652.125,-47779.1875,629962.5
0.00577999977394938,-579636.25,-47517.640625,630642.5
0.00578100001439452,-579630.5,-47250.90234375,631333.375
0.00578199978917837,-579634.0625,-46980.84765625,632033.1875
0.00578300002962351,-579646.3125,-46709.3203125,632739.9375
0.00578399980440736,-579666.5,-46438.09765625,633451.75
0.0057850000448525,-579693.8125,-46168.91015625,634166.5625
0.00578599981963634,-579727.4375,-45903.41796875,634882.6875
0.00578700006008148,-579766.5625,-45643.2265625,635598.1875
0.00578799983486533,-579810.1875,-45389.86328125,636311.3125
0.00578900007531047,-579857.4375,-45144.78125,637020.375
0.00578999985009432,-579907.4375,-44909.36328125,637723.6875
0.00579100009053946,-579959.25,-44684.91015625,638419.6875
0.00579199986532331,-580011.875,-44472.6484375,639106.875
0.00579300010576844,-580064.4375,-44273.70703125,639783.6875
0.00579399988055229,-580116,-44089.15625,640448.75
0.00579500012099743,-580165.625,-43919.9609375,641100.8125
0.00579599989578128,-580212.5,-43767.01953125,641738.6875
0.00579700013622642,-580255.6875,-43631.1328125,642361.0625
0.00579799991101027,-580294.4375,-43513.02734375,642966.9375
0.0057990001514554,-580327.9375,-43413.34375,643555.375
0.00579999992623925,-580355.375,-43332.6484375,644125.375
0.00580100016668439,-580376.1875,-43271.4140625,644676.125
0.00580199994146824,-578960.0625,-46192.87890625,646633.875
0.00580300018191338,-573891.875,-56678.81640625,652217.5625
0.00580399995669723,-566078.3125,-72962.9140625,660673.125
0.00580500019714236,-559881.6875,-86814.6328125,668455.5
0.00580599997192621,-558903.625,-92304.484375,673425.5625
0.00580700021237135,-563341.75,-89768.2734375,676049.125
0.0058079999871552,-570983.1875,-82453.65625,677200.125
0.00580900022760034,-579297,-72970.6015625,676845.5
0.00581000000238419,-586620.5625,-62616.37890625,674570.625
0.00581099977716804,-592254.25,-52060.9765625,670323.0625
0.00581200001761317,-596071.0625,-41881.42578125,664534.5
0.00581299979239702,-598173.25,-32647.150390625,657860.125
0.00581400003284216,-598754.6875,-24794.3671875,650921.625
0.00581499980762601,-598085.75,-18522.1875,644190.75
0.00581600004807115,-596508.4375,-13787.1396484375,637978.125
0.005816999822855,-594400.5,-10368.9345703125,632459.1875
0.00581800006330013,-592118.9375,-7960.35302734375,627703
0.00581899983808398,-589946.4375,-6251.3330078125,623700.125
0.00582000007852912,-588058.5625,-4993.1240234375,620391.1875
0.00582099985331297,-586516.625,-4035.3828125,617696.25
0.00582200009375811,-585283.8125,-3333.8720703125,615538.8125
0.00582299986854196,-584257.5625,-2932.5751953125,613861.375
0.00582400010898709,-583308.3125,-2929.69067382812,612632.0625
0.00582499988377094,-582315.0625,-3439.26733398438,611842.9375
0.00582600012421608,-581190.3125,-4558.44580078125,611503.9375
0.00582699989899993,-579892.5,-6346.0361328125,611634.125
0.00582800013944507,-578425.6875,-8813.7431640625,612252.25
0.00582899991422892,-576830.875,-11928.1943359375,613368.5
0.00583000015467405,-575173.1875,-15619.974609375,614978.1875
0.0058309999294579,-573527.6875,-19795.255859375,617058.4375
0.00583200016990304,-571967.1875,-24346.86328125,619568.875
0.00583299994468689,-570552.625,-29163.48828125,622454.3125
0.00583400018513203,-569328.3125,-34136.80859375,625649.125
0.00583499995991588,-568320.4375,-39166.54296875,629081.5625
0.00583600020036101,-567537.9375,-44163.5703125,632678.25
0.00583699997514486,-566975.4375,-49051.40625,636367.75
0.00583800021559,-566616.5625,-53766.44921875,640083.6875
0.00583899999037385,-566437.1875,-58257.48046875,643766.75
0.00584000023081899,-566408.625,-62484.71484375,647365.8125
0.00584100000560284,-566500.3125,-66418.671875,650838.5
0.00584199978038669,-566681.875,-70039.0390625,654150.8125
0.00584300002083182,-566924.75,-73333.5625,657276.5625
0.00584399979561567,-567203.1875,-76297.0390625,660196.5
0.00584500003606081,-567495.25,-78930.3984375,662897.0625
0.00584599981084466,-567782.9375,-81239.8515625,665369.8125
0.0058470000512898,-568052.25,-83236.1171875,667609.75
0.00584799982607365,-568293.25,-84933.6484375,669615.25
0.00584900006651878,-568499.625,-86349.8671875,671386.8125
0.00584999984130263,-568668.3125,-87504.4375,672926.75
0.00585100008174777,-568798.6875,-88418.4609375,674238.9375
0.00585199985653162,-568892.25,-89113.765625,675328.6875
0.00585300009697676,-568951.75,-89612.1953125,676202.5
0.00585399987176061,-568980.5625,-89934.9765625,676868.3125
0.00585500011220574,-568982.375,-90102.2421875,677335.125
0.00585599988698959,-568960.5,-90132.59375,677613.5
0.00585700012743473,-568917.875,-90042.8203125,677715.0625
0.00585799990221858,-568856.4375,-89847.8203125,677652.5625
0.00585900014266372,-568777.375,-89560.484375,677439.8125
0.00585999991744757,-568681,-89191.8046875,677091.375
0.0058610001578927,-568566.75,-88751,676622.375
0.00586199993267655,-568433.5,-88245.7109375,676048.25
0.00586300017312169,-568279.4375,-87682.234375,675384.4375
0.00586399994790554,-568102.625,-87065.7421875,674646.1875
0.00586500018835068,-567900.75,-86400.578125,673848.3125
0.00586599996313453,-567671.75,-85690.453125,673004.875
0.00586700020357966,-567413.5625,-84938.6953125,672129.25
0.00586799997836351,-567124.5625,-84148.4140625,671233.6875
0.00586900021880865,-566803.4375,-83322.6953125,670329.3125
0.0058699999935925,-566449.5625,-82464.6953125,669426.0625
0.00587099976837635,-566062.625,-81577.7734375,668532.75
0.00587200000882149,-565643.125,-80665.546875,667656.75
0.00587299978360534,-565192.125,-79731.9296875,666804.5
0.00587400002405047,-564711.25,-78781.1484375,665980.875
0.00587499979883432,-564202.625,-77817.7578125,665189.9375
0.00587600003927946,-563668.9375,-76846.5703125,664434.5
0.00587699981406331,-563113.5,-75872.6796875,663716.4375
0.00587800005450845,-562539.6875,-74901.34375,663036.75
0.0058789998292923,-561951.5,-73937.9765625,662395.6875
0.00588000006973743,-561353.0625,-72988.0703125,661792.8125
0.00588099984452128,-560748.6875,-72057.1171875,661226.9375
0.00588200008496642,-560142.8125,-71150.5390625,660696.625
0.00588299985975027,-559539.9375,-70273.671875,660199.875
0.00588400010019541,-558944.5,-69431.6171875,659734.375
0.00588499987497926,-558360.875,-68629.28125,659297.625
0.00588600011542439,-557793.3125,-67871.25,658886.9375
0.00588699989020824,-557245.875,-67161.78125,658499.4375
0.00588800013065338,-556722.4375,-66504.75,658132.375
0.00588899990543723,-556226.5625,-65903.640625,657782.8125
0.00589000014588237,-555761.5,-65361.484375,657448.0625
0.00589099992066622,-555330.1875,-64880.88671875,657125.375
0.00589200016111135,-554935.3125,-64463.984375,656812.1875
0.0058929999358952,-554579.1875,-64112.44921875,656505.9375
0.00589400017634034,-554263.625,-63827.49609375,656204.5
0.00589499995112419,-553990.3125,-63609.87890625,655905.625
0.00589600019156933,-553760.4375,-63459.9140625,655607.5
0.00589699996635318,-553574.875,-63377.484375,655308.375
0.00589800020679832,-553434.125,-63362.06640625,655006.6875
0.00589899998158216,-553338.5625,-63412.75,654701.125
0.0059000002220273,-553288,-63528.2578125,654390.625
0.00590099999681115,-553282.125,-63706.98046875,654074.25
0.005901999771595,-553320.3125,-63947.015625,653751.25
0.00590300001204014,-553401.75,-64246.1640625,653421.1875
0.00590399978682399,-553525.3125,-64601.99609375,653083.625
0.00590500002726912,-553689.75,-65011.8671875,652738.5
0.00590599980205297,-553893.6875,-65472.94921875,652385.75
0.00590700004249811,-554135.5,-65982.2578125,652025.5625
0.00590799981728196,-554413.5,-66536.6875,651658.3125
0.0059090000577271,-554725.75,-67133.0546875,651284.3125
0.00590999983251095,-555070.4375,-67768.0859375,650904.25
0.00591100007295609,-555445.5,-68438.484375,650518.8125
0.00591199984773993,-555848.9375,-69140.953125,650128.6875
0.00591300008818507,-556278.6875,-69872.171875,649734.875
0.00591399986296892,-556732.5625,-70628.875,649338.1875
0.00591500010341406,-557208.4375,-71407.8515625,648939.75
0.00591599987819791,-557704.25,-72205.9453125,648540.625
0.00591700011864305,-558217.875,-73020.109375,648141.8125
0.0059179998934269,-558747.125,-73847.3671875,647744.5625
0.00591900013387203,-559290,-74684.875,647349.9375
0.00591999990865588,-559844.4375,-75529.9140625,646959.125
0.00592100014910102,-560408.4375,-76379.890625,646573.25
0.00592199992388487,-560980.0625,-77232.359375,646193.4375
0.00592300016433001,-561557.375,-78085.0078125,645820.8125
0.00592399993911386,-562138.5625,-78935.703125,645456.4375
0.00592500017955899,-562721.8125,-79782.4296875,645101.3125
0.00592599995434284,-563305.375,-80623.359375,644756.5
0.00592700019478798,-563887.5625,-81456.796875,644422.9375
0.00592799996957183,-564466.8125,-82281.2109375,644101.4375
0.00592900021001697,-565041.5625,-83095.234375,643792.8125
0.00592999998480082,-565610.375,-83897.6328125,643497.875
0.00593100022524595,-566171.6875,-84687.3203125,643217.25
0.0059320000000298,-566724.3125,-85463.3671875,642951.5
0.00593299977481365,-567266.8125,-86224.96875,642701.25
0.00593400001525879,-567798.0625,-86971.4453125,642466.9375
0.00593499979004264,-568316.875,-87702.2578125,642248.9375
0.00593600003048778,-569115.375,-87809.2421875,641754.875
0.00593699980527163,-570485.9375,-86686.875,640691.25
0.00593800004571676,-572063.625,-85082.1796875,639408.125
0.00593899982050061,-573176.0625,-84320.625,638510
0.00594000006094575,-573567.625,-84825.75,638156.4375
0.0059409998357296,-573433,-86181.1171875,638149.5
0.00594200007617474,-573088.1875,-87860.3515625,638302.8125
0.00594299985095859,-572794.3125,-89486.015625,638515.3125
0.00594400009140372,-572736,-90768.1640625,638691.1875
0.00594499986618757,-573021.0625,-91491.3515625,638728.375
0.00594600010663271,-573665.75,-91588.2109375,638574.625
0.00594699988141656,-574590.6875,-91186.8203125,638270.25
0.0059480001218617,-575649.375,-90568.2109375,637936.625
0.00594899989664555,-576675.5,-90062.9609375,637724.75
0.00595000013709068,-577524.8125,-89951.75,637761.6875
0.00595099991187453,-578097,-90410.90625,638119.125
0.00595200015231967,-578339.5,-91505.7734375,638810.5
0.00595299992710352,-578241.75,-93212.8515625,639805.75
0.00595400016754866,-577828.625,-95450.1875,641053.4375
0.00595499994233251,-577154.9375,-98103.09375,642499.625
0.00595600018277764,-576300.1875,-101041.84375,644099.625
0.00595699995756149,-575361.125,-104132.7890625,645821.0625
0.00595800019800663,-574439.375,-107246.1328125,647639.3125
0.00595899997279048,-573626.9375,-110262.3203125,649529.1875
0.00596000021323562,-572991.125,-113077.65625,651455.625
0.00596099998801947,-572564.1875,-115608.7734375,653367.5625
0.0059620002284646,-572339.3125,-117795.2890625,655196.875
0.00596300000324845,-572273.8125,-119600.28125,656862.4375
0.0059639997780323,-572298.875,-121008.7890625,658278.3125
0.00596500001847744,-572331.9375,-122024.7734375,659363.5625
0.00596599979326129,-572290.25,-122667.2578125,660051.4375
0.00596700003370643,-572101.5625,-122966.21875,660296.5625
0.00596799980849028,-571711.9375,-122958.6015625,660078.375
0.00596900004893541,-571089.5625,-122684.90625,659401.875
0.00596999982371926,-570225.0625,-122186.4375,658295.25
0.0059710000641644,-569129.1875,-121503.1953125,656805.75
0.00597199983894825,-567828.6875,-120672.5,654994.5625
0.00597300007939339,-566361.875,-119728.0625,652931.25
0.00597399985417724,-564773.75,-118699.625,650689.0625
0.00597500009462237,-563112.0625,-117612.8671875,648340.5625
0.00597599986940622,-561423.9375,-116489.6171875,645954.125
0.00597700010985136,-559753.375,-115348.1640625,643591.9375
0.00597799988463521,-558139.5625,-114203.703125,641308.1875
0.00597900012508035,-556616.0625,-113068.734375,639148.4375
0.0059799998998642,-555210.3125,-111953.484375,637149.5625
0.00598100014030933,-553943.5625,-110866.1953125,635340.0625
0.00598199991509318,-552831.4375,-109813.453125,633740.5625
0.00598300015553832,-551884,-108800.4375,632364.75
0.00598399993032217,-551106.75,-107831.0859375,631220.25
0.00598500017076731,-550501,-106908.296875,630309.4375
0.00598599994555116,-550064.5625,-106034.1015625,629630.375
0.00598700018599629,-549792.4375,-105209.828125,629177.5625
0.00598799996078014,-549677.4375,-104436.2265625,628942.625
0.00598900020122528,-549710.6875,-103713.609375,628915.0625
0.00598999997600913,-549882.0625,-103042,629082.4375
0.00599100021645427,-550180.6875,-102421.203125,629431.25
0.00599199999123812,-550595.25,-101850.90625,629946.9375
0.00599300023168325,-551114.3125,-101330.734375,630614.5
0.0059940000064671,-551726.4375,-100860.265625,631418.6875
0.00599499978125095,-552420.5625,-100439.078125,632344.1875
0.00599600002169609,-553185.875,-100066.7265625,633376
0.00599699979647994,-554012.0625,-99742.734375,634499.25
0.00599800003692508,-554889.1875,-99466.5625,635700
0.00599899981170893,-555807.9375,-99237.59375,636964.5625
0.00600000005215406,-556759.5,-99055.0703125,638280.375
0.00600099982693791,-557735.5,-98918.109375,639635.5625
0.00600200006738305,-558728.125,-98825.640625,641019.0625
0.0060029998421669,-559730,-98776.390625,642421
0.00600400008261204,-560734.0625,-98768.8828125,643832.1875
0.00600499985739589,-561733.875,-98801.4296875,645244.625
0.00600600009784102,-562723.25,-98872.1328125,646651.125
0.00600699987262487,-563696.5,-98978.8671875,648045.5
0.00600800011307001,-564648.1875,-99119.3359375,649422.375
0.00600899988785386,-565573.3125,-99291.0703125,650777.25
0.006010000128299,-566467.1875,-99491.421875,652106.4375
0.00601099990308285,-567325.5625,-99717.640625,653406.9375
0.00601200014352798,-568144.4375,-99966.875,654676.375
0.00601299991831183,-568920.125,-100236.203125,655913
0.00601400015875697,-569649.375,-100522.6640625,657115.75
0.00601499993354082,-570329.3125,-100823.2890625,658283.8125
0.00601600017398596,-570957.25,-101135.1484375,659416.875
0.00601699994876981,-571530.9375,-101455.3515625,660515.125
0.00601800018921494,-572048.5,-101781.078125,661578.8125
0.00601899996399879,-572508.25,-102109.6484375,662608.625
0.00602000020444393,-572908.9375,-102438.484375,663605.4375
0.00602099997922778,-573249.5625,-102765.1640625,664570.125
0.00602200021967292,-573529.625,-103087.4453125,665503.875
0.00602299999445677,-573748.5625,-103403.2421875,666407.9375
0.00602399976924062,-573906.5,-103710.6953125,667283.5
0.00602500000968575,-574003.5,-104008.1171875,668132
0.0060259997844696,-574040.125,-104294.046875,668954.6875
0.00602700002491474,-574017.0625,-104567.2265625,669752.875
0.00602799979969859,-573935.3125,-104826.59375,670527.9375
0.00602900004014373,-573796.0625,-105071.3046875,671281.0625
0.00602999981492758,-573600.6875,-105300.703125,672013.5
0.00603100005537271,-573350.8125,-105514.3359375,672726.375
0.00603199983015656,-573048.1875,-105711.921875,673420.875
0.0060330000706017,-572694.75,-105893.3515625,674098
0.00603399984538555,-572292.5625,-106058.671875,674758.625
0.00603500008583069,-571843.8125,-106208.078125,675403.6875
0.00603599986061454,-571350.8125,-106341.890625,676034
0.00603700010105968,-570816,-106460.5546875,676650.25
0.00603799987584352,-570241.75,-106564.6171875,677253.0625
0.00603900011628866,-569630.75,-106654.71875,677843.0625
0.00603999989107251,-568985.5,-106731.5703125,678420.6875
0.00604100013151765,-568308.625,-106795.953125,678986.375
0.0060419999063015,-567602.75,-106848.6953125,679540.5
0.00604300014674664,-566870.5625,-106890.6640625,680083.25
0.00604399992153049,-566114.6875,-106922.7578125,680614.9375
0.00604500016197562,-565337.75,-106945.8984375,681135.75
0.00604599993675947,-564542.3125,-106961.015625,681645.6875
0.00604700017720461,-563730.9375,-106969.0234375,682144.875
0.00604799995198846,-562906.125,-106970.859375,682633.25
0.0060490001924336,-562070.25,-106967.421875,683110.9375
0.00604999996721745,-561225.75,-106959.6015625,683577.75
0.00605100020766258,-560374.875,-106948.2734375,684033.625
0.00605199998244643,-559519.875,-106934.265625,684478.5
0.00605300022289157,-558662.875,-106918.390625,684912.1875
0.00605399999767542,-557805.9375,-106901.421875,685334.5625
0.00605499977245927,-556950.9375,-106884.0859375,685745.5
0.00605600001290441,-556099.75,-106867.078125,686144.8125
0.00605699978768826,-555254.25,-106851.0703125,686532.3125
0.00605800002813339,-554415.9375,-106836.6640625,686907.875
0.00605899980291724,-553586.4375,-106824.4453125,687271.3125
0.00606000004336238,-552767.25,-106814.953125,687622.5625
0.00606099981814623,-551959.6875,-106808.671875,687961.375
0.00606200005859137,-551165,-106806.0703125,688287.75
0.00606299983337522,-550384.375,-106807.5625,688601.5
0.00606400007382035,-549618.8125,-106813.53125,688902.5625
0.0060649998486042,-548869.375,-106824.3203125,689190.875
0.00606600008904934,-548136.875,-106840.25,689466.4375
0.00606699986383319,-547422.125,-106861.59375,689729.1875
0.00606800010427833,-546725.875,-106888.6015625,689979.1875
0.00606899987906218,-546048.625,-106921.5,690216.5
0.00607000011950731,-545390.9375,-106960.4609375,690441.125
0.00607099989429116,-544753.3125,-107005.6640625,690653.125
0.0060720001347363,-544136.0625,-107057.2421875,690852.75
0.00607299990952015,-543539.5625,-107115.3125,691040.0625
0.00607400014996529,-542963.9375,-107179.96875,691215.1875
0.00607499992474914,-542409.5,-107251.28125,691378.4375
0.00607600016519427,-541876.25,-107329.3125,691529.9375
0.00607699993997812,-541364.25,-107414.0859375,691669.9375
0.00607800018042326,-540873.5625,-107505.640625,691798.8125
0.00607899995520711,-540404,-107603.96875,691916.75
0.00608000019565225,-539955.5625,-107709.0703125,692024.0625
0.0060809999704361,-539528,-107820.9140625,692121.0625
0.00608200021088123,-539121.1875,-107939.4765625,692208.125
0.00608299998566508,-538734.875,-108064.7109375,692285.625
0.00608400022611022,-538368.75,-108196.5703125,692353.9375
0.00608500000089407,-538022.5625,-108334.9921875,692413.375
0.00608599977567792,-537695.875,-108479.890625,692464.4375
0.00608700001612306,-537388.4375,-108631.2109375,692507.4375
0.00608799979090691,-537099.8125,-108788.859375,692542.75
0.00608900003135204,-536829.5625,-108952.7421875,692570.9375
0.00608999980613589,-536577.25,-109122.7734375,692592.25
0.00609100004658103,-536342.4375,-109298.84375,692607.25
0.00609199982136488,-536124.6875,-109480.859375,692616.25
0.00609300006181002,-535923.5,-109668.7109375,692619.75
0.00609399983659387,-535738.375,-109862.28125,692618.0625
0.006095000077039,-535568.8125,-110061.46875,692611.6875
0.00609599985182285,-535414.25,-110266.1484375,692601
0.00609700009226799,-535274.25,-110476.2109375,692586.4375
0.00609799986705184,-535148.3125,-110691.53125,692568.3125
0.00609900010749698,-535035.8125,-110912,692547.0625
0.00609999988228083,-534936.3125,-111137.484375,692523.0625
0.00610100012272596,-534849.3125,-111367.8671875,692496.6875
0.00610199989750981,-534774.1875,-111603.0390625,692468.1875
0.00610300013795495,-534710.5,-111842.8671875,692438.0625
0.0061039999127388,-534657.6875,-112087.2265625,692406.5625
0.00610500015318394,-534615.25,-112336.015625,692373.9375
0.00610599992796779,-534582.75,-112589.1015625,692340.5625
0.00610700016841292,-534559.625,-112846.3671875,692306.75
0.00610799994319677,-534545.4375,-113107.703125,692272.6875
0.00610900018364191,-534539.625,-113372.984375,692238.625
0.00610999995842576,-534541.75,-113642.1015625,692204.9375
0.0061110001988709,-534551.375,-113914.9453125,692171.6875
0.00611199997365475,-534568.0625,-114191.3984375,692139.1875
0.00611300021409988,-534591.3125,-114471.3515625,692107.5625
0.00611399998888373,-534620.6875,-114754.703125,692077.0625
0.00611500022932887,-534655.8125,-115041.34375,692047.8125
0.00611600000411272,-534696.25,-115331.171875,692019.9375
0.00611699977889657,-534741.625,-115624.078125,691993.625
0.00611800001934171,-534791.5625,-115919.96875,691969
0.00611899979412556,-534845.625,-116218.7421875,691946.125
0.00612000003457069,-534903.4375,-116520.3125,691925.125
0.00612099980935454,-534964.75,-116824.578125,691906
0.00612200004979968,-535029.125,-117131.4453125,691888.9375
0.00612299982458353,-535096.25,-117440.8359375,691873.9375
0.00612400006502867,-535165.875,-117752.6484375,691861
0.00612499983981252,-535237.5625,-118066.8046875,691850.25
0.00612600008025765,-535311.125,-118383.21875,691841.625
0.0061269998550415,-535386.25,-118701.8125,691835.1875
0.00612800009548664,-535462.625,-119022.5,691830.875
0.00612899987027049,-535540.0625,-119345.203125,691828.8125
0.00613000011071563,-535618.25,-119669.8515625,691828.8125
0.00613099988549948,-535696.9375,-119996.359375,691831
0.00613200012594461,-535775.9375,-120324.6640625,691835.25
0.00613299990072846,-535855,-120654.6953125,691841.5625
0.0061340001411736,-535933.9375,-120986.3671875,691849.875
0.00613499991595745,-536012.5,-121319.625,691860.1875
0.00613600015640259,-536090.5625,-121654.3984375,691872.4375
0.00613699993118644,-536167.875,-121990.6171875,691886.5
0.00613800017163157,-536244.3125,-122328.2109375,691902.3125
0.00613899994641542,-536319.6875,-122667.1328125,691919.9375
0.00614000018686056,-536393.875,-123007.3046875,691939.1875
0.00614099996164441,-536466.6875,-123348.671875,691960
0.00614200020208955,-536537.9375,-123691.1640625,691982.3125
0.0061429999768734,-536607.5625,-124034.734375,692006.0625
0.00614400021731853,-536675.4375,-124379.3125,692031.25
0.00614499999210238,-536741.4375,-124724.8515625,692057.625
0.00614600023254752,-536805.375,-125071.2890625,692085.25
0.00614700000733137,-536867.25,-125418.5625,692114
0.00614799978211522,-536926.875,-125766.625,692143.8125
0.00614900002256036,-536984.1875,-126115.421875,692174.625
0.00614999979734421,-537039.125,-126464.8984375,692206.25
0.00615100003778934,-537091.5625,-126814.9921875,692238.75
0.00615199981257319,-537141.4375,-127165.6640625,692272
0.00615300005301833,-537188.6875,-127516.859375,692305.9375
0.00615399982780218,-537233.1875,-127868.5234375,692340.4375
0.00615500006824732,-537274.9375,-128220.609375,692375.5
0.00615599984303117,-537313.875,-128573.0625,692411.0625
0.00615700008347631,-537349.9375,-128925.84375,692447
0.00615799985826015,-537383,-129278.90625,692483.3125
0.00615900009870529,-537413.125,-129632.1953125,692519.875
0.00615999987348914,-537440.1875,-129985.671875,692556.625
0.00616100011393428,-537464.1875,-130339.28125,692593.625
0.00616199988871813,-537485.0625,-130693,692630.6875
0.00616300012916327,-537502.8125,-131046.765625,692667.875
0.00616399990394711,-537517.375,-131400.546875,692705
0.00616500014439225,-537528.6875,-131754.296875,692742.1875
0.0061659999191761,-537536.8125,-132107.984375,692779.25
0.00616700015962124,-537541.625,-132461.5625,692816.25
0.00616799993440509,-537543.1875,-132815,692853.0625
0.00616900017485023,-537541.4375,-133168.25,692889.75
0.00616999994963408,-537536.3125,-133521.296875,692926.1875
0.00617100019007921,-537527.9375,-133874.09375,692962.375
0.00617199996486306,-537516.1875,-134226.59375,692998.3125
0.0061730002053082,-537501,-134578.796875,693034
0.00617399998009205,-537482.5,-134930.65625,693069.375
0.00617500022053719,-537460.625,-135282.125,693104.375
0.00617599999532104,-537435.3125,-135633.203125,693139
0.00617699977010489,-537406.625,-135983.859375,693173.3125
0.00617800001055002,-537374.5625,-136334.046875,693207.25
0.00617899978533387,-537339.0625,-136683.765625,693240.75
0.00618000002577901,-537300.1875,-137032.984375,693273.875
0.00618099980056286,-537257.875,-137381.671875,693306.5625
0.006182000041008,-537212.125,-137729.828125,693338.8125
0.00618299981579185,-537163,-138077.40625,693370.6875
0.00618400005623698,-537110.5,-138424.421875,693402.125
0.00618499983102083,-537054.5625,-138770.828125,693433.0625
0.00618600007146597,-536995.1875,-139116.640625,693463.625
0.00618699984624982,-536932.5,-139461.8125,693493.75
0.00618800008669496,-536866.375,-139806.34375,693523.375
0.00618899986147881,-536796.875,-140150.234375,693552.625
0.00619000010192394,-536724.0625,-140493.46875,693581.4375
0.00619099987670779,-536647.8125,-140836.03125,693609.75
0.00619200011715293,-536568.25,-141177.90625,693637.6875
0.00619299989193678,-536485.375,-141519.109375,693665.1875
0.00619400013238192,-536399.125,-141859.625,693692.3125
0.00619499990716577,-536309.5625,-142199.453125,693718.9375
0.0061960001476109,-536216.75,-142538.578125,693745.1875
0.00619699992239475,-536120.5625,-142877,693771.0625
0.00619800016283989,-536021.1875,-143214.734375,693796.5625
0.00619899993762374,-535918.5,-143551.765625,693821.625
0.00620000017806888,-535812.625,-143888.09375,693846.3125
0.00620099995285273,-535703.5,-144223.734375,693870.625
0.00620200019329786,-535591.25,-144558.671875,693894.5625
0.00620299996808171,-535475.75,-144892.921875,693918.125
0.00620400020852685,-535357.125,-145226.5,693941.375
0.0062049999833107,-535235.3125,-145559.375,693964.25
0.00620600022375584,-535110.4375,-145891.59375,693986.8125
0.00620699999853969,-534982.5,-146223.140625,694009
0.00620799977332354,-534851.4375,-146554.015625,694030.9375
0.00620900001376867,-534717.375,-146884.25,694052.5
0.00620999978855252,-534580.3125,-147213.84375,694073.75
0.00621100002899766,-534440.3125,-147542.796875,694094.75
0.00621199980378151,-534297.3125,-147871.140625,694115.4375
0.00621300004422665,-534151.4375,-148198.859375,694135.875
0.0062139998190105,-534002.625,-148525.96875,694156
0.00621500005945563,-533851,-148852.5,694175.8125
0.00621599983423948,-533696.5625,-149178.453125,694195.4375
0.00621700007468462,-533539.375,-149503.828125,694214.75
0.00621799984946847,-533379.375,-149828.65625,694233.8125
0.00621900008991361,-533216.75,-150152.953125,694252.6875
0.00621999986469746,-533051.4375,-150476.703125,694271.25
0.00622100010514259,-532883.4375,-150799.953125,694289.625
0.00622199987992644,-532712.9375,-151122.703125,694307.75
0.00622300012037158,-532539.875,-151444.96875,694325.6875
0.00622399989515543,-532364.25,-151766.75,694343.375
0.00622500013560057,-532186.25,-152088.078125,694360.8125
0.00622599991038442,-532005.8125,-152408.96875,694378.125
0.00622700015082955,-531823,-152729.421875,694395.1875
0.0062279999256134,-531637.875,-153049.453125,694412.0625
0.00622900016605854,-531450.5,-153369.09375,694428.6875
0.00622999994084239,-531260.9375,-153688.34375,694445.1875
0.00623100018128753,-531069.1875,-154007.21875,694461.5
0.00623199995607138,-530875.3125,-154325.734375,694477.625
0.00623300019651651,-530679.3125,-154643.921875,694493.5625
0.00623399997130036,-530481.375,-154961.765625,694509.3125
0.0062350002117455,-530281.4375,-155279.28125,694524.9375
0.00623599998652935,-530079.625,-155596.515625,694540.3125
0.00623700022697449,-529875.9375,-155913.453125,694555.5625
0.00623800000175834,-529670.5,-156230.109375,694570.6875
0.00623899977654219,-529463.3125,-156546.515625,694585.625
0.00624000001698732,-529254.375,-156862.65625,694600.4375
0.00624099979177117,-529043.875,-157178.5625,694615.0625
0.00624200003221631,-528831.75,-157494.25,694629.5625
0.00624299980700016,-528618.125,-157809.71875,694643.875
0.0062440000474453,-528403.0625,-158125,694658.0625
0.00624499982222915,-528186.625,-158440.078125,694672.1875
0.00624600006267428,-527968.8125,-158754.96875,694686.0625
0.00624699983745813,-527749.6875,-159069.703125,694699.875
0.00624800007790327,-527529.375,-159384.28125,694713.5625
0.00624899985268712,-527307.9375,-159698.703125,694727.125
0.00625000009313226,-527085.3125,-160012.984375,694740.5625
0.00625099986791611,-526861.6875,-160327.140625,694753.875
0.00625200010836124,-526637,-160641.171875,694767.0625
0.00625299988314509,-526411.4375,-160955.09375,694780.1875
0.00625400012359023,-526185,-161268.90625,694793.125
0.00625499989837408,-525957.6875,-161582.625,694806.0625
0.00625600013881922,-525729.625,-161896.25,694818.8125
0.00625699991360307,-525500.875,-162209.78125,694831.5625
0.0062580001540482,-525271.5,-162523.25,694844.1875
0.00625899992883205,-525041.4375,-162836.625,694856.6875
0.00626000016927719,-524810.875,-163149.9375,694869.1875
0.00626099994406104,-524579.8125,-163463.1875,694881.5625
0.00626200018450618,-524348.3125,-163776.375,694893.875
0.00626299995929003,-524116.46875,-164089.515625,694906.125
0.00626400019973516,-523884.25,-164402.59375,694918.3125
0.00626499997451901,-523651.71875,-164715.609375,694930.5
0.00626600021496415,-523419,-165028.578125,694942.625
0.006266999989748,-523186.0625,-165341.515625,694954.6875
0.00626800023019314,-522953.25,-165653.8125,694966.4375
0.00626900000497699,-522721.6875,-165963.328125,694976.875
0.00626999977976084,-522492.75,-166267.484375,694984.8125
0.00627100002020597,-522266.6875,-166566.640625,694990.75
0.00627199979498982,-522042.625,-166865.5,694998.375
0.00627300003543496,-521819.84375,-167169.734375,695012.3125
0.00627399981021881,-521598.75,-167481.171875,695034.75
0.00627500005066395,-521380.09375,-167795.8125,695062.5625
0.0062759998254478,-521164.34375,-168105.34375,695088.3125
0.00627700006589293,-520952.09375,-168401.296875,695104.3125
0.00627799984067678,-520744.4375,-168679.828125,695107.875
0.00627900008112192,-520543.1875,-168944.59375,695104.1875
0.00627999985590577,-520350.46875,-169205.59375,695104.9375
0.00628100009635091,-520167.78125,-169474.40625,695122.625
0.00628199987113476,-519994.875,-169758.515625,695164.25
0.0062830001115799,-519829.1875,-170058.09375,695227.5625
0.00628399988636374,-519666,-170366.453125,695301.5
0.00628500012680888,-519500.1875,-170673.921875,695371.8125
0.00628599990159273,-519328.03125,-170972.765625,695427.1875
0.00628700014203787,-519148.40625,-171260.859375,695464.5
0.00628799991682172,-518962.6875,-171542.84375,695489.5625
0.00628900015726686,-518773.15625,-171828.203125,695513.625
0.0062899999320507,-518580.9375,-172127.859375,695548.3125
0.00629100017249584,-518384.09375,-172450.75,695600.5
0.00629199994727969,-518177.125,-172801.53125,695669.1875
0.00629300018772483,-517951.78125,-173180.21875,695746.375
0.00629399996250868,-517698.84375,-173583.3125,695819.8125
0.00629500020295382,-517410.28125,-174005.78125,695876.6875
0.00629599997773767,-517080.84375,-174442.828125,695907.25
0.0062970002181828,-516708.65625,-174891.09375,695906.5625
0.00629799999296665,-516295.03125,-175349.046875,695874.3125
0.0062989997677505,-515843.1875,-175816.484375,695813.5625
0.00630000000819564,-515357.375,-176293.671875,695728.75
0.00630099978297949,-514841.8125,-176780.46875,695623.875
0.00630200002342463,-514300.21875,-177275.5,695501.375
0.00630299979820848,-513736.0625,-177775.84375,695361.8125
0.00630400003865361,-513153,-178276.984375,695204.5
0.00630499981343746,-512555.5625,-178773.203125,695028.25
0.0063060000538826,-511949.71875,-179257.9375,694832.5
0.00630699982866645,-511343.125,-179724.4375,694618.1875
0.00630800006911159,-510745.15625,-180166.28125,694388.125
0.00630899984389544,-510166.59375,-180577.765625,694147.1875
0.00631000008434057,-509619.0625,-180954.265625,693902.1875
0.00631099985912442,-509114.3125,-181292.375,693661.25
0.00631200009956956,-508663.5,-181590.0625,693433.25
0.00631299987435341,-508276.625,-181846.5625,693227.1875
0.00631400011479855,-507962,-182062.359375,693051.5
0.0063149998895824,-507725.84375,-182238.953125,692913.625
0.00631600013002753,-507572.125,-182378.796875,692819.75
0.00631699990481138,-507502.5,-182485.015625,692774.3125
0.00631800014525652,-507516.5,-182561.25,692780.375
0.00631899992004037,-507611.4375,-182611.515625,692839.1875
0.00632000016048551,-507782.90625,-182640,692950.6875
0.00632099993526936,-508025,-182650.9375,693113.4375
0.00632200017571449,-508330.46875,-182648.53125,693324.8125
0.00632299995049834,-508691.21875,-182636.875,693581.375
0.00632400019094348,-509098.5,-182619.828125,693878.8125
0.00632499996572733,-509543.15625,-182601.015625,694212.5625
0.00632600020617247,-510015.875,-182583.796875,694577.4375
0.00632699998095632,-510507.40625,-182571.1875,694968.1875
0.00632800022140145,-511008.75,-182565.9375,695379.5625
0.0063289999961853,-511511.25,-182570.421875,695806.375
0.00632999977096915,-512006.6875,-182586.765625,696243.5
0.00633100001141429,-512487.40625,-182616.703125,696686.1875
0.00633199978619814,-512946.4375,-182661.765625,697129.8125
0.00633300002664328,-513377.4375,-182723.15625,697570.25
0.00633399980142713,-513774.71875,-182801.859375,698003.625
0.00633500004187226,-514133.375,-182898.609375,698426.375
0.00633599981665611,-514449.21875,-183014.015625,698835.375
0.00633700005710125,-514718.71875,-183148.46875,699227.75
0.0063379998318851,-514939.15625,-183302.234375,699601.0625
0.00633900007233024,-515108.40625,-183475.5,699953.125
0.00633999984711409,-515225.03125,-183668.328125,700282.0625
0.00634100008755922,-515288.21875,-183880.734375,700586.1875
0.00634199986234307,-515297.75,-184112.65625,700864.1875
0.00634300010278821,-515253.90625,-184364.03125,701114.875
0.00634399987757206,-515157.5,-184634.6875,701337.4375
0.0063450001180172,-515009.75,-184924.5,701531.125
0.00634599989280105,-514812.28125,-185233.28125,701695.4375
0.00634700013324618,-514567.0625,-185560.796875,701830.125
0.00634799990803003,-514276.34375,-185906.828125,701934.9375
0.00634900014847517,-513942.625,-186271.078125,702010
0.00634999992325902,-513568.5625,-186653.25,702055.5
0.00635100016370416,-513157,-187053,702071.75
0.00635199993848801,-512710.84375,-187469.921875,702059.1875
0.00635300017893314,-512233.03125,-187903.578125,702018.4375
0.00635399995371699,-511726.625,-188353.5,701950.3125
0.00635500019416213,-511194.53125,-188819.125,701855.6875
0.00635599996894598,-510639.75,-189299.859375,701735.4375
0.00635700020939112,-510065.09375,-189795.0625,701590.6875
0.00635799998417497,-509473.34375,-190304.015625,701422.625
0.0063590002246201,-508867.125,-190825.953125,701232.5625
0.00635999999940395,-508249,-191360.078125,701021.75
0.0063609997741878,-507621.3125,-191905.5,700791.625
0.00636200001463294,-506986.3125,-192461.296875,700543.625
0.00636299978941679,-506346,-193026.515625,700279.3125
0.00636400002986193,-505702.3125,-193600.15625,700000.125
0.00636499980464578,-505057,-194181.140625,699707.75
0.00636600004509091,-504411.59375,-194768.421875,699403.75
0.00636699981987476,-503767.53125,-195360.890625,699089.6875
0.0063680000603199,-503126.0625,-195957.421875,698767.125
0.00636899983510375,-502488.34375,-196556.84375,698437.6875
0.00637000007554889,-501855.3125,-197158.03125,698103
0.00637099985033274,-501227.875,-197759.8125,697764.5625
0.00637200009077787,-500606.75,-198361.03125,697423.875
0.00637299986556172,-499992.5625,-198960.515625,697082.4375
0.00637400010600686,-499385.90625,-199557.125,696741.75
0.00637499988079071,-498787.25,-200149.75,696403.125
0.00637600012123585,-498196.96875,-200737.265625,696068.0625
0.0063769998960197,-497615.375,-201318.609375,695737.8125
0.00637800013646483,-497042.8125,-201892.734375,695413.625
0.00637899991124868,-496479.5,-202458.625,695096.6875
0.00638000015169382,-495925.65625,-203015.3125,694788.25
0.00638099992647767,-495381.46875,-203561.890625,694489.3125
0.00638200016692281,-494847.09375,-204097.453125,694200.9375
0.00638299994170666,-494322.71875,-204621.21875,693924.125
0.00638400018215179,-493808.5,-205132.390625,693659.75
0.00638499995693564,-493304.53125,-205630.28125,693408.6875
0.00638600019738078,-492810.96875,-206114.25,693171.6875
0.00638699997216463,-492327.96875,-206583.6875,692949.5625
0.00638800021260977,-491855.6875,-207038.09375,692742.875
0.00638899998739362,-491394.21875,-207477.015625,692552.1875
0.00639000022783875,-490943.75,-207900.0625,692378.1875
0.0063910000026226,-490504.375,-208306.921875,692221.1875
0.00639199977740645,-490076.28125,-208697.328125,692081.625
0.00639300001785159,-489659.5625,-209071.09375,691959.8125
0.00639399979263544,-489254.375,-209428.109375,691856.125
0.00639500003308058,-488860.84375,-209768.3125,691770.625
0.00639599980786443,-488479,-210091.734375,691703.5625
0.00639700004830956,-488109.03125,-210398.421875,691654.9375
0.00639799982309341,-487750.90625,-210688.515625,691624.875
0.00639900006353855,-487404.75,-210962.203125,691613.1875
0.0063999998383224,-487070.59375,-211219.75,691619.875
0.00640100007876754,-486748.375,-211461.4375,691644.6875
0.00640199985355139,-486497.90625,-211563.65625,691627.8125
0.00640300009399652,-486509.125,-211134.421875,691379.875
0.00640399986878037,-486960.0625,-209819.203125,690733.375
0.00640500010922551,-487760.96875,-207880.703125,689846.125
0.00640599988400936,-488587.78125,-206190.390625,689229.625
0.0064070001244545,-489182.8125,-205540.828125,689390.75
0.00640799989923835,-489501.40625,-206108,690460.125
0.00640900013968349,-489591.0625,-207519.78125,692133.8125
0.00640999991446733,-489454.4375,-209228.078125,693891.8125
0.00641100015491247,-489042.625,-210796.4375,695266.625
0.00641199992969632,-488302.375,-212009.953125,695996.5625
0.00641300017014146,-487192.1875,-212867.328125,696035.6875
0.00641399994492531,-485679.5625,-213509.921875,695484
0.00641500018537045,-483756.5625,-214128.828125,694514.75
0.00641599996015429,-481471.8125,-214887.734375,693332.0625
0.00641700020059943,-478949.09375,-215883.203125,692151.3125
0.00641799997538328,-476374.875,-217139.515625,691181.1875
0.00641900021582842,-473960.4375,-218622.328125,690598.75
0.00641999999061227,-471899.03125,-220256.8125,690524
0.00642100023105741,-470334.15625,-221943.9375,691003.75
0.00642200000584126,-469345.46875,-223574.265625,692010.8125
0.0064229997806251,-468950.15625,-225040.359375,693457.3125
0.00642400002107024,-469113.4375,-226248.109375,695215.9375
0.00642499979585409,-469764.03125,-227125.5,697143.8125
0.00642600003629923,-470809.875,-227627.984375,699103.6875
0.00642699981108308,-472152.75,-227739.640625,700979.5
0.00642800005152822,-473699.84375,-227470.59375,702685.6875
0.00642899982631207,-475371.84375,-226851.734375,704169.9375
0.0064300000667572,-477106.71875,-225928.421875,705411.0625
0.00643099984154105,-478859.78125,-224754.015625,706412.25
0.00643200008198619,-480600.46875,-223384.515625,707193
0.00643299985677004,-482306.9375,-221874.390625,707780.0625
0.00643400009721518,-483960.34375,-220273.78125,708199.6875
0.00643499987199903,-485539.78125,-218627.03125,708471.9375
0.00643600011244416,-487019.15625,-216972.25,708607.4375
0.00643699988722801,-488366.4375,-215341.4375,708607
0.00643800012767315,-489545,-213761.046875,708463.25
0.006438999902457,-490516.75,-212252.625,708164.3125
0.00644000014290214,-491246.03125,-210833.40625,707697.6875
0.00644099991768599,-491703.46875,-209516.9375,707054.3125
0.00644200015813112,-491869.21875,-208313.671875,706231.3125
0.00644299993291497,-491735.3125,-207231.453125,705234.4375
0.00644400017336011,-491306.25,-206275.875,704078.3125
0.00644499994814396,-490598.75,-205450.625,702785.9375
0.0064460001885891,-489640.125,-204757.78125,701387.5625
0.00644699996337295,-488466.25,-204198.015625,699918.5625
0.00644800020381808,-487118.875,-203770.703125,698417.25
0.00644899997860193,-485643,-203474.125,696922.6875
0.00645000021904707,-484084.4375,-203305.546875,695472.625
0.00645099999383092,-482487.53125,-203261.296875,694102.125
0.00645199976861477,-480893.5625,-203336.90625,692841.9375
0.00645300000905991,-479339.4375,-203527.1875,691718.0625
0.00645399978384376,-477856.875,-203826.3125,690751.0625
0.00645500002428889,-476471.9375,-204227.96875,689956
0.00645599979907274,-475205.0625,-204725.40625,689342.6875
0.00645700003951788,-474071.0625,-205311.578125,688915.9375
0.00645799981430173,-473079.625,-205979.21875,688675.9375
0.00645900005474687,-472235.78125,-206720.9375,688619.1875
0.00645999982953072,-471540.3125,-207529.3125,688738.5
0.00646100006997585,-470990.59375,-208396.953125,689024.25
0.0064619998447597,-470581,-209316.625,689464.4375
0.00646300008520484,-470303.59375,-210281.203125,690045.5625
0.00646399985998869,-470148.53125,-211283.828125,690752.8125
0.00646500010043383,-470104.71875,-212317.890625,691570.9375
0.00646599987521768,-470160.0625,-213377.09375,692484.125
0.00646700011566281,-470301.96875,-214455.4375,693476.6875
0.00646799989044666,-470517.59375,-215547.296875,694533.1875
0.0064690001308918,-470794.1875,-216647.375,695638.625
0.00646999990567565,-471119.1875,-217750.75,696778.8125
0.00647100014612079,-471480.4375,-218852.859375,697940.25
0.00647199992090464,-471866.4375,-219949.484375,699110.4375
0.00647300016134977,-472266.25,-221036.765625,700277.875
0.00647399993613362,-472669.71875,-222111.140625,701432.1875
0.00647500017657876,-473067.46875,-223169.40625,702563.8125
0.00647599995136261,-473450.90625,-224208.6875,703664.625
0.00647700019180775,-473812.3125,-225226.359375,704727.3125
0.0064779999665916,-474144.75,-226220.109375,705745.625
0.00647900020703673,-474442.1875,-227187.90625,706714.4375
0.00647999998182058,-474699.25,-228127.9375,707629.5
0.00648100022226572,-474911.46875,-229038.671875,708487.375
0.00648199999704957,-475075.0625,-229918.796875,709285.625
0.00648299977183342,-475186.9375,-230767.25,710022.4375
0.00648400001227856,-475244.71875,-231583.125,710696.6875
0.00648499978706241,-475246.59375,-232365.765625,711308
0.00648600002750754,-475191.375,-233114.703125,711856.5
0.00648699980229139,-475078.4375,-233829.625,712342.6875
0.00648800004273653,-474907.625,-234510.421875,712767.625
0.00648899981752038,-474679.25,-235157.109375,713132.6875
0.00649000005796552,-474394.03125,-235769.890625,713439.625
0.00649099983274937,-474053.09375,-236349.09375,713690.25
0.0064920000731945,-473657.84375,-236895.171875,713886.8125
0.00649299984797835,-473210.0625,-237408.71875,714031.5
0.00649400008842349,-472711.78125,-237890.390625,714126.75
0.00649499986320734,-472165.21875,-238341.03125,714175.0625
0.00649600010365248,-471572.8125,-238761.484375,714178.9375
0.00649699987843633,-470937.21875,-239152.734375,714140.9375
0.00649800011888146,-470261.21875,-239515.8125,714063.5625
0.00649899989366531,-469547.625,-239851.84375,713949.375
0.00650000013411045,-468799.4375,-240161.984375,713800.875
0.0065009999088943,-468019.71875,-240447.4375,713620.5
0.00650200014933944,-467211.5,-240709.484375,713410.5625
0.00650299992412329,-466377.875,-240949.375,713173.375
0.00650400016456842,-465521.9375,-241168.46875,712911.25
0.00650499993935227,-464646.78125,-241368.09375,712626.3125
0.00650600017979741,-463755.4375,-241549.59375,712320.5625
0.00650699995458126,-462850.84375,-241714.359375,711996
0.0065080001950264,-461936,-241863.75,711654.625
0.00650899996981025,-461013.65625,-241999.171875,711298.1875
0.00651000021025538,-460086.5625,-242121.96875,710928.375
0.00651099998503923,-459157.375,-242233.515625,710546.9375
0.00651200022548437,-458228.625,-242335.1875,710155.375
0.00651300000026822,-457302.65625,-242428.296875,709755.1875
0.00651399977505207,-456381.71875,-242514.171875,709347.75
0.00651500001549721,-455468,-242594.109375,708934.5
0.00651599979028106,-454563.40625,-242669.359375,708516.625
0.00651700003072619,-453669.84375,-242741.171875,708095.375
0.00651799980551004,-452788.9375,-242810.703125,707671.75
0.00651900004595518,-451922.28125,-242879.140625,707246.9375
0.00651999982073903,-451071.25,-242947.5625,706821.875
0.00652100006118417,-450237.125,-243017.03125,706397.5
0.00652199983596802,-449421,-243088.5625,705974.6875
0.00652300007641315,-448623.875,-243163.09375,705554.25
0.006523999851197,-447846.59375,-243241.515625,705137
0.00652500009164214,-447089.90625,-243324.6875,704723.625
0.00652599986642599,-446354.375,-243413.34375,704314.75
0.00652700010687113,-445640.5,-243508.1875,703911.125
0.00652799988165498,-444948.71875,-243609.890625,703513.25
0.00652900012210011,-444279.28125,-243719,703121.75
0.00652999989688396,-443632.375,-243836.03125,702737.125
0.0065310001373291,-443008.15625,-243961.421875,702359.875
0.00653199991211295,-442406.625,-244095.53125,701990.4375
0.00653300015255809,-441827.78125,-244238.65625,701629.25
0.00653399992734194,-441271.5,-244391.046875,701276.8125
0.00653500016778708,-440737.6875,-244552.875,700933.375
0.00653599994257092,-439849.875,-245503.984375,700974.9375
0.00653700018301606,-437608.34375,-249312.203125,702400.375
0.00653799995779991,-433465.53125,-257111.75,705772.5625
0.00653900019824505,-428573.65625,-266592.28125,710038.75
0.0065399999730289,-425117.90625,-273465.3125,713257
0.00654100021347404,-424509.65625,-275087.65625,714272.25
0.00654199998825788,-426608.09375,-271769.0625,713210.3125
0.00654300022870302,-430315,-265400.75,710769.3125
0.00654400000348687,-434464,-257822.46875,707542.4375
0.00654499977827072,-438286.3125,-250188.65625,703871.5625
0.00654600001871586,-441454.59375,-243048.375,699962.4375
0.00654699979349971,-443938.28125,-236607.203125,695989.0625
0.00654800003394485,-445839.5,-230935.09375,692127.6875
0.00654899980872869,-447280.78125,-226075.5625,688549.8125
0.00655000004917383,-448354.4375,-222073.421875,685397.875
0.00655099982395768,-449114.40625,-218958.046875,682761.25
0.00655200006440282,-449587.46875,-216719.171875,680664.0625
0.00655299983918667,-449786.875,-215299.25,679071.125
0.00655400007963181,-449719.96875,-214607.40625,677908.5625
0.00655499985441566,-449389.46875,-214546.5625,677091.1875
0.00655600009486079,-448792.21875,-215039.953125,676546.375
0.00655699986964464,-447919,-216046.15625,676228.9375
0.00655800011008978,-446758.15625,-217558.859375,676124.4375
0.00655899988487363,-445302.40625,-219594.34375,676244.25
0.00656000012531877,-443556.125,-222173.171875,676615.3125
0.00656099990010262,-441541,-225302.734375,677269.125
0.00656200014054775,-439297.84375,-228965.265625,678231.75
0.0065629999153316,-436884.28125,-233112.84375,679516.4375
0.00656400015577674,-434369.59375,-237669.015625,681119.6875
0.00656499993056059,-431827.96875,-242534.984375,683019.8125
0.00656600017100573,-429332,-247597.796875,685178.5
0.00656699994578958,-426947.53125,-252739.09375,687544.875
0.00656800018623471,-424730.78125,-257842.84375,690060.4375
0.00656899996101856,-422727.4375,-262801.5,692665.0625
0.0065700002014637,-420973.3125,-267520.625,695302.0625
0.00657099997624755,-419496.03125,-271921.46875,697922.5625
0.00657200021669269,-418316.28125,-275942.25,700488.1875
0.00657299999147654,-417449.03125,-279538.125,702971.8125
0.00657400023192167,-416903.6875,-282680.15625,705356.875
0.00657500000670552,-416684,-285353.84375,707635.5
0.00657599978148937,-416787.375,-287557,709805.9375
0.00657700002193451,-417204.21875,-289297.9375,711869.375
0.00657799979671836,-417917.84375,-290593.34375,713827.5
0.0065790000371635,-418904.28125,-291466.40625,715680.5
0.00657999981194735,-420133.09375,-291945.1875,717425.625
0.00658100005239248,-421568.375,-292061.0625,719056.5
0.00658199982717633,-423170.15625,-291847.53125,720563.6875
0.00658300006762147,-424896.125,-291339.125,721934.8125
0.00658399984240532,-426703.1875,-290570.53125,723155.875
0.00658500008285046,-428549.125,-289575.84375,724212.3125
0.00658599985763431,-430394.03125,-288388.21875,725089.9375
0.00658700009807944,-432201.40625,-287039.25,725776.1875
0.00658799987286329,-433938.96875,-285558.78125,726260.75
0.00658900011330843,-435579.375,-283974.625,726536.25
0.00658999988809228,-437100.21875,-282312.5625,726598.75
0.00659100012853742,-438484.25,-280596.125,726447.6875
0.00659199990332127,-439719.09375,-278846.53125,726085.875
0.0065930001437664,-440796.9375,-277082.90625,725519.5625
0.00659399991855025,-441714.125,-275322.125,724758
0.00659500015899539,-442470.65625,-273578.96875,723812.9375
0.00659599993377924,-443069.53125,-271866.25,722698.5
0.00659700017422438,-443516.5,-270194.875,721430.5625
0.00659799994900823,-443819.1875,-268573.96875,720026.4375
0.00659900018945336,-443987,-267011.09375,718504.1875
0.00659999996423721,-444030.40625,-265512.28125,716882.75
0.00660100020468235,-443960.71875,-264082.28125,715180.875
0.0066019999794662,-443789.6875,-262724.65625,713417.5
0.00660300021991134,-443529.28125,-261441.84375,711611
0.00660399999469519,-443191.40625,-260235.421875,709779.1875
0.00660499976947904,-442787.65625,-259106.171875,707939
0.00660600000992417,-442329.3125,-258054.15625,706106.4375
0.00660699978470802,-441827.09375,-257078.84375,704296.375
0.00660800002515316,-441291.0625,-256179.203125,702522.625
0.00660899979993701,-440730.59375,-255353.796875,700797.625
0.00661000004038215,-440154.40625,-254600.828125,699132.625
0.006610999815166,-439570.34375,-253918.203125,697537.75
0.00661200005561113,-438985.59375,-253303.625,696021.6875
0.00661299983039498,-438406.46875,-252754.609375,694592
0.00661400007084012,-437838.59375,-252268.515625,693255.0625
0.00661499984562397,-437286.875,-251842.625,692016.0625
0.00661600008606911,-436755.46875,-251474.15625,690879.25
0.00661699986085296,-436247.9375,-251160.296875,689847.625
0.00661800010129809,-435767.1875,-250898.203125,688923.375
0.00661899987608194,-435315.53125,-250685.078125,688107.75
0.00662000011652708,-434894.8125,-250518.140625,687401.1875
0.00662099989131093,-434506.28125,-250394.6875,686803.3125
0.00662200013175607,-434150.8125,-250312.078125,686313.0625
0.00662299990653992,-433828.9375,-250267.75,685928.75
0.00662400014698505,-433540.75,-250259.28125,685648.125
0.0066249999217689,-433286,-250284.328125,685468.4375
0.00662600016221404,-433064.3125,-250340.65625,685386.5
0.00662699993699789,-432874.9375,-250426.203125,685398.6875
0.00662800017744303,-432717.03125,-250539,685501
0.00662899995222688,-432589.46875,-250677.21875,685689.375
0.00663000019267201,-432491.09375,-250839.1875,685959.3125
0.00663099996745586,-432420.625,-251023.34375,686306.1875
0.006632000207901,-432376.65625,-251228.296875,686725.375
0.00663299998268485,-432357.75,-251452.765625,687211.9375
0.00663400022312999,-432362.40625,-251695.578125,687761
0.00663499999791384,-432389.15625,-251955.703125,688367.75
0.00663599977269769,-432436.46875,-252232.25,689027.25
0.00663700001314282,-432502.84375,-252524.390625,689734.625
0.00663799978792667,-432586.75,-252831.421875,690485.0625
0.00663900002837181,-432686.75,-253152.75,691273.9375
0.00663999980315566,-432801.375,-253487.8125,692096.625
0.0066410000436008,-432929.25,-253836.15625,692948.625
0.00664199981838465,-433068.9375,-254197.390625,693825.5625
0.00664300005882978,-433219.15625,-254571.15625,694723.25
0.00664399983361363,-433378.625,-254957.171875,695637.6875
0.00664500007405877,-433546.125,-255355.140625,696564.875
0.00664599984884262,-433720.4375,-255764.828125,697501.1875
0.00664700008928776,-433900.4375,-256186.015625,698443.0625
0.00664799986407161,-434085.0625,-256618.46875,699387.125
0.00664900010451674,-434273.28125,-257061.96875,700330.125
0.00664999987930059,-434464.0625,-257516.3125,701269.0625
0.00665100011974573,-434656.5,-257981.234375,702201.1875
0.00665199989452958,-434849.71875,-258456.5,703123.75
0.00665300013497472,-435042.8125,-258941.84375,704034.25
0.00665399990975857,-435235.03125,-259436.96875,704930.4375
0.0066550001502037,-435425.59375,-259941.5625,705810.125
0.00665599992498755,-435613.75,-260455.296875,706671.375
0.00665700016543269,-435798.84375,-260977.765625,707512.3125
0.00665799994021654,-435980.21875,-261508.59375,708331.375
0.00665900018066168,-436157.25,-262047.359375,709127
0.00665999995544553,-436329.34375,-262593.59375,709897.875
0.00666100019589067,-436495.96875,-263146.8125,710642.8125
0.00666199997067451,-436656.5625,-263706.5625,711360.6875
0.00666300021111965,-436810.6875,-264272.25,712050.6875
0.0066639999859035,-436957.78125,-264843.40625,712711.875
0.00666500022634864,-437097.5,-265419.40625,713343.75
0.00666600000113249,-437229.34375,-265999.71875,713945.625
0.00666699977591634,-437352.9375,-266583.71875,714517.1875
0.00666800001636147,-437467.90625,-267170.84375,715058.0625
0.00666899979114532,-437573.90625,-267760.5,715568.0625
0.00667000003159046,-437661.6875,-268370.5,716056
0.00667099980637431,-437712.375,-269038.71875,716540.375
0.00667200004681945,-437724.21875,-269767.65625,717023.1875
0.0066729998216033,-437727.15625,-270496.34375,717476.9375
0.00667400006204844,-437756.375,-271156.1875,717871.6875
0.00667499983683228,-437822.59375,-271728.40625,718200.5625
0.00667600007727742,-437911.40625,-272239.15625,718475.1875
0.00667699985206127,-437997.75,-272729.71875,718711.0625
0.00667800009250641,-438056.34375,-273241.1875,718923.6875
0.00667899986729026,-438066.75,-273809.78125,719128.875
0.0066800001077354,-438017.9375,-274458.03125,719339
0.00668099988251925,-437912.78125,-275183.5625,719556.3125
0.00668200012296438,-437768.59375,-275955.84375,719770.3125
0.00668299989774823,-437611.53125,-276725.625,719961.25
0.00668400013819337,-437468.25,-277441.46875,720107.1875
0.00668499991297722,-437357.9375,-278065.40625,720191.625
0.00668600015342236,-437288.03125,-278581.40625,720207.125
0.00668699992820621,-437254.3125,-278995.96875,720156.25
0.00668800016865134,-437243.5,-279332.5,720048.875
0.00668899994343519,-437237.96875,-279622.375,719898.3125
0.00669000018388033,-437219.96875,-279896.15625,719717.25
0.00669099995866418,-437175.25,-280176.46875,719514.1875
0.00669200019910932,-437095.34375,-280474.46875,719292.625
0.00669299997389317,-436978.25,-280789.65625,719051.25
0.0066940002143383,-436828.125,-281112.28125,718785.875
0.00669499998912215,-436654.09375,-281427.4375,718492.125
0.00669600022956729,-436468.3125,-281719.28125,718167.75
0.00669700000435114,-436283.96875,-281974.53125,717813.8125
0.00669799977913499,-436113.0625,-282185.1875,717434.875
0.00669900001958013,-435964.5625,-282349.375,717038.6875
0.00669999979436398,-435843.125,-282471.78125,716634.5625
0.00670100003480911,-435748.40625,-282562.625,716232.375
0.00670199980959296,-435675.375,-282636.5,715841.5
0.0067030000500381,-435615.25,-282710.8125,715470.4375
0.00670399982482195,-435557.25,-282804.03125,715126.75
0.00670500006526709,-435490.34375,-282934.28125,714817.3125
0.00670599984005094,-435404.90625,-283117.78125,714548.875
0.00670700008049607,-435294.28125,-283368,714328.375
0.00670799985527992,-435155.3125,-283694.84375,714162.75
0.00670900009572506,-434988.65625,-284104.21875,714058.875
0.00670999987050891,-434798.09375,-284598.09375,714022.9375
0.00671100011095405,-434589.75,-285174.75,714059.625
0.0067119998857379,-434370.78125,-285829.0625,714171.625
0.00671300012618303,-434148.40625,-286553.21875,714358.8125
0.00671399990096688,-433928.71875,-287337.3125,714618.0625
0.00671500014141202,-433715.96875,-288170.0625,714942.9375
0.00671599991619587,-433512.21875,-289039.40625,715324
0.00671700015664101,-433317.09375,-289933.03125,715749.125
0.00671799993142486,-433128.03125,-290838.96875,716204.3125
0.00671900017186999,-432940.65625,-291745.84375,716674.125
0.00671999994665384,-432749.21875,-292643.25,717142.5
0.00672100018709898,-432547.1875,-293521.84375,717593.8125
0.00672199996188283,-432327.8125,-294373.53125,718013.1875
0.00672300020232797,-432084.625,-295191.375,718387.1875
0.00672399997711182,-431811.78125,-295969.71875,718704.1875
0.00672500021755695,-431504.46875,-296704,718954.75
0.0067259999923408,-431159.0625,-297390.8125,719131.8125
0.00672700023278594,-430773.25,-298027.59375,719230.4375
0.00672800000756979,-430346.09375,-298612.8125,719248.1875
0.00672899978235364,-429878,-299145.5625,719184.625
0.00673000002279878,-429370.59375,-299625.65625,719041.25
0.00673099979758263,-428826.5625,-300053.53125,718821.25
0.00673200003802776,-428249.59375,-300430,718529.3125
0.00673299981281161,-427644.09375,-300756.375,718171.1875
0.00673400005325675,-427015.15625,-301034.21875,717753.625
0.0067349998280406,-426368.1875,-301265.40625,717284.0625
0.00673600006848574,-425708.96875,-301451.96875,716770.4375
0.00673699984326959,-425043.34375,-301596.09375,716220.75
0.00673800008371472,-424377.1875,-301700.125,715643.3125
0.00673899985849857,-423716.15625,-301766.40625,715046.1875
0.00674000009894371,-423065.84375,-301797.28125,714437.25
0.00674099987372756,-422431.40625,-301795.25,713824.1875
0.0067420001141727,-421817.75,-301762.625,713214.1875
0.00674299988895655,-421229.375,-301701.875,712613.875
0.00674400012940168,-420670.28125,-301615.28125,712029.4375
0.00674499990418553,-420144.1875,-301505.1875,711466.5625
0.00674600014463067,-419654.1875,-301373.84375,710930.1875
0.00674699991941452,-419203.0625,-301223.53125,710424.8125
0.00674800015985966,-418793.15625,-301056.375,709954.125
0.00674899993464351,-418426.3125,-300874.5625,709521.4375
0.00675000017508864,-418104.03125,-300680.09375,709129.375
0.00675099994987249,-417827.4375,-300475.0625,708779.9375
0.00675200019031763,-417597.21875,-300261.375,708474.8125
0.00675299996510148,-417413.8125,-300040.96875,708214.9375
0.00675400020554662,-417277.28125,-299815.65625,708001
0.00675499998033047,-417187.40625,-299587.1875,707833.125
0.0067560002207756,-417143.6875,-299357.25,707711.125
0.00675699999555945,-417145.3125,-299127.40625,707634.4375
0.0067579997703433,-417191.34375,-298899.15625,707602.3125
0.00675900001078844,-417280.53125,-298673.9375,707613.5
0.00675999978557229,-417411.46875,-298453,707666.6875
0.00676100002601743,-417582.5625,-298237.53125,707760.4375
0.00676199980080128,-417792.03125,-298028.625,707893.0625
0.00676300004124641,-418038,-297827.25,708062.75
0.00676399981603026,-418318.4375,-297634.25,708267.5625
0.0067650000564754,-418631.15625,-297450.34375,708505.5625
0.00676599983125925,-418973.9375,-297276.09375,708774.8125
0.00676700007170439,-419344.4375,-297112.0625,709073.25
0.00676799984648824,-419740.3125,-296958.5625,709398.9375
0.00676900008693337,-420159.0625,-296815.90625,709749.8125
0.00676999986171722,-420598.21875,-296684.1875,710123.9375
0.00677100010216236,-421055.3125,-296563.46875,710519.4375
0.00677199987694621,-421527.78125,-296453.71875,710934.4375
0.00677300011739135,-422013.09375,-296354.75,711367.1875
0.0067739998921752,-422508.8125,-296266.34375,711815.9375
0.00677500013262033,-423012.375,-296188.1875,712279.0625
0.00677599990740418,-423521.375,-296119.9375,712755
0.00677700014784932,-424033.40625,-296061.09375,713242.3125
0.00677799992263317,-424546.125,-296011.21875,713739.5625
0.00677900016307831,-425057.1875,-295969.71875,714245.4375
0.00677999993786216,-425564.4375,-295936.09375,714758.8125
0.00678100017830729,-426065.6875,-295909.71875,715278.5
0.00678199995309114,-426558.875,-295889.96875,715803.4375
0.00678300019353628,-427042.0625,-295876.25,716332.6875
0.00678399996832013,-427513.34375,-295867.9375,716865.375
0.00678500020876527,-427970.96875,-295864.4375,717400.5625
0.00678599998354912,-428413.21875,-295865.125,717937.625
0.00678700022399426,-428838.53125,-295869.40625,718475.875
0.0067879999987781,-429245.46875,-295876.78125,719014.625
0.00678899977356195,-429632.65625,-295886.65625,719553.375
0.00679000001400709,-429998.875,-295898.59375,720091.5625
0.00679099978879094,-430342.96875,-295912.09375,720628.75
0.00679200002923608,-430663.9375,-295926.75,721164.625
0.00679299980401993,-430960.84375,-295942.1875,721698.625
0.00679400004446507,-431232.90625,-295958.0625,722230.5625
0.00679499981924891,-431479.4375,-295974.0625,722760.125
0.00679600005969405,-431699.84375,-295989.9375,723287
0.0067969998344779,-431893.625,-296005.5,723810.9375
0.00679800007492304,-432060.40625,-296020.53125,724331.6875
0.00679899984970689,-432199.875,-296034.9375,724849.125
0.00680000009015203,-432311.84375,-296048.625,725362.9375
0.00680099986493587,-432396.21875,-296061.5,725873
0.00680200010538101,-432452.9375,-296073.59375,726379.125
0.00680299988016486,-432482.0625,-296084.875,726881.0625
0.00680400012061,-432483.6875,-296095.4375,727378.75
0.00680499989539385,-432458.0625,-296105.3125,727871.875
0.00680600013583899,-432405.40625,-296114.625,728360.3125
0.00680699991062284,-432326.0625,-296123.46875,728843.875
0.00680800015106797,-432220.40625,-296132.03125,729322.375
0.00680899992585182,-432088.84375,-296140.4375,729795.625
0.00681000016629696,-431931.84375,-296148.875,730263.3125
0.00681099994108081,-431750,-296157.5625,730725.3125
0.00681200018152595,-431543.78125,-296166.65625,731181.375
0.0068129999563098,-431313.84375,-296176.4375,731631.25
0.00681400019675493,-431060.78125,-296187.0625,732074.6875
0.00681499997153878,-430785.25,-296198.8125,732511.4375
0.00681600021198392,-430487.9375,-296211.875,732941.25
0.00681699998676777,-430169.53125,-296226.5,733363.875
0.00681800022721291,-429830.78125,-296242.90625,733779.0625
0.00681900000199676,-429472.375,-296261.34375,734186.5
0.00681999977678061,-429095.0625,-296282,734585.875
0.00682100001722574,-428699.625,-296305.15625,734976.9375
0.00682199979200959,-428286.75,-296330.96875,735359.5
0.00682300003245473,-427857.28125,-296359.65625,735733.1875
0.00682399980723858,-427411.9375,-296391.46875,736097.75
0.00682500004768372,-426951.46875,-296426.5625,736452.9375
0.00682599982246757,-426476.65625,-296465.125,736798.4375
0.0068270000629127,-425988.21875,-296507.34375,737134.0625
0.00682799983769655,-425486.96875,-296553.40625,737459.5625
0.00682900007814169,-424973.625,-296603.4375,737774.75
0.00682999985292554,-424448.90625,-296657.625,738079.25
0.00683100009337068,-423913.5625,-296716.0625,738373
0.00683199986815453,-423368.28125,-296778.9375,738655.75
0.00683300010859966,-422813.8125,-296846.34375,738927.375
0.00683399988338351,-422250.8125,-296918.375,739187.625
0.00683500012382865,-421679.96875,-296995.15625,739436.4375
0.0068359998986125,-421101.96875,-297076.8125,739673.625
0.00683700013905764,-420517.46875,-297163.375,739899.0625
0.00683799991384149,-419927.09375,-297254.96875,740112.75
0.00683900015428662,-419331.46875,-297351.625,740314.5625
0.00683999992907047,-418731.21875,-297453.40625,740504.4375
0.00684100016951561,-418126.9375,-297560.40625,740682.375
0.00684199994429946,-417519.1875,-297672.65625,740848.3125
0.0068430001847446,-416908.53125,-297790.15625,741002.3125
0.00684399995952845,-416295.53125,-297913,741144.375
0.00684500019997358,-415680.71875,-298041.15625,741274.5625
0.00684599997475743,-415064.59375,-298174.6875,741392.9375
0.00684700021520257,-414447.6875,-298313.59375,741499.5625
0.00684799998998642,-413830.4375,-298457.90625,741594.5
0.00684900023043156,-413213.3125,-298607.59375,741678
0.00685000000521541,-412596.78125,-298762.6875,741750.0625
0.00685099977999926,-411981.28125,-298923.1875,741810.9375
0.00685200002044439,-411367.21875,-299089.03125,741860.75
0.00685299979522824,-410754.9375,-299260.28125,741899.625
0.00685400003567338,-410144.90625,-299436.875,741927.875
0.00685499981045723,-409537.4375,-299618.8125,741945.5625
0.00685600005090237,-408932.875,-299806.0625,741953.0625
0.00685699982568622,-408331.5625,-299998.625,741950.5
0.00685800006613135,-407733.78125,-300196.4375,741938.1875
0.0068589998409152,-407139.90625,-300399.46875,741916.3125
0.00686000008136034,-406550.125,-300607.75,741885.125
0.00686099985614419,-405964.78125,-300821.15625,741845
0.00686200009658933,-405384.09375,-301039.71875,741796.0625
0.00686299987137318,-404808.28125,-301263.40625,741738.6875
0.00686400011181831,-404237.59375,-301492.09375,741673.1875
0.00686499988660216,-403672.1875,-301725.8125,741599.75
0.0068660001270473,-403112.3125,-301964.5,741518.6875
0.00686699990183115,-402558.125,-302208.125,741430.3125
0.00686800014227629,-402009.75,-302456.59375,741334.9375
0.00686899991706014,-401467.3125,-302709.96875,741232.875
0.00687000015750527,-400930.90625,-302968.3125,741124.5
0.00687099993228912,-400400.5625,-303231.6875,741010.125
0.00687200017273426,-399876.375,-303500,740890
0.00687299994751811,-399358.46875,-303772.875,740764.125
0.00687400018796325,-398846.96875,-304050,740632.625
0.0068749999627471,-398341.9375,-304331.15625,740495.5625
0.00687600020319223,-397843.375,-304616.65625,740353.5625
0.00687699997797608,-397351.21875,-304906.96875,740207.375
0.00687800021842122,-396865.40625,-305202.75,740057.6875
0.00687899999320507,-396385.78125,-305504.21875,739905.0625
0.00687999976798892,-395912.25,-305810.9375,739749.25
0.00688100000843406,-395444.625,-306122.03125,739589.5
0.00688199978321791,-394982.84375,-306436.4375,739425.0625
0.00688300002366304,-394526.9375,-306753.46875,739255.6875
0.00688399979844689,-394077.03125,-307073.21875,739081.875
0.00688500003889203,-393633.40625,-307396.4375,738905
0.00688599981367588,-393196.28125,-307724.125,738726.5
0.00688700005412102,-392765.78125,-308057,738547.625
0.00688799982890487,-392341.78125,-308395.03125,738368.5
0.00688900006935,-391924,-308737.40625,738188.5
0.00688999984413385,-391512.15625,-309082.6875,738006.1875
0.00689100008457899,-391106.1875,-309429.34375,737820.5
0.00689199985936284,-390706.40625,-309776.25,737631
0.00689300009980798,-390313.53125,-310123.03125,737438.25
0.00689399987459183,-389928.5,-310469.84375,737243.75
0.00689500011503696,-389552.40625,-310817.3125,737049.4375
0.00689599988982081,-389186,-311165.9375,736856.9375
0.00689700013026595,-388829.8125,-311515.96875,736667.375
0.0068979999050498,-388483.96875,-311867.125,736480.8125
0.00689900014549494,-388148.375,-312218.78125,736297
0.00689999992027879,-387822.90625,-312570.03125,736115.1875
0.00690100016072392,-387507.53125,-312920.125,735935
0.00690199993550777,-387202.46875,-313268.53125,735756.4375
0.00690300017595291,-386908.0625,-313615.25,735580.0625
0.00690399995073676,-386624.625,-313960.6875,735407.0625
0.0069050001911819,-386352.40625,-314305.625,735238.5625
0.00690599996596575,-386091.25,-314651.0625,735075.6875
0.00690700020641088,-385840.46875,-314998,734919.125
0.00690799998119473,-385599.03125,-315347.53125,734769.125
0.00690900022163987,-385365.34375,-315700.53125,734625.3125
0.00690999999642372,-385137.5,-316057.90625,734487
0.00691099977120757,-384913.46875,-316420.40625,734353.1875
0.00691200001165271,-384691,-316788.78125,734222.625
0.00691299978643656,-384467.84375,-317163.875,734094.25
0.00691400002688169,-384241.8125,-317546.40625,733966.8125
0.00691499980166554,-384010.6875,-317937.1875,733839.3125
0.00691600004211068,-383772.375,-318336.96875,733710.625
0.00691699981689453,-383524.8125,-318746.40625,733579.625
0.00691800005733967,-383266,-319166,733445.0625
0.00691899983212352,-382994.09375,-319596.0625,733305.8125
0.00692000007256866,-382707.4375,-320036.65625,733160.4375
0.0069209998473525,-382404.625,-320487.59375,733007.625
0.00692200008779764,-382084.65625,-320948.34375,732846.125
0.00692299986258149,-381746.90625,-321418.1875,732674.8125
0.00692400010302663,-381391.21875,-321896.0625,732492.6875
0.00692499987781048,-381018.0625,-322380.71875,732299.0625
0.00692600011825562,-380628.3125,-322870.75,732093.75
0.00692699989303946,-380223.4375,-323364.59375,731876.6875
0.0069280001334846,-379805.375,-323860.5625,731648.25
0.00692899990826845,-379376.5,-324357.03125,731409.25
0.00693000014871359,-378939.5625,-324852.25,731160.875
0.00693099992349744,-378497.5625,-325344.6875,730904.4375
0.00693200016394258,-378053.71875,-325832.75,730641.6875
0.00693299993872643,-377611.3125,-326315.0625,730374.4375
0.00693400017917156,-377173.65625,-326790.28125,730104.625
0.00693499995395541,-376744,-327257.34375,729834.375
0.00693600019440055,-376325.4375,-327715.25,729565.6875
0.0069369999691844,-375920.875,-328163.15625,729300.625
0.00693800020962954,-375532.90625,-328600.46875,729041.0625
0.00693899998441339,-375163.90625,-329026.6875,728788.875
0.00694000022485852,-374815.84375,-329441.46875,728545.75
0.00694099999964237,-374490.40625,-329844.65625,728313.1875
0.00694199977442622,-374188.84375,-330236.1875,728092.4375
0.00694300001487136,-373912.125,-330616.125,727884.6875
0.00694399978965521,-373660.8125,-330984.6875,727690.8125
0.00694500003010035,-373435.09375,-331342.09375,727511.5625
0.0069459998048842,-373234.90625,-331688.71875,727347.375
0.00694700004532933,-373059.78125,-332025,727198.6875
0.00694799982011318,-372909.03125,-332351.40625,727065.625
0.00694900006055832,-372781.65625,-332668.5,726948.125
0.00694999983534217,-372676.46875,-332976.8125,726846
0.00695100007578731,-372592.0625,-333276.9375,726759.0625
0.00695199985057116,-372526.84375,-333569.46875,726686.8125
0.00695300009101629,-372479.0625,-333855.03125,726628.75
0.00695399986580014,-372446.875,-334134.25,726584.1875
0.00695500010624528,-372428.375,-334407.75,726552.4375
0.00695599988102913,-372421.53125,-334676.15625,726532.6875
0.00695700012147427,-372424.375,-334940.03125,726524.125
0.00695799989625812,-372434.84375,-335200.03125,726525.75
0.00695900013670325,-372450.9375,-335456.71875,726536.6875
0.0069599999114871,-372470.6875,-335710.71875,726556
0.00696100015193224,-372492.21875,-335962.5625,726582.5625
0.00696199992671609,-372513.625,-336212.8125,726615.4375
0.00696300016716123,-372533.25,-336462.0625,726653.5625
0.00696399994194508,-372549.375,-336710.78125,726696
0.00696500018239021,-372560.53125,-336959.5625,726741.625
0.00696599995717406,-372565.25,-337208.90625,726789.4375
0.0069670001976192,-372562.3125,-337459.25,726838.5
0.00696799997240305,-372550.5,-337711.15625,726887.875
0.00696900021284819,-372528.84375,-337965.03125,726936.5625
0.00696999998763204,-372496.375,-338221.375,726983.6875
0.00697100022807717,-372452.40625,-338480.625,727028.375
0.00697200000286102,-372396.28125,-338743.15625,727069.75
0.00697299977764487,-372327.4375,-339009.375,727107.125
0.00697400001809001,-372245.53125,-339279.71875,727139.6875
0.00697499979287386,-372150.21875,-339554.46875,727166.8125
0.006976000033319,-372041.375,-339834,727187.8125
0.00697699980810285,-371918.84375,-340118.625,727202.125
0.00697800004854798,-371782.6875,-340408.59375,727209.25
0.00697899982333183,-371632.90625,-340704.21875,727208.6875
0.00698000006377697,-371469.71875,-341005.6875,727200
0.00698099983856082,-371293.3125,-341313.1875,727182.8125
0.00698200007900596,-371103.9375,-341626.9375,727156.875
0.00698299985378981,-370901.90625,-341947.03125,727121.875
0.00698400009423494,-370687.59375,-342273.59375,727077.625
0.00698499986901879,-370461.375,-342606.6875,727024
0.00698600010946393,-370223.65625,-342946.40625,726960.875
0.00698699988424778,-369974.875,-343292.71875,726888.1875
0.00698800012469292,-369715.4375,-343645.625,726806
0.00698899989947677,-369445.84375,-344005.03125,726714.25
0.0069900001399219,-369166.5,-344370.90625,726613.125
0.00699099991470575,-368877.9375,-344743.125,726502.6875
0.00699200015515089,-368580.53125,-345121.53125,726383.0625
0.00699299992993474,-368274.8125,-345505.9375,726254.5625
0.00699400017037988,-367961.15625,-345896.125,726117.375
0.00699499994516373,-367640.0625,-346291.90625,725971.75
0.00699600018560886,-367311.90625,-346693,725818
0.00699699996039271,-366977.15625,-347099.125,725656.4375
0.00699800020083785,-366636.21875,-347509.9375,725487.5
0.0069989999756217,-366289.46875,-347925.125,725311.5
0.00700000021606684,-365937.34375,-348344.3125,725128.8125
0.00700099999085069,-365580.1875,-348767.15625,724939.9375
0.00700200023129582,-365216.625,-349197,724747.0625
0.00700300000607967,-364838.40625,-349651.21875,724559.25
0.00700399978086352,-364429.46875,-350162.71875,724392.875
0.00700500002130866,-363977.84375,-350752.3125,724256.75
0.00700599979609251,-363489.90625,-351392.03125,724131.375
0.00700700003653765,-362987.90625,-352006.53125,723967.25
0.0070079998113215,-362492.5625,-352521.375,723713.875
0.00700900005176663,-362012.25,-352913.6875,723357.5625
0.00700999982655048,-361547.1875,-353224.125,722937.3125
0.00701100006699562,-361097.5,-353529.9375,722527.75
0.00701199984177947,-360665.59375,-353902.65625,722200.625
0.00701300008222461,-360254.84375,-354373.65625,721990.4375
0.00701399985700846,-359868.6875,-354921.4375,721881.125
0.00701500009745359,-359511.59375,-355483.125,721817.6875
0.00701599987223744,-359189.5,-355982.34375,721733.4375
0.00701700011268258,-358909.78125,-356358.0625,721577
0.00701799988746643,-358680.84375,-356582.0625,721329.625
0.00701900012791157,-358511.625,-356661.3125,721006.375
0.00701999990269542,-358410.3125,-356629.03125,720647.0625
0.00702100014314055,-358382.8125,-356530.96875,720301.4375
0.0070219999179244,-358430.59375,-356413.375,720015.625
0.00702300015836954,-358548.65625,-356314.6875,719822
0.00702399993315339,-358723.6875,-356262.28125,719734.3125
0.00702500017359853,-358932.90625,-356272.625,719746.5625
0.00702599994838238,-359144.40625,-356353.21875,719835.0625
0.00702700018882751,-359319.28125,-356505.6875,719963.5625
0.00702799996361136,-359415.21875,-356728.3125,720089.125
0.0070290002040565,-359391.40625,-357018.40625,720169.3125
0.00702999997884035,-359213.25,-357373.625,720168.1875
0.00703100021928549,-358856.40625,-357792.6875,720061.125
0.00703199999406934,-358309.375,-358275.53125,719837.1875
0.00703299976885319,-357574.125,-358822.75,719499.75
0.00703400000929832,-356665.28125,-359434.75,719064.5
0.00703499978408217,-355607.9375,-360110.9375,718556.4375
0.00703600002452731,-354434.65625,-360848.8125,718005.9375
0.00703699979931116,-353182.28125,-361643.3125,717444.9375
0.0070380000397563,-351888.71875,-362486.53125,716903.375
0.00703899981454015,-350590.40625,-363367.65625,716406.875
0.00704000005498528,-349320.40625,-364273.375,715975
0.00704099982976913,-348107.28125,-365188.46875,715621
0.00704200007021427,-346974.8125,-366096.59375,715352.1875
0.00704299984499812,-345942.21875,-366981.15625,715170.9375
0.00704400008544326,-345024.75,-367826.34375,715076.3125
0.00704499986022711,-344234.34375,-368617.75,715065.25
0.00704600010067225,-343580.28125,-369343.21875,715133.875
0.00704699987545609,-343069.375,-369993.1875,715278.1875
0.00704800011590123,-342706.15625,-370561.03125,715494.5
0.00704899989068508,-342492.65625,-371043.03125,715779.0625
0.00705000013113022,-342427.96875,-371438.34375,716128.125
0.00705099990591407,-342507.96875,-371748.65625,716537
0.00705200014635921,-342724.875,-371977.75,716999.875
0.00705299992114305,-343067.25,-372131.15625,717509.125
0.00705400016158819,-343520,-372215.59375,718055.125
0.00705499993637204,-344064.78125,-372238.5625,718626.5625
0.00705600017681718,-344680.625,-372207.9375,719210.1875
0.00705699995160103,-345344.65625,-372131.59375,719791.8125
0.00705800019204617,-346033.125,-372017.25,720356.5
0.00705899996683002,-346722.15625,-371872.09375,720889.375
0.00706000020727515,-347388.84375,-371702.75,721376.25
0.007060999982059,-348011.9375,-371515.28125,721804.3125
0.00706200022250414,-348572.5625,-371315.03125,722162.4375
0.00706299999728799,-349054.65625,-371106.6875,722441.6875
0.00706399977207184,-349445.46875,-370894.28125,722635.5
0.00706500001251698,-349735.46875,-370681.375,722740
0.00706599978730083,-349918.625,-370470.90625,722753.625
0.00706700002774596,-349992.0625,-370265.46875,722677.375
0.00706799980252981,-349955.96875,-370067.21875,722514.25
0.00706900004297495,-349813.3125,-369878.0625,722269.375
0.0070699998177588,-349569.34375,-369699.5625,721949.4375
0.00707100005820394,-349231.34375,-369533.125,721562.4375
0.00707199983298779,-348808.1875,-369380,721117.375
0.00707300007343292,-348309.9375,-369241.28125,720623.9375
0.00707399984821677,-347747.46875,-369117.96875,720092.125
0.00707500008866191,-347132.25,-369011,719532.125
0.00707599986344576,-346475.8125,-368921.1875,718953.9375
0.0070770001038909,-345789.75,-368849.375,718367.125
0.00707799987867475,-345085.1875,-368796.28125,717780.9375
0.00707900011911988,-344372.90625,-368762.59375,717203.875
0.00707999989390373,-343662.90625,-368748.9375,716643.6875
0.00708100013434887,-342964.46875,-368755.9375,716107.25
0.00708199990913272,-342285.96875,-368784.0625,715600.75
0.00708300014957786,-341634.8125,-368833.75,715129.375
0.00708399992436171,-341017.46875,-368905.34375,714697.4375
0.00708500016480684,-340439.34375,-368999.09375,714308.4375
0.00708599993959069,-339904.9375,-369115.125,713965.0625
0.00708700018003583,-339417.625,-369253.5,713669.1875
0.00708799995481968,-338979.9375,-369414.09375,713422.0625
0.00708900019526482,-338593.46875,-369596.78125,713224
0.00708999997004867,-338258.9375,-369801.1875,713075.0625
0.0070910002104938,-337976.28125,-370026.90625,712974.5625
0.00709199998527765,-337744.65625,-370273.40625,712921.25
0.00709300022572279,-337562.65625,-370540.09375,712913.6875
0.00709400000050664,-337428.25,-370826.21875,712949.875
0.00709499977529049,-337338.8125,-371130.9375,713027.625
0.00709600001573563,-337291.375,-371453.4375,713144.4375
0.00709699979051948,-337282.59375,-371792.78125,713297.625
0.00709800003096461,-337308.78125,-372147.90625,713484.3125
0.00709899980574846,-337366.03125,-372517.875,713701.5625
0.0071000000461936,-337450.3125,-372901.59375,713946.375
0.00710099982097745,-337557.4375,-373297.96875,714215.6875
0.00710200006142259,-337683.21875,-373706,714506.375
0.00710299983620644,-337823.40625,-374124.5625,714815.4375
0.00710400007665157,-337973.875,-374552.625,715139.875
0.00710499985143542,-338130.5,-374989.1875,715476.75
0.00710600009188056,-338289.34375,-375433.21875,715823.125
0.00710699986666441,-338446.65625,-375883.78125,716176.25
0.00710800010710955,-338598.8125,-376339.9375,716533.625
0.0071089998818934,-338742.40625,-376800.78125,716892.5
0.00711000012233853,-338874.28125,-377265.53125,717250.625
0.00711099989712238,-338991.53125,-377733.34375,717605.75
0.00711200013756752,-339091.4375,-378203.53125,717955.625
0.00711299991235137,-339171.65625,-378675.34375,718298.3125
0.00711400015279651,-339229.96875,-379148.15625,718632.0625
0.00711499992758036,-339264.5625,-379621.375,718955.0625
0.00711600016802549,-339273.75,-380094.40625,719265.75
0.00711699994280934,-339256.21875,-380566.75,719562.8125
0.00711800018325448,-339210.875,-381037.9375,719844.875
0.00711899995803833,-339136.78125,-381507.5,720110.8125
0.00712000019848347,-339033.375,-381975.03125,720359.6875
0.00712099997326732,-338900.1875,-382440.15625,720590.5625
0.00712200021371245,-338737.0625,-382902.5,720802.625
0.0071229999884963,-338543.9375,-383361.78125,720995.375
0.00712400022894144,-338321.0625,-383817.65625,721168.1875
0.00712500000372529,-338068.6875,-384269.875,721320.625
0.00712599977850914,-337787.375,-384718.1875,721452.4375
0.00712700001895428,-337477.75,-385162.34375,721563.4375
0.00712799979373813,-337140.5,-385602.125,721653.4375
0.00712900003418326,-336776.5625,-386037.34375,721722.4375
0.00712999980896711,-336386.84375,-386467.84375,721770.4375
0.00713100004941225,-335972.375,-386893.40625,721797.625
0.0071319998241961,-335534.28125,-387313.9375,721804.1875
0.00713300006464124,-335073.71875,-387729.25,721790.4375
0.00713399983942509,-334591.8125,-388139.28125,721756.5625
0.00713500007987022,-334089.875,-388543.9375,721703.0625
0.00713599985465407,-333513.40625,-389058.4375,721685.9375
0.00713700009509921,-332624.71875,-390177.8125,721944.5625
0.00713799986988306,-331048.125,-392686.65625,722862.5625
0.0071390001103282,-328679.5,-396846.09375,724594.625
0.00713999988511205,-326073.78125,-401668.375,726751.25
0.00714100012555718,-324256.25,-405331.90625,728602.75
0.00714199990034103,-324054.375,-406398.3125,729580.25
0.00714300014078617,-325582.53125,-404588.46875,729512.6875
0.00714399991557002,-328264.78125,-400599.96875,728480.8125
0.00714500015601516,-331233.28125,-395469.03125,726605.9375
0.00714599993079901,-333731.96875,-390096.78125,723997.5625
0.00714700017124414,-335313.3125,-385104.75,720808.375
0.00714799994602799,-335836.84375,-380872.9375,717268.1875
0.00714900018647313,-335375.9375,-377606.25,713652.6875
0.00714999996125698,-334119.0625,-375376.46875,710225.1875
0.00715100020170212,-332299.3125,-374148.5,707190.5
0.00715199997648597,-330150.75,-373807.875,704677.625
0.0071530002169311,-327880.625,-374194.21875,702743.75
0.00715399999171495,-325651.84375,-375135.40625,701389.5
0.00715500023216009,-323573.46875,-376476.8125,700577.5625
0.00715600000694394,-321699.5,-378100.65625,700250.125
0.00715699978172779,-320035.90625,-379933.71875,700343.8125
0.00715800002217293,-318553.46875,-381944.25,700799.5
0.00715899979695678,-317204.125,-384130.75,701568.375
0.00716000003740191,-315936.625,-386506.71875,702612.5625
0.00716099981218576,-314709.375,-389085.15625,703903.625
0.0071620000526309,-313498.0625,-391866.875,705418.4375
0.00716299982741475,-312297.8125,-394833.59375,707134.875
0.00716400006785989,-311120.9375,-397946.71875,709027.625
0.00716499984264374,-309991.65625,-401150.125,711065.4375
0.00716600008308887,-308939.6875,-404376,713209.75
0.00716699985787272,-307994.09375,-407551.21875,715415.1875
0.00716800009831786,-307178.375,-410603.59375,717630.9375
0.00716899987310171,-306507.40625,-413466.5,719803.875
0.00717000011354685,-305986.28125,-416082.53125,721881.25
0.0071709998883307,-305610.84375,-418405.40625,723813.6875
0.00717200012877584,-305368.875,-420400.84375,725557.5
0.00717299990355968,-305242.40625,-422046.6875,727076.625
0.00717400014400482,-305209.625,-423332.25,728343.5
0.00717499991878867,-305246.90625,-424257.34375,729339.5625
0.00717600015923381,-305330.4375,-424830.90625,730055.1875
0.00717699993401766,-305437.59375,-425069.84375,730489.1875
0.0071780001744628,-305547.84375,-424997.21875,730647.5
0.00717899994924664,-305643.5625,-424640.84375,730542.5625
0.00718000018969178,-305710.4375,-424031.625,730191.5625
0.00718099996447563,-305737.78125,-423202.09375,729615.4375
0.00718200020492077,-305718.46875,-422184.9375,728837.375
0.00718299997970462,-305648.90625,-421011.9375,727881.8125
0.00718400022014976,-305528.5625,-419712.96875,726773.3125
0.00718499999493361,-305359.71875,-418315.40625,725535.875
0.00718599976971745,-305146.75,-416843.78125,724192.0625
0.00718700001016259,-304895.625,-415319.53125,722762.5625
0.00718799978494644,-304613.34375,-413761.40625,721266
0.00718900002539158,-304307.3125,-412185.5,719718.8125
0.00718999980017543,-303984.96875,-410605.65625,718135
0.00719100004062057,-303653.34375,-409033.90625,716526.75
0.00719199981540442,-303318.71875,-407480.9375,714904.0625
0.00719300005584955,-302986.59375,-405956.25,713275.5625
0.0071939998306334,-302661.34375,-404468.65625,711648.625
0.00719500007107854,-302346.4375,-403026.25,710029.5
0.00719599984586239,-302044.28125,-401636.78125,708424
0.00719700008630753,-301756.375,-400307.59375,706837.5625
0.00719799986109138,-301483.40625,-399045.59375,705275.3125
0.00719900010153651,-301225.25,-397857.3125,703742.6875
0.00719999987632036,-300981.3125,-396748.75,702245
0.0072010001167655,-300750.40625,-395725.4375,700788.0625
0.00720199989154935,-300531,-394792.1875,699377.8125
0.00720300013199449,-300321.3125,-393953.09375,698020.3125
0.00720399990677834,-300119.375,-393211.53125,696722
0.00720500014722347,-299923.0625,-392570,695489.125
0.00720599992200732,-299730.21875,-392030.125,694328.25
0.00720700016245246,-299538.78125,-391592.78125,693245.5625
0.00720799993723631,-299346.65625,-391257.875,692247.0625
0.00720900017768145,-299151.90625,-391024.59375,691338.4375
0.0072099999524653,-298952.625,-390891.21875,690525
0.00721100019291043,-298747.1875,-390855.4375,689811.375
0.00721199996769428,-298534.03125,-390914.21875,689201.6875
0.00721300020813942,-298311.8125,-391063.9375,688699.375
0.00721399998292327,-298079.375,-391300.53125,688306.9375
0.00721500022336841,-297835.84375,-391619.4375,688026.375
0.00721599999815226,-297580.46875,-392015.875,687858.625
0.00721699977293611,-297312.75,-392484.75,687804
0.00721800001338124,-297032.5,-393020.75,687861.8125
0.00721899978816509,-296739.6875,-393618.625,688030.5625
0.00722000002861023,-296434.5625,-394272.96875,688308.125
0.00722099980339408,-296117.59375,-394978.53125,688691.375
0.00722200004383922,-295789.46875,-395730.09375,689176.625
0.00722299981862307,-295451.1875,-396522.625,689759.3125
0.0072240000590682,-295103.8125,-397351.25,690434.375
0.00722499983385205,-294748.71875,-398211.375,691196.25
0.00722600007429719,-294387.375,-399098.59375,692038.75
0.00722699984908104,-294021.46875,-400008.75,692955.1875
0.00722800008952618,-293652.75,-400938,693938.8125
0.00722899986431003,-293283.09375,-401882.6875,694982.25
0.00723000010475516,-292914.375,-402839.4375,696078.125
0.00723099987953901,-292548.53125,-403805.125,697218.9375
0.00723200011998415,-292187.5625,-404776.875,698397.0625
0.007232999894768,-291833.3125,-405752,699604.9375
0.00723400013521314,-291487.65625,-406728,700835.0625
0.00723499990999699,-291152.28125,-407702.5625,702080.125
0.00723600015044212,-290828.875,-408673.5625,703332.9375
0.00723699992522597,-290518.875,-409639,704586.625
0.00723800016567111,-290223.625,-410597.03125,705834.625
0.00723899994045496,-289944.1875,-411545.875,707070.6875
0.0072400001809001,-289681.59375,-412483.9375,708289
0.00724099995568395,-289436.5,-413409.625,709484.125
0.00724200019612908,-289209.5,-414321.46875,710650.9375
0.00724299997091293,-289000.8125,-415218.125,711785.0625
0.00724400021135807,-288810.625,-416098.28125,712882.25
0.00724499998614192,-288638.8125,-416960.65625,713938.875
0.00724600022658706,-288485.03125,-417804.0625,714951.875
0.00724700000137091,-288348.84375,-418627.4375,715918.5
0.00724799977615476,-288229.53125,-419429.6875,716836.4375
0.00724900001659989,-288126.28125,-420209.84375,717703.9375
0.00724999979138374,-288038.09375,-420967,718519.625
0.00725100003182888,-287963.90625,-421700.28125,719282.5625
0.00725199980661273,-287902.46875,-422408.90625,719992.125
0.00725300004705787,-287852.4375,-423092.21875,720648.125
0.00725399982184172,-287812.4375,-423749.53125,721250.75
0.00725500006228685,-287781.0625,-424380.3125,721800.3125
0.0072559998370707,-287756.78125,-424984.125,722297.6875
0.00725700007751584,-287738.0625,-425560.53125,722743.8125
0.00725799985229969,-287723.46875,-426109.25,723139.875
0.00725900009274483,-287711.4375,-426630.0625,723487.375
0.00725999986752868,-287700.5,-427122.84375,723787.8125
0.00726100010797381,-287689.25,-427587.5,724043.125
0.00726199988275766,-287676.28125,-428024.09375,724255
0.0072630001232028,-287660.28125,-428432.71875,724425.5
0.00726399989798665,-287640,-428813.5625,724556.6875
0.00726500013843179,-287614.3125,-429166.90625,724650.6875
0.00726599991321564,-287582.125,-429493.0625,724709.5625
0.00726700015366077,-287542.4375,-429792.46875,724735.4375
0.00726799992844462,-287494.40625,-430065.625,724730.5625
0.00726900016888976,-287437.21875,-430313.03125,724696.9375
0.00726999994367361,-287394.375,-430485.25,724612.5625
0.00727100018411875,-287455.71875,-430395.78125,724389.1875
0.0072719999589026,-287733.28125,-429812.375,723915.25
0.00727300019934773,-288209,-428766.84375,723202.1875
0.00727399997413158,-288663.5,-427691.03125,722446.125
0.00727500021457672,-288812.03125,-427135.84375,721894.875
0.00727599998936057,-288504.9375,-427384.75,721676.5
0.00727700022980571,-287797.375,-428346.21875,721763.5625
0.00727800000458956,-286873.46875,-429714.5,722049.75
0.00727899977937341,-285933.6875,-431166.34375,722426
0.00728000001981854,-285124.1875,-432463.3125,722808.5625
0.00728099979460239,-284517.5,-433473.09375,723140.875
0.00728200003504753,-284122.125,-434158.34375,723393.0625
0.00728299980983138,-283903.09375,-434555,723562.3125
0.00728400005027652,-283803,-434744.6875,723667.5625
0.00728499982506037,-283759.15625,-434824.53125,723737.8125
0.0072860000655055,-283715.1875,-434881.125,723798.6875
0.00728699984028935,-283626.78125,-434974.3125,723862.625
0.00728800008073449,-283463.875,-435131.53125,723925.3125
0.00728899985551834,-283210.625,-435350.53125,723968.1875
0.00729000009596348,-282864.125,-435606.40625,723963.5
0.00729099987074733,-282432.75,-435859.9375,723880.875
0.00729200011119246,-281933.5625,-436065.75,723692.25
0.00729299988597631,-281389.5,-436179.21875,723375.875
0.00729400012642145,-280826.59375,-436161.84375,722918.75
0.0072949999012053,-280271.59375,-435985.125,722317.9375
0.00729600014165044,-279750,-435632.8125,721580.8125
0.00729699991643429,-279284.875,-435101.25,720724.625
0.00729800015687943,-278895.96875,-434398.6875,719774.625
0.00729899993166327,-278599,-433543.125,718761.875
0.00730000017210841,-278405.125,-432559.84375,717720.1875
0.00730099994689226,-278320.53125,-431478.6875,716683
0.0073020001873374,-278346.15625,-430331.4375,715680.875
0.00730299996212125,-278477.75,-429149.71875,714738.9375
0.00730400020256639,-278706.25,-427963.4375,713876.0625
0.00730499997735023,-279018.34375,-426799.59375,713104.0625
0.00730600021779537,-279397.4375,-425681.78125,712428.25
0.00730699999257922,-279824.75,-424629.90625,711848.375
0.00730799976736307,-280280.375,-423660.21875,711359.625
0.00730900000780821,-280744.34375,-422785.46875,710954
0.00730999978259206,-281197.6875,-422015.15625,710621.5
0.0073110000230372,-281622.90625,-421355.84375,710351.0625
0.00731199979782104,-282004.5,-420811.4375,710131.1875
0.00731300003826618,-282329.03125,-420383.59375,709950.25
0.00731399981305003,-282585.125,-420071.90625,709796.75
0.00731500005349517,-282763.03125,-419874.34375,709659.375
0.00731599982827902,-282854.6875,-419787.625,709526.8125
0.00731700006872416,-282853.125,-419807.3125,709388.0625
0.00731799984350801,-282752.8125,-419928.34375,709232.4375
0.00731900008395314,-282549.375,-420145.125,709049.9375
0.00731999985873699,-282239.96875,-420451.78125,708831.8125
0.00732100009918213,-281823.65625,-420842.34375,708571.0625
0.00732199987396598,-281301.65625,-421310.8125,708262.8125
0.00732300011441112,-280677.71875,-421851.1875,707905.125
0.00732399988919497,-279958.28125,-422457.59375,707499
0.0073250001296401,-279152.6875,-423124.125,707048.5625
0.00732599990442395,-278272.9375,-423844.96875,706561.1875
0.00732700014486909,-277333.40625,-424614.1875,706046.9375
0.00732799991965294,-276350.53125,-425425.90625,705518.375
0.00732900016009808,-275342.0625,-426274.15625,704989.5625
0.00732999993488193,-274326.53125,-427152.90625,704475.75
0.00733100017532706,-273322.5,-428056.125,703992.4375
0.00733199995011091,-272347.96875,-428977.75,703554.625
0.00733300019055605,-271419.59375,-429911.75,703176.1875
0.0073339999653399,-270552.40625,-430852.1875,702869.3125
0.00733500020578504,-269759.28125,-431793.25,702644.125
0.00733599998056889,-269050.5625,-432729.34375,702508.1875
0.00733700022101402,-268434.125,-433655.15625,702466.5625
0.00733799999579787,-267915.125,-434565.6875,702521.5625
0.00733899977058172,-267496.125,-435456.34375,702672.75
0.00734000001102686,-267177.25,-436322.875,702917.4375
0.00734099978581071,-266956.40625,-437161.5625,703250.375
0.00734200002625585,-266829.4375,-437969.09375,703664.5625
0.0073429998010397,-266790.59375,-438742.75,704151.0625
0.00734400004148483,-266832.6875,-439480.1875,704699.75
0.00734499981626868,-266947.40625,-440179.625,705299.4375
0.00734600005671382,-267125.78125,-440839.78125,705938.1875
0.00734699983149767,-267358.21875,-441459.75,706603.75
0.00734800007194281,-267634.96875,-442039.09375,707283.75
0.00734899984672666,-267946.25,-442577.8125,707966.0625
0.00735000008717179,-268282.53125,-443076.25,708638.75
0.00735099986195564,-268634.59375,-443535,709290.8125
0.00735200010240078,-268993.6875,-443955.0625,709911.75
0.00735299987718463,-269351.75,-444337.5625,710492.1875
0.00735400011762977,-269701.34375,-444683.875,711023.5
0.00735499989241362,-270035.8125,-444995.53125,711498.375
0.00735600013285875,-270349.25,-445274.1875,711910.5625
0.0073569999076426,-270636.5625,-445521.5625,712254.8125
0.00735800014808774,-270893.375,-445739.40625,712527.25
0.00735899992287159,-271116.125,-445929.53125,712724.9375
0.00736000016331673,-271301.96875,-446093.75,712846
0.00736099993810058,-271448.78125,-446233.78125,712889.8125
0.00736200017854571,-271555.0625,-446351.34375,712856.5
0.00736299995332956,-271619.90625,-446448.09375,712747.25
0.0073640001937747,-271643.0625,-446525.65625,712563.875
0.00736499996855855,-271624.625,-446585.46875,712309.0625
0.00736600020900369,-271565.28125,-446629,711986.1875
0.00736699998378754,-271466.0625,-446657.53125,711599.125
0.00736800022423267,-271328.40625,-446672.3125,711152.3125
0.00736899999901652,-271153.9375,-446674.53125,710650.375
0.00736999977380037,-270944.6875,-446665.21875,710098.5625
0.00737100001424551,-270702.8125,-446645.40625,709502.1875
0.00737199978902936,-270430.6875,-446615.96875,708866.6875
0.0073730000294745,-270130.8125,-446577.75,708197.6875
0.00737399980425835,-269805.84375,-446531.5625,707500.875
0.00737500004470348,-269458.4375,-446478.125,706781.75
0.00737599981948733,-269091.40625,-446418.09375,706045.9375
0.00737700005993247,-268707.4375,-446352.09375,705298.8125
0.00737799983471632,-268309.375,-446280.75,704545.5
0.00737900007516146,-267899.90625,-446204.5625,703791.125
0.00737999984994531,-267481.8125,-446124.09375,703040.375
0.00738100009039044,-267057.6875,-446039.84375,702297.75
0.00738199986517429,-266630.125,-445952.28125,701567.5
0.00738300010561943,-266201.65625,-445861.875,700853.5
0.00738399988040328,-265774.625,-445769.09375,700159.375
0.00738500012084842,-265351.34375,-445674.375,699488.375
0.00738599989563227,-264934,-445578.15625,698843.4375
0.0073870001360774,-264524.65625,-445480.875,698227.1875
0.00738799991086125,-264125.1875,-445383,697642
0.00738900015130639,-263737.40625,-445284.9375,697089.75
0.00738999992609024,-263363,-445187.15625,696572.125
0.00739100016653538,-263003.4375,-445090.125,696090.625
0.00739199994131923,-262660.125,-444994.25,695646.25
0.00739300018176436,-262334.3125,-444900.03125,695239.875
0.00739399995654821,-262027.0625,-444807.9375,694872.0625
0.00739500019699335,-261739.375,-444718.4375,694543.1875
0.0073959999717772,-261472.046875,-444632,694253.4375
0.00739700021222234,-261225.796875,-444549.09375,694002.625
0.00739799998700619,-261001.1875,-444470.28125,693790.625
0.00739900022745132,-260798.65625,-444395.96875,693616.875
0.00740000000223517,-260618.5,-444326.6875,693480.9375
0.00740099977701902,-260460.953125,-444262.90625,693381.9375
0.00740200001746416,-260326.09375,-444205.125,693319.1875
0.00740299979224801,-260213.90625,-444153.8125,693291.625
0.00740400003269315,-260124.546875,-444108.875,693298
0.007404999807477,-260058.640625,-444069,693336.375
0.00740600004792213,-260016.640625,-444033.09375,693404.6875
0.00740699982270598,-259997.453125,-444002.96875,693502.4375
0.00740800006315112,-259998.453125,-443983.28125,693630.125
0.00740899983793497,-260017.1875,-443978,693788.0625
0.00741000007838011,-260052.6875,-443988.15625,693975.1875
0.00741099985316396,-260105.578125,-444011.78125,694189.1875
0.00741200009360909,-260177.234375,-444045.46875,694427.1875
0.00741299986839294,-260269.15625,-444085.5,694686.3125
0.00741400010883808,-260382.265625,-444128.75,694963.4375
0.00741499988362193,-260516.296875,-444174,695256.4375
0.00741600012406707,-260669.40625,-444222.9375,695564.375
0.00741699989885092,-260838.21875,-444279.96875,695887.4375
0.00741800013929605,-261018.71875,-444351.03125,696226.8125
0.0074189999140799,-261207.1875,-444441.5,696583.5
0.00742000015452504,-261401.109375,-444554.46875,696957.6875
0.00742099992930889,-261599.65625,-444690.0625,697348.375
0.00742200016975403,-261803.515625,-444845.34375,697753.1875
0.00742299994453788,-262014.3125,-445015.5625,698169.1875
0.00742400018498302,-262233.8125,-445195.65625,698593
0.00742499995976686,-262463.1875,-445381.6875,699022
0.007426000200212,-262702.40625,-445571.84375,699454.25
0.00742699997499585,-262950.0625,-445766.8125,699889.25
0.00742800021544099,-263203.65625,-445969.5,700327.125
0.00742899999022484,-263459.875,-446183.90625,700768.625
0.00743000023066998,-263715.21875,-446414.1875,701214.5
0.00743100000545382,-263966.59375,-446663.46875,701664.9375
0.00743199978023767,-264211.6875,-446933.3125,702119.375
0.00743300002068281,-264449.0625,-447223.3125,702576.5
0.00743399979546666,-264678.4375,-447531.46875,703034.3125
0.0074350000359118,-264900.25,-447854.4375,703490.5625
0.00743599981069565,-265115.46875,-448188.375,703942.875
0.00743700005114079,-265325.28125,-448529.4375,704389.1875
0.00743799982592463,-265530.78125,-448874.21875,704827.5625
0.00743900006636977,-265732.5,-449220.125,705256.5625
0.00743999984115362,-265930.5,-449565.28125,705674.875
0.00744100008159876,-266124.15625,-449908.625,706081.0625
0.00744199985638261,-266312.21875,-450249.59375,706473.875
0.00744300009682775,-266493.125,-450587.78125,706851.875
0.0074439998716116,-266665.15625,-450922.90625,707213.3125
0.00744500011205673,-266826.71875,-451254.375,707556.5625
0.00744599988684058,-266976.53125,-451581.375,707880
0.00744700012728572,-267113.875,-451902.625,708182.0625
0.00744799990206957,-267238.5625,-452216.65625,708461.5625
0.00744900014251471,-267350.9375,-452521.6875,708717.5
0.00744999991729856,-267451.8125,-452815.875,708949.375
0.00745100015774369,-267542.25,-453097.59375,709156.9375
0.00745199993252754,-267623.375,-453365.3125,709340.125
0.00745300017297268,-267696.25,-453618.0625,709499.5
0.00745399994775653,-267761.6875,-453855.3125,709635.5625
0.00745500018820167,-267820.1875,-454077.125,709749.1875
0.00745599996298552,-267871.9375,-454284.21875,709841.625
0.00745700020343065,-267916.875,-454477.875,709914.125
0.0074579999782145,-267954.625,-454659.96875,709968.5625
0.00745900021865964,-267984.8125,-454832.8125,710006.9375
0.00745999999344349,-268006.90625,-454999,710031.4375
0.00746099976822734,-268020.59375,-455161.46875,710044.875
0.00746200000867248,-268025.625,-455323.1875,710050
0.00746299978345633,-268021.96875,-455487.125,710049.875
0.00746400002390146,-268009.78125,-455656.15625,710047.5625
0.00746499979868531,-267989.4375,-455832.96875,710046.25
0.00746600003913045,-267961.4375,-456019.90625,710048.8125
0.0074669998139143,-267926.34375,-456219.03125,710058
0.00746800005435944,-267884.75,-456431.96875,710076.1875
0.00746899982914329,-267837.21875,-456660.0625,710105.25
0.00747000006958842,-267784.1875,-456904.15625,710146.625
0.00747099984437227,-267725.9375,-457164.8125,710201.1875
0.00747200008481741,-267662.59375,-457442.125,710269.3125
0.00747299985960126,-267593.96875,-457735.9375,710350.6875
0.0074740001000464,-267519.71875,-458045.8125,710444.625
0.00747499987483025,-267439.21875,-458371.0625,710549.875
0.00747600011527538,-267351.6875,-458710.6875,710664.6875
0.00747699989005923,-267256.125,-459063.59375,710787.0625
0.00747800013050437,-267151.4375,-459428.40625,710914.5
0.00747899990528822,-267036.3125,-459803.6875,711044.5625
0.00748000014573336,-266909.53125,-460188,711174.375
0.00748099992051721,-266769.75,-460579.84375,711301.25
0.00748200016096234,-266615.625,-460977.71875,711422.5625
0.00748299993574619,-266445.9375,-461380.1875,711535.625
0.00748400017619133,-266259.46875,-461785.78125,711637.875
0.00748499995097518,-266055.1875,-462192.96875,711726.9375
0.00748600019142032,-265832.125,-462600.3125,711800.5
0.00748699996620417,-265589.5625,-463006.28125,711856.4375
0.0074880002066493,-265326.875,-463409.5625,711893.125
0.00748899998143315,-265043.6875,-463808.9375,711909.0625
0.00749000022187829,-264739.8125,-464203.40625,711903.3125
0.00749099999666214,-264415.21875,-464592.09375,711875.1875
0.00749199977144599,-264070.09375,-464974.1875,711824.25
0.00749300001189113,-263704.65625,-465348.96875,711750.375
0.00749399978667498,-263319.34375,-465715.625,711653.375
0.00749500002712011,-262914.71875,-466073.5,711533.375
0.00749599980190396,-262491.40625,-466421.875,711390.75
0.0074970000423491,-262050.25,-466760.21875,711226
0.00749799981713295,-261592.21875,-467088.125,711039.9375
0.00749900005757809,-261118.421875,-467405.34375,710833.75
0.00749999983236194,-260630,-467711.75,710608.75
0.00750100007280707,-260128.203125,-468007.40625,710366.375
0.00750199984759092,-259614.234375,-468292.25,710108.0625
0.00750300008803606,-259089.359375,-468566.375,709835.3125
0.00750399986281991,-258554.8125,-468829.75,709549.5625
0.00750500010326505,-258011.828125,-469082.46875,709252.125
0.0075059998780489,-257461.71875,-469324.53125,708944.5
0.00750700011849403,-256905.8125,-469556.0625,708628.125
0.00750799989327788,-256345.46875,-469777.21875,708304.5
0.00750900013372302,-255782.140625,-469988.25,707975.25
0.00750999990850687,-255217.21875,-470189.46875,707641.9375
0.00751100014895201,-254652.15625,-470381.15625,707306.125
0.00751199992373586,-254088.328125,-470563.71875,706969.375
0.00751300016418099,-253527.078125,-470737.46875,706633.0625
0.00751399993896484,-252969.75,-470902.71875,706298.5
0.00751500017940998,-252417.59375,-471059.8125,705967
0.00751599995419383,-251871.890625,-471209,705639.625
0.00751700019463897,-251333.859375,-471350.59375,705317.5625
0.00751799996942282,-250804.734375,-471484.9375,705001.875
0.00751900020986795,-250285.671875,-471612.3125,704693.625
0.0075199999846518,-249777.84375,-471733.125,704393.75
0.00752100022509694,-249282.28125,-471847.75,704103.375
0.00752199999988079,-248800,-471956.625,703823.3125
0.00752299977466464,-248331.859375,-472060.1875,703554.4375
0.00752400001510978,-247878.625,-472159,703297.5625
0.00752499978989363,-247440.875,-472253.53125,703053.375
0.00752600003033876,-247019.078125,-472344.3125,702822.375
0.00752699980512261,-246613.515625,-472431.9375,702605
0.00752800004556775,-246224.328125,-472517,702401.6875
0.0075289998203516,-245851.46875,-472600.125,702212.6875
0.00753000006079674,-245494.75,-472681.90625,702038.0625
0.00753099983558059,-245153.765625,-472763.0625,701877.875
0.00753200007602572,-244828,-472844.1875,701732.125
0.00753299985080957,-244516.71875,-472926.03125,701600.5625
0.00753400009125471,-244219.0625,-473009.25,701482.9375
0.00753499986603856,-243934.015625,-473094.5,701378.8125
0.0075360001064837,-243660.4375,-473182.4375,701287.75
0.00753699988126755,-243397.078125,-473273.65625,701209.125
0.00753800012171268,-243142.578125,-473368.75,701142.25
0.00753899989649653,-242895.5,-473468.21875,701086.375
0.00754000013694167,-242654.390625,-473572.5,701040.625
0.00754099991172552,-242417.765625,-473682,701004.1875
0.00754200015217066,-242184.171875,-473796.96875,700976.1875
0.00754299992695451,-241952.171875,-473917.6875,700955.625
0.00754400016739964,-241720.390625,-474044.25,700941.625
0.00754499994218349,-241487.546875,-474176.75,700933.375
0.00754600018262863,-241252.484375,-474315.09375,700929.9375
0.00754699995741248,-241014.125,-474459.28125,700930.625
0.00754800019785762,-240771.546875,-474609.03125,700934.625
0.00754899997264147,-240523.984375,-474764.1875,700941.375
0.00755000021308661,-240270.796875,-474924.4375,700950.25
0.00755099998787045,-240011.46875,-475089.375,700960.875
0.00755200022831559,-239745.6875,-475258.6875,700972.75
0.00755300000309944,-239473.21875,-475431.90625,700985.75
0.00755399977788329,-239193.984375,-475608.59375,700999.5625
0.00755500001832843,-238908.046875,-475788.25,701014.0625
0.00755599979311228,-238615.546875,-475970.4375,701029.3125
0.00755700003355742,-238316.734375,-476154.65625,701045.3125
0.00755799980834126,-238011.953125,-476340.40625,701062.125
0.0075590000487864,-237701.59375,-476527.21875,701079.875
0.00755999982357025,-237386.15625,-476714.625,701098.875
0.00756100006401539,-237066.125,-476902.15625,701119.375
0.00756199983879924,-236742.03125,-477089.4375,701141.5625
0.00756300007924438,-236414.453125,-477276,701165.75
0.00756399985402822,-236083.921875,-477461.53125,701192.375
0.00756500009447336,-235751.03125,-477645.65625,701221.625
0.00756599986925721,-235416.28125,-477828.0625,701253.9375
0.00756700010970235,-235080.203125,-478008.4375,701289.5625
0.0075679998844862,-234743.265625,-478186.5625,701328.8125
0.00756900012493134,-234405.90625,-478362.1875,701372.125
0.00756999989971519,-234068.53125,-478535.125,701419.5625
0.00757100014016032,-233731.484375,-478705.1875,701471.5625
0.00757199991494417,-233395.046875,-478872.25,701528.25
0.00757300015538931,-233059.4375,-479036.21875,701589.875
0.00757399993017316,-232724.859375,-479197,701656.5625
0.0075750001706183,-232391.421875,-479354.5625,701728.4375
0.00757599994540215,-232059.1875,-479508.84375,701805.625
0.00757700018584728,-231728.15625,-479659.8125,701888.125
0.00757799996063113,-231398.328125,-479807.5625,701975.9375
0.00757900020107627,-231069.5625,-479952.0625,702069.125
0.00757999997586012,-230741.765625,-480093.375,702167.5625
0.00758100021630526,-230414.734375,-480231.59375,702271.125
0.00758199999108911,-230088.28125,-480366.8125,702379.75
0.00758300023153424,-229762.15625,-480499.15625,702493.125
0.00758400000631809,-229436.078125,-480628.6875,702611.125
0.00758499978110194,-229109.78125,-480755.59375,702733.5
0.00758600002154708,-228782.921875,-480880,702860
0.00758699979633093,-228455.203125,-481002.09375,702990.25
0.00758800003677607,-228126.296875,-481122.03125,703123.875
0.00758899981155992,-227795.875,-481240.03125,703260.625
0.00759000005200505,-227463.59375,-481356.21875,703400.0625
0.0075909998267889,-227129.125,-481470.84375,703541.8125
0.00759200006723404,-226792.171875,-481584.09375,703685.375
0.00759299984201789,-226452.4375,-481696.1875,703830.375
0.00759400008246303,-226109.609375,-481807.375,703976.3125
0.00759499985724688,-225763.4375,-481917.84375,704122.8125
0.00759600009769201,-225413.671875,-482027.8125,704269.3125
0.00759699987247586,-225060.0625,-482137.5625,704415.4375
0.007598000112921,-224702.4375,-482247.28125,704560.625
0.00759899988770485,-224340.609375,-482357.21875,704704.4375
0.00760000012814999,-223974.40625,-482467.59375,704846.375
0.00760099990293384,-223603.71875,-482578.65625,704986
0.00760200014337897,-223228.484375,-482690.53125,705122.875
0.00760299991816282,-222848.9375,-482802.84375,705256.125
0.00760400015860796,-222465.859375,-482914.03125,705384.5
0.00760499993339181,-222080.5,-483021.90625,705506.5
0.00760600017383695,-221693.71875,-483125.5625,705621.5
0.0076069999486208,-221305.109375,-483227.84375,705731.1875
0.00760800018906593,-220913.265625,-483334.90625,705839.375
0.00760899996384978,-220516.640625,-483452.875,705949.875
0.00761000020429492,-220114.5625,-483583.59375,706063.25
0.00761099997907877,-219707.265625,-483722.625,706174.875
0.00761200021952391,-219295.4375,-483861.46875,706276.8125
0.00761299999430776,-218879.828125,-483992.03125,706361.4375
0.00761399976909161,-218460.984375,-484111.25,706425.625
0.00761500000953674,-218038.984375,-484223.5625,706473.3125
0.00761599978432059,-217613.421875,-484339.375,706513.375
0.00761700002476573,-217183.0625,-484470.875,706555.9375
0.00761799979954958,-216745.96875,-484627.21875,706607.375
0.00761900003999472,-216299.40625,-484811.21875,706667.5625
0.00761999981477857,-215840.28125,-485019.125,706729.5
0.0076210000552237,-215365.578125,-485243.125,706782.375
0.00762199983000755,-214873.109375,-485474.53125,706815.5625
0.00762300007045269,-214361.90625,-485707.3125,706821.8125
0.00762399984523654,-213832.53125,-485939.34375,706799.5
0.00762500008568168,-213286.921875,-486172.375,706751.9375
0.00762599986046553,-212728.0625,-486410.5625,706685.8125
0.00762700010091066,-212159.5,-486658.125,706608.5
0.00762799987569451,-211584.96875,-486917.78125,706526.3125
0.00762900011613965,-211008.078125,-487189.5625,706442.75
0.0076299998909235,-210432.296875,-487470.59375,706358.4375
0.00763100013136864,-209860.984375,-487755.4375,706271.5
0.00763199990615249,-209297.71875,-488037.25,706178.8125
0.00763300014659762,-208746.4375,-488308.65625,706077.1875
0.00763399992138147,-208211.796875,-488562.8125,705964.5625
0.00763500016182661,-207699.109375,-488794.1875,705840.875
0.00763599993661046,-207214.296875,-488998.90625,705708.0625
0.0076370001770556,-206763.484375,-489175,705570.3125
0.00763799995183945,-206352.421875,-489322.375,705433.3125
0.00763900019228458,-205985.796875,-489442.5625,705303.0625
0.00763999996706843,-205666.59375,-489538.4375,705185.5
0.00764100020751357,-205395.484375,-489613.84375,705084.875
0.00764199998229742,-205170.453125,-489673.21875,705003.8125
0.00764300022274256,-204986.734375,-489721.40625,704942.1875
0.00764399999752641,-204836.890625,-489763.3125,704897.75
0.00764499977231026,-204711.3125,-489803.90625,704865.8125
0.00764600001275539,-204598.71875,-489847.875,704840.25
0.00764699978753924,-204486.9375,-489899.75,704813.625
0.00764800002798438,-204363.65625,-489963.8125,704778.5
0.00764899980276823,-204217.109375,-490044.0625,704727.5625
0.00765000004321337,-204036.6875,-490144.1875,704654.5
0.00765099981799722,-203813.4375,-490267.53125,704554.4375
0.00765200005844235,-203540.3125,-490416.96875,704423.8125
0.0076529998332262,-203212.3125,-490594.875,704260.75
0.00765400007367134,-202826.546875,-490803.125,704064.875
0.00765499984845519,-202382.09375,-491042.78125,703837
0.00765600008890033,-201879.890625,-491314.21875,703579.125
0.00765699986368418,-201322.53125,-491617,703294
0.00765800010412931,-200714.0625,-491949.8125,702985
0.00765899987891316,-200059.890625,-492310.625,702656.0625
0.0076600001193583,-199366.546875,-492696.65625,702311.375
0.00766099989414215,-198641.546875,-493104.4375,701955.4375
0.00766200013458729,-197893.234375,-493530.15625,701593.125
0.00766299990937114,-197130.625,-493969.53125,701229.375
0.00766400014981627,-196363.1875,-494418.21875,700869.25
0.00766499992460012,-195600.609375,-494871.8125,700518.0625
0.00766600016504526,-194852.578125,-495326.0625,700180.8125
0.00766699993982911,-194128.5,-495776.9375,699862.6875
0.00766800018027425,-193437.265625,-496220.875,699568.375
0.0076689999550581,-192786.953125,-496654.65625,699302.1875
0.00767000019550323,-192184.609375,-497075.59375,699067.75
0.00767099997028708,-191636.0625,-497481.5,698868.1875
0.00767200021073222,-191145.78125,-497870.65625,698705.625
0.00767299998551607,-190716.75,-498241.90625,698581.3125
0.00767400022596121,-190350.453125,-498594.5,698495.5
0.00767500000074506,-190046.875,-498928.03125,698447.625
0.00767599977552891,-189804.578125,-499242.5625,698436.125
0.00767700001597404,-189620.765625,-499538.3125,698458.625
0.00767799979075789,-189491.515625,-499815.8125,698511.9375
0.00767900003120303,-189411.875,-500075.75,698592.25
0.00767999980598688,-189376.046875,-500318.9375,698695.4375
0.00768100004643202,-189377.671875,-500546.3125,698816.75
0.00768199982121587,-189409.953125,-500758.78125,698951.3125
0.00768300006166101,-189465.859375,-500957.3125,699094.3125
0.00768399983644485,-189538.3125,-501142.84375,699240.8125
0.00768500007688999,-189620.40625,-501316.3125,699386.0625
0.00768599985167384,-189705.484375,-501478.5625,699525.625
0.00768700009211898,-189787.265625,-501630.40625,699655.375
0.00768799986690283,-189860.015625,-501772.59375,699771.75
0.00768900010734797,-189918.5625,-501905.84375,699871.375
0.00768999988213181,-189958.40625,-502030.78125,699951.5625
0.00769100012257695,-189975.6875,-502148,700010.125
0.0076919998973608,-189967.3125,-502258.03125,700045.375
0.00769300013780594,-189930.859375,-502361.40625,700056.1875
0.00769399991258979,-189864.65625,-502458.5625,700041.75
0.00769500015303493,-189767.65625,-502550,700002
0.00769599992781878,-189639.515625,-502636.125,699937
0.00769700016826391,-189480.453125,-502717.40625,699847.5
0.00769799994304776,-189291.265625,-502794.21875,699734.4375
0.0076990001834929,-189073.234375,-502867.0625,699599.0625
0.00769999995827675,-188828.109375,-502936.375,699442.875
0.00770100019872189,-188558,-503002.59375,699267.6875
0.00770199997350574,-188265.328125,-503066.15625,699075.4375
0.00770300021395087,-187952.765625,-503127.53125,698868.1875
0.00770399998873472,-187623.1875,-503187.25,698648.125
0.00770500022917986,-187279.609375,-503245.71875,698417.4375
0.00770600000396371,-186925.125,-503303.46875,698178.375
0.00770699977874756,-186562.828125,-503360.90625,697933.1875
0.0077080000191927,-186195.8125,-503418.59375,697684.125
0.00770899979397655,-185827.09375,-503476.90625,697433.3125
0.00771000003442168,-185459.59375,-503536.3125,697182.8125
0.00771099980920553,-185096.046875,-503597.25,696934.625
0.00771200004965067,-184739.078125,-503660.125,696690.625
0.00771299982443452,-184391.0625,-503725.3125,696452.5625
0.00771400006487966,-184054.171875,-503793.15625,696222
0.00771499983966351,-183730.359375,-503864.03125,696000.5
0.00771600008010864,-183421.296875,-503938.15625,695789.375
0.00771699985489249,-183128.421875,-504015.875,695589.8125
0.00771800009533763,-182852.921875,-504097.375,695402.8125
0.00771899987012148,-182595.71875,-504182.90625,695229.3125
0.00772000011056662,-182357.46875,-504272.625,695070
0.00772099988535047,-182138.609375,-504366.6875,694925.5
0.0077220001257956,-181939.296875,-504465.25,694796.25
0.00772299990057945,-181759.5,-504568.40625,694682.625
0.00772400014102459,-181598.953125,-504676.1875,694584.75
0.00772499991580844,-181457.203125,-504788.71875,694502.75
0.00772600015625358,-181333.625,-504906,694436.5
0.00772699993103743,-181227.390625,-505028.0625,694385.875
0.00772800017148256,-181137.578125,-505154.9375,694350.625
0.00772899994626641,-181063.09375,-505286.59375,694330.375
0.00773000018671155,-181002.75,-505423,694324.625
0.0077309999614954,-180955.265625,-505564.1875,694332.875
0.00773200020194054,-180919.28125,-505710.09375,694354.625
0.00773299997672439,-180893.421875,-505860.65625,694389.0625
0.00773400021716952,-180876.203125,-506015.875,694435.5625
0.00773499999195337,-180866.171875,-506175.65625,694493.3125
0.00773600023239851,-180865.53125,-506332.3125,694557.8125
0.00773700000718236,-180894.78125,-506440.34375,694606.375
0.00773799978196621,-181007.3125,-506386.6875,694583.6875
0.00773900002241135,-181268.734375,-506036.75,694425.25
0.0077399997971952,-181692.703125,-505374.8125,694128.4375
0.00774100003764033,-182192.859375,-504612.65625,693809.6875
0.00774199981242418,-182612.640625,-504122.78125,693671.5
0.00774300005286932,-182811.578125,-504229.5625,693888.25
0.00774399982765317,-182728.890625,-505035.125,694501.625
0.00774500006809831,-182382.6875,-506401.53125,695401.375
0.00774599984288216,-181830.015625,-508058.6875,696388
0.00774700008332729,-181131.0625,-509734.09375,697260.75
0.00774799985811114,-180334.40625,-511232.46875,697880
0.00774900009855628,-179477.046875,-512455.90625,698186.875
0.00774999987334013,-178589.875,-513386.5625,698192.875
0.00775100011378527,-177704.546875,-514056.125,697957.625
0.00775199988856912,-176859.609375,-514517.0625,697568
0.00775300012901425,-176102.9375,-514822.53125,697121.125
0.0077539999037981,-175488.21875,-515015.15625,696710.125
0.00775500014424324,-175066.53125,-515123.375,696412.1875
0.00775599991902709,-174876.265625,-515161.5625,696278.5
0.00775700015947223,-174935.796875,-515132.46875,696329.5
0.00775799993425608,-175240.703125,-515030.4375,696554.6875
0.00775900017470121,-175765.625,-514844.8125,696918.1875
0.00775999994948506,-176469.4375,-514563.84375,697367.1875
0.0077610001899302,-177301.5625,-514178.46875,697842.125
0.00776199996471405,-178207.953125,-513685.3125,698285.375
0.00776300020515919,-179136.046875,-513089.125,698648.5625
0.00776399997994304,-180038.0625,-512403.375,698896.5625
0.00776500022038817,-180872.953125,-511649.96875,699009.0625
0.00776599999517202,-181607.1875,-510857.75,698979.8125
0.00776699976995587,-182214.765625,-510060.125,698814.375
0.00776800001040101,-182676.703125,-509292.5625,698527.5
0.00776899978518486,-182980.296875,-508589.9375,698139.625
0.00777000002563,-183118.390625,-507984.125,697674.3125
0.00777099980041385,-183088.65625,-507502.28125,697155.9375
0.00777200004085898,-182893.0625,-507165.375,696607.75
0.00777299981564283,-182537.34375,-506987.40625,696050.8125
0.00777400005608797,-182030.609375,-506975.40625,695503.1875
0.00777499983087182,-181384.75,-507129.65625,694979.8125
0.00777600007131696,-180614.03125,-507444.4375,694492.0625
0.00777699984610081,-179734.390625,-507909,694048.25
0.00777800008654594,-178762.9375,-508508.96875,693653.75
0.00777899986132979,-177717.265625,-509227.3125,693311.5
0.00778000010177493,-176615,-510045.78125,693022.1875
0.00778099987655878,-175473.234375,-510945.8125,692784.9375
0.00778200011700392,-174308.15625,-511909.40625,692597.8125
0.00778299989178777,-173134.765625,-512919.78125,692457.875
0.0077840001322329,-171966.640625,-513961.71875,692361.8125
0.00778499990701675,-170815.734375,-515021.71875,692305.75
0.00778600014746189,-169692.296875,-516088.09375,692285.9375
0.00778699992224574,-168604.703125,-517150.90625,692298.125
0.00778800016269088,-167559.46875,-518201.71875,692338
0.00778899993747473,-166561.234375,-519233.4375,692400.8125
0.00779000017791986,-165612.703125,-520240.25,692481.5
0.00779099995270371,-164714.84375,-521217.28125,692574.625
0.00779200019314885,-163867.015625,-522160.5625,692674.4375
0.0077929999679327,-163067.25,-523066.9375,692775.0625
0.00779400020837784,-162312.578125,-523933.8125,692870.625
0.00779499998316169,-161599.390625,-524759.25,692955.75
0.00779600022360682,-160923.84375,-525541.75,693025.5
0.00779699999839067,-160282.21875,-526280.3125,693075.9375
0.00779799977317452,-159671.296875,-526974.1875,693104.375
0.00779900001361966,-159088.609375,-527622.875,693109.25
0.00779999978840351,-158532.59375,-528226.1875,693090.5625
0.00780100002884865,-158002.703125,-528784,693049.5
0.0078019998036325,-157499.359375,-529296.25,692988.6875
0.00780300004407763,-157023.859375,-529763,692911.625
0.00780399981886148,-156578.140625,-530184.25,692822.625
0.00780500005930662,-156164.640625,-530560.0625,692726.5
0.00780599983409047,-155785.9375,-530890.5,692628.0625
0.00780700007453561,-155444.53125,-531175.75,692532.125
0.00780799984931946,-155142.59375,-531415.9375,692442.8125
0.0078090000897646,-154881.71875,-531611.25,692363.6875
0.00780999986454844,-154662.78125,-531762.125,692297.25
0.00781100010499358,-154485.78125,-531869.125,692245.0625
0.00781199987977743,-154349.8125,-531932.9375,692207.5625
0.00781300012022257,-154253,-531954.5,692183.9375
0.00781400036066771,-154192.515625,-531935.0625,692172.5
0.00781499966979027,-154164.71875,-531875.9375,692170.4375
0.0078159999102354,-154165.234375,-531778.9375,692174.1875
0.00781700015068054,-154189.015625,-531646,692179.5
0.00781800039112568,-154230.609375,-531479.4375,692181.5
0.00781899970024824,-154284.171875,-531281.5625,692175.25
0.00781999994069338,-154343.765625,-531055.25,692155.3125
0.00782100018113852,-154403.390625,-530803.3125,692116.625
0.00782200042158365,-154457.203125,-530528.8125,692054.0625
0.00782299973070621,-154499.578125,-530234.9375,691963
0.00782399997115135,-154525.296875,-529925.0625,691839.125
0.00782500021159649,-154529.53125,-529602.5,691678.8125
0.00782600045204163,-154508.015625,-529270.625,691479
0.00782699976116419,-154457.03125,-528932.8125,691237.25
0.00782800000160933,-154373.484375,-528592.3125,690952.0625
0.00782900024205446,-154254.875,-528252.375,690622.4375
0.00782999955117702,-154099.34375,-527916.0625,690248.3125
0.00783099979162216,-153905.65625,-527586.375,689830.25
0.0078320000320673,-153673.15625,-527266.125,689369.5
0.00783300027251244,-153401.734375,-526957.8125,688868
0.007833999581635,-153091.828125,-526663.875,688328.25
0.00783499982208014,-152744.34375,-526386.4375,687753.3125
0.00783600006252527,-152360.625,-526127.5625,687146.6875
0.00783700030297041,-151942.390625,-525888.9375,686512.375
0.00783799961209297,-151491.703125,-525672,685854.5
0.00783899985253811,-151010.890625,-525478.125,685177.6875
0.00784000009298325,-150502.53125,-525308.3125,684486.5625
0.00784100033342838,-149969.390625,-525163.375,683785.9375
0.00784199964255095,-149414.375,-525044.0625,683080.6875
0.00784299988299608,-148840.46875,-524950.8125,682375.625
0.00784400012344122,-148250.765625,-524883.9375,681675.5625
0.00784500036388636,-147648.34375,-524843.5,680985.25
0.00784599967300892,-147036.296875,-524829.5,680309.0625
0.00784699991345406,-146417.671875,-524841.8125,679651.3125
0.00784800015389919,-145795.46875,-524880.1875,679016.125
0.00784900039434433,-145172.5625,-524944.1875,678407.25
0.00784999970346689,-144551.765625,-525033.375,677828.1875
0.00785099994391203,-143935.75,-525147.125,677282.0625
0.00785200018435717,-143327.03125,-525284.9375,676771.6875
0.0078530004248023,-142728.015625,-525445.9375,676299.5625
0.00785399973392487,-142140.890625,-525629.5,675867.8125
0.00785499997437,-141567.703125,-525834.875,675478.1875
0.00785600021481514,-141010.296875,-526061.0625,675132.125
0.00785700045526028,-140470.375,-526307.375,674830.75
0.00785799976438284,-139949.390625,-526572.875,674574.75
0.00785900000482798,-139448.640625,-526856.5625,674364.5
0.00786000024527311,-138969.234375,-527157.6875,674200.0625
0.00786099955439568,-138512.0625,-527475.25,674081.3125
0.00786199979484081,-138077.84375,-527808.3125,674007.6875
0.00786300003528595,-137667.09375,-528155.9375,673978.375
0.00786400027573109,-137280.15625,-528517.125,673992.4375
0.00786499958485365,-136917.203125,-528891.125,674048.5
0.00786599982529879,-136578.203125,-529276.8125,674145.1875
0.00786700006574392,-136262.984375,-529673.3125,674280.8125
0.00786800030618906,-135971.1875,-530079.8125,674453.5
0.00786899961531162,-135702.359375,-530495.25,674661.3125
0.00786999985575676,-135440.9375,-530949.625,674917
0.0078710000962019,-135105.6875,-531608.75,675298.6875
0.00787200033664703,-134518.421875,-532838.5625,675981.625
0.0078729996457696,-133512.21875,-534983.6875,677133.75
0.00787399988621473,-132153.90625,-537916,678702.875
0.00787500012665987,-130842.1875,-540843.6875,680327.8125
0.00787600036710501,-130119.9921875,-542693.375,681515.0625
0.00787699967622757,-130348.4140625,-542747.5,681926.5625
0.00787799991667271,-131520.140625,-540985.125,681523.5
0.00787900015711784,-133319,-537948.75,680502.5
0.00788000039756298,-135316.890625,-534379.375,679143.25
0.00788099970668554,-137151.203125,-530914.4375,677695.9375
0.00788199994713068,-138607.015625,-527963.1875,676342.125
0.00788300018757582,-139613.78125,-525718.25,675201.125
0.00788400042802095,-140198.640625,-524223.78125,674347.5
0.00788499973714352,-140433.328125,-523444.53125,673823.75
0.00788599997758865,-140394.5625,-523312.9375,673646.1875
0.00788700021803379,-140142.8125,-523752.84375,673805.5625
0.00788800045847893,-139716.5625,-524687.1875,674269.6875
0.00788899976760149,-139135.78125,-526040,674988.1875
0.00789000000804663,-138409.21875,-527738,675901.4375
0.00789100024849176,-137541.203125,-529713.9375,676950.875
0.00789199955761433,-136536.8125,-531910.5,678087.375
0.00789299979805946,-135404.90625,-534282.1875,679276.9375
0.0078940000385046,-134159.96875,-536794.375,680501
0.00789500027894974,-132822.96875,-539419.1875,681753.75
0.0078959995880723,-131421.59375,-542130.1875,683037.1875
0.00789699982851744,-129989.828125,-544897,684355.75
0.00789800006896257,-128566.4609375,-547682,685711.375
0.00789900030940771,-127193,-550439.5,687100.625
0.00789999961853027,-125910.7578125,-553117.25,688513.125
0.00790099985897541,-124757.9453125,-555659.5,689931.6875
0.00790200009942055,-123766.9375,-558010.9375,691333.3125
0.00790300033986568,-122962.296875,-560120.625,692691.1875
0.00790399964898825,-122359.6328125,-561944.8125,693976.625
0.00790499988943338,-121965.40625,-563449.125,695161.125
0.00790600012987852,-121777.4609375,-564609.625,696218
0.00790700037032366,-121786.171875,-565413.25,697123.875
0.00790799967944622,-121975.7890625,-565857.0625,697859.8125
0.00790899991989136,-122325.921875,-565947.625,698411.5
0.00791000016033649,-122812.90625,-565700.0625,698769.6875
0.00791100040078163,-123411.078125,-565136.25,698930.25
0.00791199970990419,-124093.828125,-564284,698893.6875
0.00791299995034933,-124834.5703125,-563175.375,698664.5
0.00791400019079447,-125607.515625,-561845.375,698250.8125
0.0079150004312396,-126388.359375,-560330.6875,697663.4375
0.00791599974036217,-127154.84375,-558668.25,696915.25
0.0079169999808073,-127887.1953125,-556894.4375,696020.625
0.00791800022125244,-128568.421875,-555043.8125,694994.5
0.00791900046169758,-129184.4765625,-553148.5625,693852.375
0.00791999977082014,-129724.34375,-551238.0625,692609.5
0.00792100001126528,-130179.9296875,-549338.375,691281
0.00792200025171041,-130545.9609375,-547472.4375,689881.5625
0.00792299956083298,-130819.7265625,-545659.9375,688425.375
0.00792399980127811,-131000.8125,-543917.6875,686926.4375
0.00792500004172325,-131090.765625,-542259.875,685398.25
0.00792600028216839,-131092.734375,-540698.3125,683854.25
0.00792699959129095,-131011.109375,-539243.0625,682307.5
0.00792799983173609,-130851.171875,-537902.625,680771.0625
0.00792900007218122,-130618.671875,-536684.0625,679257.5625
0.00793000031262636,-130319.5078125,-535593.5625,677779.3125
0.00793099962174892,-129959.40625,-534636.3125,676348.0625
0.00793199986219406,-129543.6484375,-533816.625,674974.75
0.0079330001026392,-129076.84375,-533138.1875,673669.4375
0.00793400034308434,-128562.7890625,-532603.625,672440.875
0.0079349996522069,-128004.4140625,-532214.875,671296.6875
0.00793599989265203,-127403.734375,-531972.9375,670242.8125
0.00793700013309717,-126761.984375,-531877.6875,669283.75
0.00793800037354231,-126079.6796875,-531928.1875,668422.625
0.00793899968266487,-125356.859375,-532122.1875,667660.875
0.00793999992311001,-124593.2578125,-532456.375,666998.75
0.00794100016355515,-123788.515625,-532926.4375,666435.125
0.00794200040400028,-122942.453125,-533527,665968
0.00794299971312284,-122055.234375,-534251.625,665594.5
0.00794399995356798,-121127.5625,-535093,665310.875
0.00794500019401312,-120160.84375,-536042.9375,665113.125
0.00794600043445826,-119157.25,-537092.8125,664996.875
0.00794699974358082,-118119.8125,-538233.1875,664957.4375
0.00794799998402596,-117052.390625,-539454.375,664990.1875
0.00794900022447109,-115959.6875,-540746.375,665090.4375
0.00795000046491623,-114847.1484375,-542099,665253.625
0.00795099977403879,-113720.875,-543502.125,665475.25
0.00795200001448393,-112587.4921875,-544945.5625,665751
0.00795300025492907,-111454.03125,-546419.5625,666076.5625
0.00795399956405163,-110327.75,-547914.375,666447.9375
0.00795499980449677,-109216,-549420.9375,666861.0625
0.0079560000449419,-108126.0625,-550930.3125,667311.9375
0.00795700028538704,-107065.0234375,-552434.25,667796.6875
0.0079579995945096,-106039.625,-553925,668311.4375
0.00795899983495474,-105056.15625,-555395.3125,668852.25
0.00796000007539988,-104120.3671875,-556838.5,669415.1875
0.00796100031584501,-103237.3671875,-558248.5625,669996.3125
0.00796199962496758,-102411.546875,-559620.0625,670591.6875
0.00796299986541271,-101646.5703125,-560948,671197.25
0.00796400010585785,-100945.328125,-562228.125,671808.9375
0.00796500034630299,-100309.90625,-563456.625,672422.75
0.00796599965542555,-99741.640625,-564630.25,673034.625
0.00796699989587069,-99241.0546875,-565746.3125,673640.5625
0.00796800013631582,-98807.9765625,-566802.4375,674236.625
0.00796900037676096,-98441.5,-567796.875,674818.875
0.00796999968588352,-98140.1015625,-568728.25,675383.625
0.00797099992632866,-97901.625,-569595.5,675927.25
0.0079720001667738,-97723.3984375,-570398.125,676446.1875
0.00797300040721893,-97602.28125,-571135.6875,676937.1875
0.0079739997163415,-97534.703125,-571808.375,677397.125
0.00797499995678663,-97516.765625,-572416.375,677823.125
0.00797600019723177,-97544.3125,-572960.375,678212.5625
0.00797700043767691,-97612.9375,-573441.1875,678563.0625
0.00797799974679947,-97718.140625,-573859.875,678872.4375
0.00797899998724461,-97855.296875,-574217.6875,679138.8125
0.00798000022768974,-98019.7734375,-574516.1875,679360.5625
0.00798099953681231,-98206.9609375,-574756.875,679536.375
0.00798199977725744,-98412.3203125,-574941.625,679665.1875
0.00798300001770258,-98631.4296875,-575072.25,679746.25
0.00798400025814772,-98860.03125,-575150.9375,679778.9375
0.00798499956727028,-99094.0546875,-575179.6875,679763
0.00798599980771542,-99329.6328125,-575160.8125,679698.4375
0.00798700004816055,-99563.171875,-575096.5625,679585.4375
0.00798800028860569,-99791.3125,-574989.4375,679424.5
0.00798899959772825,-100010.984375,-574841.8125,679216.3125
0.00798999983817339,-100219.40625,-574656.0625,678961.625
0.00799100007861853,-100414.0859375,-574434.875,678661.625
0.00799200031906366,-100592.828125,-574180.625,678317.5625
0.00799299962818623,-100753.734375,-573895.9375,677930.875
0.00799399986863136,-100895.1875,-573583.3125,677503.0625
0.0079950001090765,-101015.859375,-573245.3125,677035.9375
0.00799600034952164,-101114.7109375,-572884.375,676531.4375
0.0079969996586442,-101190.9453125,-572503,675991.375
0.00799799989908934,-101244.0234375,-572103.6875,675418
0.00799900013953447,-101273.6484375,-571688.75,674813.4375
0.00800000037997961,-101279.734375,-571260.5,674179.875
0.00800099968910217,-101262.40625,-570821.3125,673519.8125
0.00800199992954731,-101221.984375,-570373.375,672835.5
0.00800300016999245,-101158.9296875,-569918.8125,672129.375
0.00800400041043758,-101072.765625,-569462.0625,671405.0625
0.00800499971956015,-100958.84375,-569016.3125,670670.4375
0.00800599996000528,-100807.9296875,-568604.4375,669938.125
0.00800700020045042,-100614.921875,-568241.125,669217.1875
0.00800800044089556,-100390.7734375,-567909.0625,668501.75
0.00800899975001812,-100162.375,-567559.625,667771.8125
0.00800999999046326,-99957.046875,-567144.0625,667007.0625
0.00801100023090839,-99785.765625,-566644.3125,666200.4375
0.00801199954003096,-99638.59375,-566080.5,665360.5625
0.00801299978047609,-99492.0703125,-565495.875,664505.125
0.00801400002092123,-99320.4921875,-564938.1875,663654.125
0.00801500026136637,-99104.8984375,-564444.875,662824.5625
0.00801599957048893,-98837.953125,-564034.75,662027.4375
0.00801699981093407,-98525.1484375,-563704.375,661265.3125
0.0080180000513792,-98182.609375,-563430.5,660532.0625
0.00801900029182434,-97832.203125,-563177.8125,659815.625
0.0080199996009469,-97495.640625,-562909.75,659102.4375
0.00802099984139204,-97189.40625,-562598.625,658382.0625
0.00802200008183718,-96921.8125,-562231.5625,657650
0.00802300032228231,-96692.6640625,-561811.8125,656908.6875
0.00802399963140488,-96494.78125,-561355.3125,656166.0625
0.00802499987185001,-96316.546875,-560886.3125,655433.6875
0.00802600011229515,-96144.6484375,-560431.625,654723.875
0.00802700035274029,-95966.3671875,-560016.125,654048.3125
0.00802799966186285,-95771.3125,-559660.1875,653416.375
0.00802899990230799,-95552.40625,-559377.8125,652834.9375
0.00803000014275312,-95306.328125,-559176.5,652308.4375
0.00803100038319826,-95033.4296875,-559058.1875,651839.5625
0.00803199969232082,-94737.2109375,-559020.125,651429.75
0.00803299993276596,-94423.546875,-559056.625,651079.6875
0.0080340001732111,-94099.6953125,-559160.0625,650789.5625
0.00803500041365623,-93773.2890625,-559322.0625,650559.375
0.0080359997227788,-93451.390625,-559534.3125,650388.25
0.00803699996322393,-93139.78125,-559789.0625,650274.75
0.00803800020366907,-92842.421875,-560079.3125,650216.0625
0.00803900044411421,-92561.234375,-560398.6875,650208.0625
0.00803999975323677,-92296.09375,-560741.375,650245.125
0.00804099999368191,-92045.078125,-561101.9375,650320
0.00804200023412704,-91804.8515625,-561475,650424.3125
0.00804299954324961,-91571.15625,-561855.1875,650548.4375
0.00804399978369474,-91339.4140625,-562237,650682.375
0.00804500002413988,-91105.2578125,-562614.875,650816.1875
0.00804600026458502,-90865.0546875,-562983,650940.375
0.00804699957370758,-90616.3359375,-563335.8125,651046.75
0.00804799981415272,-90358.0703125,-563667.9375,651128.75
0.00804900005459785,-90090.7890625,-563974.5,651181.75
0.00805000029504299,-89816.5703125,-564251.1875,651203.4375
0.00805099960416555,-89538.8828125,-564494.8125,651193.75
0.00805199984461069,-89262.3046875,-564703.0625,651154.6875
0.00805300008505583,-88992.1796875,-564875,651090.25
0.00805400032550097,-88734.21875,-565010.8125,651005.9375
0.00805499963462353,-88494.125,-565111.875,650908.5625
0.00805599987506866,-88277.2734375,-565180.875,650805.5625
0.0080570001155138,-88088.4296875,-565221.375,650704.875
0.00805800035595894,-87931.5703125,-565237.8125,650614.25
0.0080589996650815,-87809.7734375,-565235.25,650541.25
0.00805999990552664,-87725.1875,-565219.0625,650492.8125
0.00806100014597178,-87679.0390625,-565194.875,650475.125
0.00806200038641691,-87671.71875,-565168.0625,650493.3125
0.00806299969553947,-87702.8359375,-565143.625,650551.4375
0.00806399993598461,-87771.2890625,-565126.3125,650652.5625
0.00806500017642975,-87875.328125,-565120.0625,650798.3125
0.00806600041687489,-88012.59375,-565128.1875,650989.0625
0.00806699972599745,-88180.1328125,-565153.125,651224
0.00806799996644258,-88374.4296875,-565196.8125,651500.75
0.00806900020688772,-88591.3984375,-565260.375,651816
0.00807000044733286,-88826.4296875,-565344.25,652165
0.00807099975645542,-89074.40625,-565448.375,652542.125
0.00807199999690056,-89329.8203125,-565572.3125,652940.75
0.0080730002373457,-89586.8203125,-565715.3125,653353.625
0.00807399954646826,-89839.3828125,-565876.3125,653773.125
0.00807499978691339,-90081.4453125,-566054.125,654191.25
0.00807600002735853,-90307.0859375,-566247.625,654600.375
0.00807700026780367,-90510.6640625,-566455.625,654993
0.00807799957692623,-90687.046875,-566677.0625,655362.3125
0.00807899981737137,-90831.6953125,-566911,655702.3125
0.00808000005781651,-90940.8671875,-567156.625,656008
0.00808100029826164,-91011.6796875,-567413.375,656275.4375
0.0080819996073842,-91042.1796875,-567680.625,656502.0625
0.00808299984782934,-91031.3984375,-567958.0625,656686.3125
0.00808400008827448,-90979.3515625,-568245.5,656828.1875
0.00808500032871962,-90886.9765625,-568542.6875,656928.625
0.00808599963784218,-90756.1015625,-568849.625,656989.8125
0.00808699987828732,-90589.3515625,-569166.3125,657014.875
0.00808800011873245,-90390.015625,-569492.75,657007.8125
0.00808900035917759,-90161.9453125,-569828.8125,656973.3125
0.00808999966830015,-89909.4375,-570174.5625,656916.5625
0.00809099990874529,-89637.0703125,-570529.875,656843.0625
0.00809200014919043,-89349.5859375,-570894.5625,656758.5625
0.00809300038963556,-89051.7890625,-571268.375,656668.75
0.00809399969875813,-88748.40625,-571651.0625,656579.25
0.00809499993920326,-88443.9921875,-572042.1875,656495.375
0.0080960001796484,-88142.84375,-572441.375,656422.1875
0.00809700042009354,-87848.921875,-572848,656364.1875
0.0080979997292161,-87565.78125,-573261.5625,656325.3125
0.00809899996966124,-87296.5390625,-573681.375,656308.875
0.00810000021010637,-87043.859375,-574106.6875,656317.6875
0.00810100045055151,-86809.8984375,-574536.8125,656353.75
0.00810199975967407,-86596.3359375,-574970.875,656418.375
0.00810300000011921,-86404.390625,-575408.125,656512.3125
0.00810400024056435,-86234.7890625,-575847.6875,656635.625
0.00810499954968691,-86087.84375,-576288.875,656787.875
0.00810599979013205,-85963.4375,-576730.8125,656967.9375
0.00810700003057718,-85861.0703125,-577172.8125,657174.25
0.00810800027102232,-85779.8984375,-577614.125,657404.8125
0.00810899958014488,-85718.75,-578053.9375,657657.0625
0.00810999982059002,-85676.203125,-578491.75,657928.25
0.00811100006103516,-85650.6015625,-578926.8125,658215.375
0.00811200030148029,-85640.09375,-579358.5,658515
0.00811299961060286,-85642.703125,-579786.3125,658823.75
0.00811399985104799,-85656.3203125,-580209.6875,659138.0625
0.00811500009149313,-85678.765625,-580628.25,659454.375
0.00811600033193827,-85707.8203125,-581041.5,659769.125
0.00811699964106083,-85741.234375,-581449.0625,660078.8125
0.00811799988150597,-85776.7578125,-581850.625,660380.0625
0.0081190001219511,-85812.1796875,-582245.875,660669.5
0.00812000036239624,-85845.3359375,-582634.4375,660944
0.0081209996715188,-85874.140625,-583016.125,661200.75
0.00812199991196394,-85896.578125,-583390.625,661436.9375
0.00812300015240908,-85910.7734375,-583757.8125,661650.0625
0.00812400039285421,-85914.9453125,-584117.3125,661838.0625
0.00812499970197678,-85907.46875,-584469,661998.875
0.00812599994242191,-85886.8515625,-584812.6875,662130.875
0.00812700018286705,-85851.7421875,-585148.1875,662232.6875
0.00812800042331219,-85800.9609375,-585475.3125,662303.1875
0.00812899973243475,-85733.4609375,-585793.875,662341.5
0.00812999997287989,-85648.3828125,-586103.6875,662347.125
0.00813100021332502,-85545.03125,-586404.5625,662319.75
0.00813200045377016,-85422.8515625,-586696.375,662259.25
0.00813299976289272,-85281.484375,-586978.9375,662165.8125
0.00813400000333786,-85120.7265625,-587252,662039.875
0.008135000243783,-84940.53125,-587515.4375,661882
0.00813599955290556,-84741.015625,-587769,661693
0.0081369997933507,-84522.4609375,-588012.625,661473.9375
0.00813800003379583,-84285.2578125,-588246.125,661225.875
0.00813900027424097,-84029.953125,-588469.375,660950.25
0.00813999958336353,-83757.15625,-588682.4375,660648.5
0.00814099982380867,-83467.671875,-588885.125,660322.25
0.00814200006425381,-83162.484375,-589077.1875,659973
0.00814300030469894,-82842.75,-589258.3125,659602.4375
0.00814399961382151,-82509.6484375,-589428.25,659212.25
0.00814499985426664,-82164.3203125,-589587,658804.25
0.00814600009471178,-81807.859375,-589734.8125,658380.4375
0.00814700033515692,-81441.3359375,-589872,657942.75
0.00814799964427948,-81065.8203125,-589999.0625,657493.375
0.00814899988472462,-80682.4921875,-590116.3125,657034.125
0.00815000012516975,-80292.6328125,-590224.0625,656567
0.00815100036561489,-79897.6796875,-590322.25,656093.6875
0.00815199967473745,-79499.1484375,-590410.5625,655615.625
0.00815299991518259,-79098.5625,-590488.8125,655134.375
0.00815400015562773,-78697.3125,-590556.875,654651.3125
0.00815500039607286,-78296.578125,-590615,654167.875
0.00815599970519543,-77897.296875,-590663.8125,653685.5625
0.00815699994564056,-77500.1875,-590704.3125,653205.9375
0.0081580001860857,-77105.8125,-590737.5,652730.5
0.00815900042653084,-76714.7421875,-590764.5,652260.625
0.0081599997356534,-76327.5703125,-590786.1875,651797.5625
0.00816099997609854,-75945.03125,-590803.0625,651342.25
0.00816200021654367,-75567.96875,-590815.25,650895.4375
0.00816300045698881,-75197.2578125,-590822.875,650457.5625
0.00816399976611137,-74833.7578125,-590825.6875,650029.0625
0.00816500000655651,-74478.2109375,-590823.75,649610.3125
0.00816600024700165,-74131.1484375,-590817.4375,649201.6875
0.00816699955612421,-73792.8984375,-590807.25,648803.625
0.00816799979656935,-73463.546875,-590794.125,648416.625
0.00816900003701448,-73143.03125,-590779.125,648041.1875
0.00817000027745962,-72831.203125,-590763.375,647677.8125
0.00817099958658218,-72527.875,-590747.9375,647326.8125
0.00817199982702732,-72232.9296875,-590733.625,646988.5625
0.00817300006747246,-71946.3359375,-590721.125,646663.0625
0.00817400030791759,-71668.1484375,-590710.875,646350.375
0.00817499961704016,-71398.5234375,-590703.0625,646050.4375
0.00817599985748529,-71137.640625,-590697.875,645763.1875
0.00817700009793043,-70885.6796875,-590695.4375,645488.625
0.00817800033837557,-70642.78125,-590696.125,645226.625
0.00817899964749813,-70408.96875,-590700.25,644977.3125
0.00817999988794327,-70184.171875,-590708.375,644740.75
0.0081810001283884,-69968.1875,-590721.0625,644516.9375
0.00818200036883354,-69760.7109375,-590739.125,644306.0625
0.0081829996779561,-69561.375,-590763.25,644108.1875
0.00818399991840124,-69369.7734375,-590794.125,643923.25
0.00818500015884638,-69185.5078125,-590832.3125,643751.25
0.00818600039929152,-69008.203125,-590878.375,643592.1875
0.00818699970841408,-68837.5625,-590932.6875,643445.9375
0.00818799994885921,-68673.359375,-590995.4375,643312.3125
0.00818900018930435,-68515.3984375,-591066.6875,643191.1875
0.00819000042974949,-68363.546875,-591146.5,643082.375
0.00819099973887205,-68217.6796875,-591234.75,642985.625
0.00819199997931719,-68077.6640625,-591331.3125,642900.6875
0.00819300021976233,-67943.3125,-591436,642827.1875
0.00819400046020746,-67814.3984375,-591548.4375,642764.75
0.00819499976933002,-67690.625,-591668.4375,642712.875
0.00819600000977516,-67571.6484375,-591795.6875,642671.0625
0.0081970002502203,-67457.0625,-591929.6875,642638.75
0.00819799955934286,-67346.4296875,-592070.0625,642615.125
0.008198999799788,-67239.3046875,-592216.3125,642599.625
0.00820000004023314,-67135.2421875,-592367.875,642591.375
0.00820100028067827,-67033.8125,-592524.125,642589.625
0.00820199958980083,-66934.6328125,-592684.3125,642593.625
0.00820299983024597,-66837.328125,-592847.75,642602.5625
0.00820400007069111,-66741.53125,-593013.6875,642615.625
0.00820500031113625,-66646.8828125,-593181.375,642632.1875
0.00820599962025881,-66553.015625,-593350.1875,642651.4375
0.00820699986070395,-66459.6171875,-593519.3125,642672.6875
0.00820800010114908,-66366.46875,-593687.75,642695.0625
0.00820900034159422,-66273.4296875,-593854.1875,642717.5625
0.00820999965071678,-66180.359375,-594017.625,642739.3125
0.00821099989116192,-66087.0625,-594177.375,642759.8125
0.00821200013160706,-65993.2421875,-594333.375,642779
0.00821300037205219,-65898.5390625,-594486.125,642797.4375
0.00821399968117476,-65802.5859375,-594636.125,642815.375
0.00821499992161989,-65705.0625,-594783.5,642832.9375
0.00821600016206503,-65605.7421875,-594927.5625,642849.625
0.00821700040251017,-65504.53515625,-595067.125,642864.375
0.00821799971163273,-65401.4921875,-595200.9375,642876.375
0.00821899995207787,-65296.8125,-595328.375,642885.25
0.008220000192523,-65190.796875,-595449.625,642891.75
0.00822100043296814,-65083.8125,-595565.8125,642897.5625
0.0082219997420907,-64976.21484375,-595678.625,642904.75
0.00822299998253584,-64868.26171875,-595789.6875,642915.1875
0.00822400022298098,-64760.0859375,-595899.875,642930.0625
0.00822500046342611,-64651.6875,-596009.375,642949.625
0.00822599977254868,-64543.0078125,-596117.75,642973.375
0.00822700001299381,-64433.98046875,-596224.125,643000.5625
0.00822800025343895,-64324.62109375,-596328,643030.625
0.00822899956256151,-64215.02734375,-596429.3125,643063.5625
0.00822999980300665,-64105.328125,-596528.8125,643100.1875
0.00823100004345179,-63995.6015625,-596627.75,643141.6875
0.00823200028389692,-63885.72265625,-596727.875,643189.5625
0.00823299959301949,-63775.27734375,-596830.875,643244.8125
0.00823399983346462,-63663.4765625,-596938.1875,643307.9375
0.00823500007390976,-63549.15234375,-597050.9375,643378.75
0.0082360003143549,-63430.8203125,-597169.9375,643456.375
0.00823699962347746,-63306.75390625,-597295.5,643539.25
0.0082379998639226,-63175.125,-597428,643625.75
0.00823900010436773,-63034.10546875,-597567.6875,643714.0625
0.00824000034481287,-62881.98046875,-597714.8125,643802.5625
0.00824099965393543,-62717.22265625,-597869.8125,643890
0.00824199989438057,-62538.51953125,-598033.1875,643975.1875
0.00824300013482571,-62344.796875,-598205.25,644057.3125
0.00824400037527084,-62135.22265625,-598386.3125,644135.625
0.00824499968439341,-61909.203125,-598576.5625,644209.4375
0.00824599992483854,-61666.3984375,-598775.625,644278
0.00824700016528368,-61406.7421875,-598983,644340.4375
0.00824800040572882,-61130.484375,-599197.5625,644395.8125
0.00824899971485138,-60838.234375,-599418.0625,644443.375
0.00824999995529652,-60531.01953125,-599642.8125,644482.1875
0.00825100019574165,-60210.30078125,-599869.8125,644511.75
0.00825200043618679,-59877.99609375,-600097,644531.75
0.00825299974530935,-59536.4375,-600322.25,644542.25
0.00825399998575449,-59188.328125,-600543.4375,644543.6875
0.00825500022619963,-58836.609375,-600758.625,644537
0.00825599953532219,-58484.35546875,-600965.875,644523.25
0.00825699977576733,-58134.60546875,-601163.75,644503.8125
0.00825800001621246,-57790.2109375,-601351,644480.125
0.0082590002566576,-57453.671875,-601526.5,644453.625
0.00825999956578016,-57127.0078125,-601689.6875,644425.4375
0.0082609998062253,-56811.65625,-601840.1875,644396.5
0.00826200004667044,-56508.3828125,-601977.9375,644367.5625
0.00826300028711557,-56217.28125,-602103.1875,644338.6875
0.00826399959623814,-55937.75,-602216.375,644309.8125
0.00826499983668327,-55668.54296875,-602318.3125,644280.3125
0.00826600007712841,-55407.83203125,-602410,644249.3125
0.00826700031757355,-55153.296875,-602492.5,644215.6875
0.00826799962669611,-54902.21484375,-602567.1875,644178.0625
0.00826899986714125,-54651.56640625,-602635.5625,644134.875
0.00827000010758638,-54398.1484375,-602699.0625,644084.625
0.00827100034803152,-54138.671875,-602759.375,644025.625
0.00827199965715408,-53869.859375,-602818,643956.4375
0.00827299989759922,-53588.5546875,-602876.5,643875.5
0.00827400013804436,-53291.796875,-602936.4375,643781.5625
0.00827500037848949,-52976.9140625,-602999,643673.3125
0.00827599968761206,-52641.58984375,-603065.4375,643549.9375
0.00827699992805719,-52283.9453125,-603136.6875,643410.5625
0.00827800016850233,-51902.57421875,-603213.5625,643254.875
0.00827900040894747,-51496.6015625,-603296.625,643082.5
0.00827999971807003,-51065.7109375,-603386.1875,642893.75
0.00828099995851517,-50610.15234375,-603482.375,642689
0.0082820001989603,-50130.74609375,-603585.125,642468.9375
0.00828300043940544,-49628.875,-603694.1875,642234.6875
0.008283999748528,-49106.4296875,-603809.125,641987.6875
0.00828499998897314,-48565.76953125,-603929.375,641729.4375
0.00828600022941828,-48009.67578125,-604054.3125,641461.875
0.00828699953854084,-47441.2578125,-604183.1875,641187.125
0.00828799977898598,-46863.87890625,-604315.25,640907.375
0.00828900001943111,-46281.08203125,-604449.625,640624.9375
0.00829000025987625,-45696.5,-604585.5625,640342.125
0.00829099956899881,-45113.75390625,-604722.25,640061.375
0.00829199980944395,-44536.3984375,-604859,639784.9375
0.00829300004988909,-43967.828125,-604995.0625,639515
0.00829400029033422,-43411.203125,-605129.875,639253.625
0.00829499959945679,-42869.421875,-605262.75,639002.5625
0.00829599983990192,-42345.0390625,-605393.375,638763.5
0.00829700008034706,-41840.2421875,-605521.1875,638537.8125
0.0082980003207922,-41356.83203125,-605645.875,638326.5
0.00829899962991476,-40896.1953125,-605767.1875,638130.5
0.0082999998703599,-40459.30859375,-605884.875,637950.375
0.00830100011080503,-40046.734375,-605998.8125,637786.375
0.00830200035125017,-39658.640625,-606108.9375,637638.625
0.00830299966037273,-39294.8125,-606215.0625,637506.8125
0.00830399990081787,-38954.6875,-606317.3125,637390.5625
0.00830500014126301,-38637.37890625,-606415.5625,637289.25
0.00830600038170815,-38341.71875,-606509.875,637202.125
0.00830699969083071,-38066.28515625,-606600.375,637128.1875
0.00830799993127584,-37809.45703125,-606687,637066.375
0.00830900017172098,-37569.4375,-606769.9375,637015.5
0.00831000041216612,-37344.3046875,-606849.1875,636974.375
0.00831099972128868,-37132.05859375,-606924.8125,636941.75
0.00831199996173382,-36930.640625,-606996.9375,636916.1875
0.00831300020217896,-36737.98828125,-607065.5625,636896.5625
0.00831400044262409,-36552.05859375,-607130.875,636881.4375
0.00831499975174665,-36370.85546875,-607192.875,636869.625
0.00831599999219179,-36192.46875,-607251.625,636860
0.00831700023263693,-36015.09765625,-607307.1875,636851.375
0.00831799954175949,-35837.05859375,-607359.6875,636842.75
0.00831899978220463,-35656.81640625,-607409.0625,636833.125
0.00832000002264977,-35472.98828125,-607455.5,636821.75
0.0083210002630949,-35284.36328125,-607499,636807.6875
0.00832199957221746,-35089.89453125,-607539.6875,636790.4375
0.0083229998126626,-34888.7265625,-607577.5625,636769.4375
0.00832400005310774,-34680.1640625,-607612.6875,636744.1875
0.00832500029355288,-34463.703125,-607645.25,636714.375
0.00832599960267544,-34238.99609375,-607675.3125,636679.75
0.00832699984312057,-34005.875,-607702.875,636640.125
0.00832800008356571,-33764.31640625,-607728.1875,636595.5625
0.00832900032401085,-33514.44140625,-607751.1875,636546
0.00832999963313341,-33256.5078125,-607772.125,636491.625
0.00833099987357855,-32990.89453125,-607791,636432.5625
0.00833200011402369,-32718.08203125,-607808,636369.0625
0.00833300035446882,-32438.650390625,-607823.3125,636301.5
0.00833399966359138,-32153.25,-607836.9375,636230.1875
0.00833499990403652,-31862.595703125,-607849.0625,636155.5625
0.00833600014448166,-31567.30078125,-607860.1875,636078.25
0.0083370003849268,-31267.02734375,-607872.75,635999.875
0.00833799969404936,-30958.75390625,-607894.8125,635924.625
0.0083389999344945,-30635.998046875,-607941.3125,635860.1875
0.00834000017493963,-30291.91015625,-608026.5,635813.0625
0.00834100041538477,-29925.86328125,-608148.5,635780.6875
0.00834199972450733,-29547.888671875,-608278.4375,635745.125
0.00834299996495247,-29175.90625,-608368.5625,635677.875
0.00834400020539761,-28827.521484375,-608376.8125,635555.5
0.00834500044584274,-28513.07421875,-608290.875,635375.6875
0.00834599975496531,-28234.3671875,-608135.1875,635162.75
0.00834699999541044,-27987.8203125,-607957.5625,634958.625
0.00834800023585558,-27768.5078125,-607806,634804.3125
0.00834899954497814,-27572.73828125,-607708.6875,634723.125
0.00834999978542328,-27398.8671875,-607665.25,634713.4375
0.00835100002586842,-27246.779296875,-607651.4375,634752.0625
0.00835200026631355,-27116.544921875,-607632,634805.4375
0.00835299957543612,-27006.896484375,-607575.5,634842
0.00835399981588125,-26914.1484375,-607464.6875,634841.375
0.00835500005632639,-26831.9296875,-607300.5,634797.875
0.00835600029677153,-26751.712890625,-607099.9375,634719.125
0.00835699960589409,-26663.708984375,-606890.4375,634621.6875
0.00835799984633923,-26557.775390625,-606703.25,634525.625
0.00835900008678436,-26424.0546875,-606567.5625,634449.5
0.0083600003272295,-26253.345703125,-606506.8125,634407.0625
0.00836099963635206,-26037.310546875,-606536,634405.1875
0.0083619998767972,-25768.755859375,-606661.375,634443.3125
0.00836300011724234,-25442.048828125,-606880.8125,634514.5
0.00836400035768747,-25053.74609375,-607185.125,634607.0625
0.00836499966681004,-24603.2890625,-607559.875,634707.25
0.00836599990725517,-24093.59375,-607987.3125,634801.1875
0.00836700014770031,-23531.388671875,-608448.1875,634877.4375
0.00836800038814545,-22927.138671875,-608923.5625,634928.5625
0.00836899969726801,-22294.583984375,-609395.875,634951.375
0.00836999993771315,-21649.9453125,-609849.9375,634947.5625
0.00837100017815828,-21010.876953125,-610273.3125,634922.4375
0.00837200041860342,-20395.35546875,-610656.25,634884.3125
0.00837299972772598,-19820.58203125,-610991.5625,634842.875
0.00837399996817112,-19301.986328125,-611274.3125,634807.9375
0.00837500020861626,-18852.439453125,-611501.1875,634788.3125
0.00837600044906139,-18481.6328125,-611670.1875,634790.875
0.00837699975818396,-18195.71484375,-611780.4375,634820.125
0.00837799999862909,-17997.109375,-611831.9375,634877.5625
0.00837900023907423,-17884.544921875,-611825.5625,634962
0.00837999954819679,-17853.27734375,-611763,635069.6875
0.00838099978864193,-17895.44921875,-611647.0625,635194.875
0.00838200002908707,-18000.61328125,-611481.5625,635330.5
0.0083830002695322,-18156.330078125,-611271.5625,635468.5
0.00838399957865477,-18348.857421875,-611023.3125,635601
0.0083849998190999,-18563.845703125,-610744.25,635720.5625
0.00838600005954504,-18787.01953125,-610442.5625,635820.6875
0.00838700029999018,-19004.791015625,-610127.1875,635896.625
0.00838799960911274,-19204.791015625,-609807.5,635945
0.00838899984955788,-19376.248046875,-609492.625,635964.375
0.00839000009000301,-19510.263671875,-609191.5625,635954.75
0.00839100033044815,-19599.9296875,-608912.4375,635917.6875
0.00839199963957071,-19640.337890625,-608662.3125,635856
0.00839299988001585,-19628.474609375,-608447.1875,635773.1875
0.00839400012046099,-19563.0546875,-608271.5625,635673.3125
0.00839500036090612,-19444.296875,-608138.6875,635560.625
0.00839599967002869,-19273.671875,-608050.3125,635439.25
0.00839699991047382,-19053.662109375,-608007.0625,635313.0625
0.00839800015091896,-18787.515625,-608008.4375,635185.5
0.0083990003913641,-18479.0234375,-608052.8125,635059.4375
0.00839999970048666,-18132.314453125,-608138.125,634937.25
0.0084009999409318,-17751.67578125,-608261.5625,634820.625
0.00840200018137693,-17341.376953125,-608420.25,634710.8125
0.00840300042182207,-16905.525390625,-608610.875,634608.4375
0.00840399973094463,-16447.91796875,-608830.4375,634513.625
0.00840499997138977,-15971.9248046875,-609075.8125,634426.0625
0.00840600021183491,-15480.388671875,-609344.25,634344.875
0.00840700045228004,-14975.541015625,-609633.25,634268.6875
0.00840799976140261,-14458.958984375,-609940.625,634195.625
0.00840900000184774,-13931.5556640625,-610264.3125,634123.5
0.00841000024229288,-13393.6044921875,-610602.875,634049.625
0.00841099955141544,-12844.8056640625,-610954.8125,633971.125
0.00841199979186058,-12284.3818359375,-611319.0625,633884.8125
0.00841300003230572,-11711.2109375,-611694.625,633787.375
0.00841400027275085,-11123.97265625,-612080.625,633675.6875
0.00841499958187342,-10521.310546875,-612476.3125,633546.75
0.00841599982231855,-9901.9970703125,-612880.9375,633397.75
0.00841700006276369,-9265.0830078125,-613293.6875,633226.5
0.00841800030320883,-8610.0361328125,-613713.8125,633031.3125
0.00841899961233139,-7936.85009765625,-614140.5,632811.125
0.00841999985277653,-7246.12548828125,-614572.75,632565.6875
0.00842100009322166,-6539.1142578125,-615009.5,632295.375
0.0084220003336668,-5817.7294921875,-615449.75,632001.5
0.00842299964278936,-5084.52490234375,-615892.125,631685.9375
0.0084239998832345,-4342.6396484375,-616335.5,631351.1875
0.00842500012367964,-3595.71948242188,-616778.375,631000.5625
0.00842600036412477,-2847.81640625,-617219.4375,630637.5625
0.00842699967324734,-2103.2744140625,-617657.1875,630266.1875
0.00842799991369247,-1366.60461425781,-618090.125,629890.6875
0.00842900015413761,-642.359680175781,-618516.875,629515.25
0.00843000039458275,64.9911270141602,-618935.875,629144.25
0.00843099970370531,751.179260253906,-619345.875,628781.75
0.00843199994415045,1412.24353027344,-619745.4375,628431.5625
0.00843300018459558,2044.62341308594,-620133.3125,628097.1875
0.00843400042504072,2645.23583984375,-620508.4375,627781.625
0.00843499973416328,3211.5361328125,-620869.625,627487.5
0.00843599997460842,3741.56005859375,-621216.0625,627216.6875
0.00843700021505356,4233.95068359375,-621546.875,626970.6875
0.0084380004554987,4687.96728515625,-621861.3125,626750.3125
0.00843899976462126,5103.4794921875,-622158.9375,626555.75
0.00844000000506639,5480.9462890625,-622439.25,626386.75
0.00844100024551153,5821.3876953125,-622701.9375,626242.4375
0.00844199955463409,6126.3408203125,-622947,626121.4375
0.00844299979507923,6397.8115234375,-623174.25,626021.9375
0.00844400003552437,6638.216796875,-623383.8125,625941.8125
0.00844500027596951,6850.32861328125,-623575.875,625878.4375
0.00844599958509207,7037.20751953125,-623750.875,625829.125
0.0084469998255372,7202.14208984375,-623909.0625,625790.75
0.00844800006598234,7348.58349609375,-624051.0625,625760.3125
0.00844900030642748,7480.08740234375,-624177.4375,625734.4375
0.00844999961555004,7600.25146484375,-624288.75,625709.9375
0.00845099985599518,7712.6650390625,-624385.875,625683.625
0.00845200009644032,7820.853515625,-624469.5,625652.1875
0.00845300033688545,7928.2353515625,-624540.5,625612.75
0.00845399964600801,8038.08203125,-624599.75,625562.3125
0.00845499988645315,8153.478515625,-624648.125,625498.25
0.00845600012689829,8277.296875,-624686.5625,625418.125
0.00845700036734343,8412.169921875,-624716.0625,625319.75
0.00845799967646599,8560.470703125,-624737.5,625201.125
0.00845899991691113,8724.2998046875,-624751.875,625060.625
0.00846000015735626,8905.4716796875,-624760.125,624896.9375
0.0084610003978014,9105.513671875,-624763.25,624708.9375
0.00846199970692396,9325.6630859375,-624762.1875,624495.9375
0.0084629999473691,9566.8662109375,-624757.875,624257.375
0.00846400018781424,9829.7890625,-624751.125,623993.0625
0.00846500042825937,10114.8212890625,-624742.9375,623703.125
0.00846599973738194,10422.0908203125,-624734.0625,623387.9375
0.00846699997782707,10751.4755859375,-624725.375,623048.0625
0.00846800021827221,11102.619140625,-624717.75,622684.3125
0.00846900045871735,11474.9462890625,-624711.8125,622297.8125
0.00846999976783991,11869.8857421875,-624712.875,621891.875
0.00847100000828505,12301.99609375,-624753.8125,621483.5625
0.00847200024873018,12818.0029296875,-624934.5,621122.375
0.00847299955785275,13495.572265625,-625421.125,620891.6875
0.00847399979829788,14387.2509765625,-626337.375,620859.625
0.00847500003874302,15430.4921875,-627592.1875,621003.125
0.00847600027918816,16410.013671875,-628809.625,621176.4375
0.00847699958831072,17036.86328125,-629471.6875,621168.25
0.00847799982875586,17104.375,-629184.5625,620801.8125
0.00847900006920099,16608.767578125,-627868.125,619998.3125
0.00848000030964613,15755.0439453125,-625758.3125,618774.8125
0.00848099961876869,14860.3603515625,-623266.6875,617207.875
0.00848199985921383,14227.505859375,-620817.125,615402.625
0.00848300009965897,14055.3955078125,-618739.5,613479.5625
0.0084840003401041,14410.880859375,-617233.625,611567.5625
0.00848499964922667,15248.9130859375,-616379.1875,609792.125
0.0084859998896718,16454.630859375,-616164,608260.25
0.00848700013011694,17885.87109375,-616515.5625,607047.5625
0.00848800037056208,19405.404296875,-617328.5625,606192.8125
0.00848899967968464,20900.5234375,-618487.9375,605700.0625
0.00848999992012978,22291.79296875,-619885.3125,605546.1875
0.00849100016057491,23533.798828125,-621430,605690.125
0.00849200040102005,24610.625,-623053.4375,606082.5625
0.00849299971014261,25528.3671875,-624709,606672.625
0.00849399995058775,26306.52734375,-626367.6875,607413.0625
0.00849500019103289,26969.86328125,-628012.3125,608262.4375
0.00849600043147802,27541.814453125,-629630.75,609185.4375
0.00849699974060059,28040.216796875,-631210.625,610152.0625
0.00849799998104572,28475.466796875,-632735.75,611135.9375
0.00849900022149086,28850.84765625,-634184.8125,612112.75
0.008500000461936,29164.373046875,-635532.375,613059.125
0.00850099977105856,29411.384765625,-636750.75,613951.75
0.0085020000115037,29587.173828125,-637813,614767.625
0.00850300025194883,29689.080078125,-638695.0625,615484.5625
0.0085039995610714,29717.810546875,-639378.25,616081.75
0.00850499980151653,29677.8828125,-639849.9375,616541.25
0.00850600004196167,29577.33984375,-640104.0625,616848.5625
0.00850700028240681,29426.974609375,-640141.125,616993.4375
0.00850799959152937,29239.310546875,-639967.125,616970.5
0.00850899983197451,29027.59375,-639593.25,616779
0.00851000007241964,28804.9296875,-639034.9375,616422.875
0.00851100031286478,28583.638671875,-638310.9375,615910.3125
0.00851199962198734,28374.8359375,-637442.8125,615253.125
0.00851299986243248,28188.173828125,-636454.3125,614466.25
0.00851400010287762,28031.708984375,-635370.375,613567
0.00851500034332275,27911.833984375,-634217,612574.3125
0.00851599965244532,27833.26171875,-633020.0625,611508.25
0.00851699989289045,27799.029296875,-631804.9375,610389.25
0.00851800013333559,27810.552734375,-630595.625,609237.4375
0.00851900037378073,27867.720703125,-629414.4375,608072.4375
0.00851999968290329,27969.05078125,-628281.4375,606912.5625
0.00852099992334843,28111.90234375,-627214.0625,605774.5625
0.00852200016379356,28292.734375,-626227.1875,604673.6875
0.0085230004042387,28507.390625,-625333,603622.9375
0.00852399971336126,28751.40234375,-624541.3125,602633.5
0.0085249999538064,29020.265625,-623859.5,601714.6875
0.00852600019425154,29309.689453125,-623293.125,600873.875
0.00852700043469667,29615.79296875,-622846.125,600116.6875
0.00852799974381924,29935.236328125,-622521.0625,599447.4375
0.00852899998426437,30265.3046875,-622319.375,598869.0625
0.00853000022470951,30603.912109375,-622241.75,598383.625
0.00853100046515465,30949.57421875,-622287.9375,597992.25
0.00853199977427721,31301.333984375,-622457.1875,597695.4375
0.00853300001472235,31658.6640625,-622747.875,597493.1875
0.00853400025516748,32021.349609375,-623157.75,597385.1875
0.00853499956429005,32389.380859375,-623683.8125,597370.5625
0.00853599980473518,32762.84765625,-624322.125,597448.1875
0.00853700004518032,33141.84375,-625067.8125,597616.4375
0.00853800028562546,33526.3984375,-625915.1875,597873.375
0.00853899959474802,33916.44140625,-626857.375,598216.375
0.00853999983519316,34311.76171875,-627886.5625,598642.3125
0.00854100007563829,34712.0078125,-628994,599147.375
0.00854200031608343,35116.71875,-630170.25,599727.125
0.00854299962520599,35525.328125,-631404.9375,600376.375
0.00854399986565113,35937.20703125,-632687.3125,601089.125
0.00854500010609627,36351.7109375,-634006.0625,601858.8125
0.0085460003465414,36768.203125,-635349.875,602678.3125
0.00854699965566397,37186.09765625,-636707.375,603539.8125
0.0085479998961091,37604.8828125,-638067.375,604435.0625
0.00854900013655424,38024.14453125,-639419.125,605355.5
0.00855000037699938,38443.55859375,-640752.3125,606292.3125
0.00855099968612194,38862.90625,-642057.4375,607236.6875
0.00855199992656708,39282.0625,-643325.6875,608179.6875
0.00855300016701221,39700.984375,-644549.25,609112.5625
0.00855400040745735,40119.67578125,-645721.125,610026.875
0.00855499971657991,40538.1953125,-646835.375,610914.5625
0.00855599995702505,40956.59375,-647886.9375,611767.8125
0.00855700019747019,41374.9375,-648871.8125,612579.5625
0.00855800043791533,41793.25,-649786.875,613343.1875
0.00855899974703789,42211.515625,-650629.9375,614052.6875
0.00855999998748302,42629.6640625,-651399.375,614702.6875
0.00856100022792816,43047.55859375,-652094.6875,615288.5625
0.00856199953705072,43464.99609375,-652715.6875,615806.25
0.00856299977749586,43881.71875,-653263.0625,616252.375
0.008564000017941,44297.38671875,-653737.75,616624.1875
0.00856500025838614,44711.6328125,-654141.4375,616919.5
0.0085659995675087,45124.03125,-654475.9375,617136.875
0.00856699980795383,45534.1328125,-654743.4375,617275.25
0.00856800004839897,45941.48046875,-654946.375,617334.25
0.00856900028884411,46345.609375,-655087.5625,617313.8125
0.00856999959796667,46746.078125,-655169.625,617214.5625
0.00857099983841181,47142.46484375,-655195.625,617037.3125
0.00857200007885695,47534.39453125,-655168.5,616783.375
0.00857300031930208,47921.54296875,-655091.375,616454.4375
0.00857399962842464,48303.64453125,-654967.25,616052.5
0.00857499986886978,48680.50390625,-654799.25,615579.875
0.00857600010931492,49051.9921875,-654590.5,615038.9375
0.00857700034976006,49418.0625,-654344.0625,614432.6875
0.00857799965888262,49778.74609375,-654063,613763.9375
0.00857899989932775,50134.14453125,-653750.25,613035.9375
0.00858000013977289,50484.4375,-653408.9375,612252.0625
0.00858100038021803,50829.8828125,-653041.875,611415.75
0.00858199968934059,51170.796875,-652652,610530.6875
0.00858299992978573,51507.5703125,-652242.125,609600.625
0.00858400017023087,51840.63671875,-651815,608629.3125
0.008585000410676,52170.5,-651373.4375,607620.8125
0.00858599971979856,52497.6875,-650920.0625,606578.9375
0.0085869999602437,52822.78515625,-650457.375,605507.875
0.00858800020068884,53146.390625,-649988.0625,604411.5625
0.00858900044113398,53469.140625,-649514.375,603294.125
0.00858999975025654,53791.66796875,-649038.8125,602159.6875
0.00859099999070168,54114.63671875,-648563.625,601012.1875
0.00859200023114681,54438.69140625,-648091,599855.8125
0.00859299954026937,54764.48046875,-647622.9375,598694.4375
0.00859399978071451,55092.640625,-647161.5625,597532
0.00859500002115965,55423.78515625,-646708.75,596372.4375
0.00859600026160479,55758.5,-646266.25,595219.5
0.00859699957072735,56097.34375,-645835.75,594076.75
0.00859799981117249,56440.8359375,-645418.8125,592947.875
0.00859900005161762,56789.453125,-645016.9375,591836.25
0.00860000029206276,57143.6171875,-644631.5,590745.0625
0.00860099960118532,57503.71484375,-644263.75,589677.5
0.00860199984163046,57870.05859375,-643914.8125,588636.4375
0.0086030000820756,58242.921875,-643585.6875,587624.6875
0.00860400032252073,58620.98828125,-643274.25,586643.3125
0.0086049996316433,58994.61328125,-642960.9375,585684.8125
0.00860599987208843,59336.59375,-642590.125,584724.0625
0.00860700011253357,59608.24609375,-642081.9375,583723.75
0.00860800035297871,59793.609375,-641401.9375,582666.8125
0.00860899966210127,59938.83203125,-640639.4375,581593.125
0.00860999990254641,60151.87890625,-640006.4375,580599.375
0.00861100014299154,60549.77734375,-639733.25,579792.0625
0.00861200038343668,61192.3203125,-639943.25,579232.5625
0.00861299969255924,62051.86328125,-640599.0625,578915.375
0.00861399993300438,63033.13671875,-641541.5,578784.3125
0.00861500017344952,64019.58203125,-642571.4375,578764.8125
0.00861600041389465,64914.921875,-643519,578788.8125
0.00861699972301722,65663.59375,-644276.125,578806.0625
0.00861799996346235,66250.9375,-644798.5,578786
0.00861900020390749,66692.0390625,-645090.1875,578714.75
0.00862000044435263,67018.09375,-645184.75,578590.875
0.00862099975347519,67265.4609375,-645128.5,578419.875
0.00862199999392033,67468.78125,-644968.125,578209.9375
0.00862300023436546,67657.625,-644743.875,577968
0.00862399954348803,67855.1328125,-644486,577698.25
0.00862499978393316,68077.4765625,-644214.4375,577401.9375
0.0086260000243783,68333.84375,-643940.125,577078.4375
0.00862700026482344,68626.8046875,-643666.6875,576727.1875
0.008627999573946,68953.1953125,-643393.875,576349.0625
0.00862899981439114,69305.6015625,-643119.8125,575948
0.00863000005483627,69674.03125,-642844.125,575531.6875
0.00863100029528141,70047.6484375,-642569.4375,575111.6875
0.00863199960440397,70416.2109375,-642302.6875,574703.125
0.00863299984484911,70771.046875,-642055.125,574323.75
0.00863400008529425,71105.6875,-641841.6875,573993
0.00863500032573938,71416.171875,-641679.6875,573730.0625
0.00863599963486195,71701.1015625,-641587.125,573552.6875
0.00863699987530708,71961.5625,-641581.4375,573475.625
0.00863800011575222,72200.953125,-641677.875,573509.5625
0.00863900035619736,72424.5703125,-641888.6875,573660.1875
0.00863999966531992,72639.2265625,-642222.1875,573928.1875
0.00864099990576506,72852.6796875,-642682.375,574309.125
0.00864200014621019,73073.0234375,-643268.9375,574793.9375
0.00864300038665533,73308.1171875,-643977.3125,575369.9375
0.00864399969577789,73564.9921875,-644799.375,576021.5625
0.00864499993622303,73849.4140625,-645723.5,576731.625
0.00864600017666817,74165.5390625,-646735.5625,577481.9375
0.0086470004171133,74515.703125,-647819.6875,578254.75
0.00864799972623587,74900.3828125,-648958.875,579032.9375
0.008648999966681,75318.21875,-650135.75,579801.1875
0.00865000020712614,75766.2421875,-651333.1875,580545.9375
0.00865100044757128,76240.078125,-652535.0625,581256.1875
0.00865199975669384,76734.25,-653726.5,581923.125
0.00865299999713898,77242.546875,-654894.3125,582540.5625
0.00865400023758411,77758.28125,-656027.3125,583104.5625
0.00865499954670668,78274.671875,-657116.25,583613.1875
0.00865599978715181,78785.0546875,-658153.875,584066.5625
0.00865700002759695,79283.171875,-659134.8125,584466.1875
0.00865800026804209,79763.3359375,-660055.5,584814.8125
0.00865899957716465,80220.5625,-660913.9375,585116.0625
0.00865999981760979,80650.6796875,-661709.3125,585374.125
0.00866100005805492,81050.359375,-662441.9375,585593.5625
0.00866200029850006,81417.15625,-663113,585778.875
0.00866299960762262,81749.4453125,-663724.25,585934.5
0.00866399984806776,82046.40625,-664277.9375,586064.6875
0.0086650000885129,82307.9375,-664776.5625,586173
0.00866600032895803,82534.609375,-665222.75,586262.875
0.0086669996380806,82727.5546875,-665619.125,586336.8125
0.00866799987852573,82888.4140625,-665968.4375,586397
0.00866900011897087,83019.21875,-666273.1875,586444.9375
0.00867000035941601,83122.328125,-666535.8125,586481.375
0.00867099966853857,83200.3359375,-666758.5625,586506.75
0.00867199990898371,83255.953125,-666943.4375,586520.9375
0.00867300014942884,83291.9609375,-667092.4375,586523.25
0.00867400038987398,83311.0703125,-667207.3125,586512.9375
0.00867499969899654,83315.859375,-667289.5625,586488.9375
0.00867599993944168,83308.6640625,-667340.6875,586450.1875
0.00867700017988682,83291.484375,-667362.125,586395.5625
0.00867800042033195,83265.953125,-667355.125,586324.3125
0.00867899972945452,83233.265625,-667321.0625,586235.8125
0.00867999996989965,83194.15625,-667261.125,586130
0.00868100021034479,83148.90625,-667176.625,586007.0625
0.00868200045078993,83097.375,-667068.9375,585867.75
0.00868299975991249,83039.0703125,-666939.4375,585713.1875
0.00868400000035763,82973.2421875,-666789.5625,585544.875
0.00868500024080276,82898.953125,-666620.875,585364.6875
0.00868599954992533,82815.2421875,-666434.9375,585174.6875
0.00868699979037046,82721.21875,-666233.5625,584977
0.0086880000308156,82616.203125,-666018.5,584773.875
0.00868900027126074,82499.8359375,-665791.625,584567.375
0.0086899995803833,82372.1875,-665554.8125,584359.3125
0.00869099982082844,82233.8125,-665310,584151.25
0.00869200006127357,82085.8203125,-665059.25,583944.375
0.00869300030171871,81929.8984375,-664804.5,583739.5
0.00869399961084127,81768.3125,-664547.75,583536.875
0.00869499985128641,81603.875,-664291,583336.3125
0.00869600009173155,81439.875,-664036.1875,583137.3125
0.00869700033217669,81280.03125,-663785.1875,582938.9375
0.00869799964129925,81128.3828125,-663539.8125,582739.8125
0.00869899988174438,80989.1796875,-663301.8125,582538.4375
0.00870000012218952,80866.7890625,-663072.875,582333.0625
0.00870100036263466,80765.5703125,-662854.4375,582121.8125
0.00870199967175722,80689.75,-662648.125,581902.9375
0.00870299991220236,80643.3359375,-662455.0625,581674.625
0.0087040001526475,80630.0078125,-662276.625,581435.25
0.00870500039309263,80653.03125,-662113.75,581183.3125
0.00870599970221519,80715.1953125,-661967.4375,580917.625
0.00870699994266033,80818.7265625,-661838.5,580637.4375
0.00870800018310547,80965.265625,-661727.5625,580342.1875
0.00870900042355061,81155.8515625,-661635.25,580031.6875
0.00870999973267317,81390.8828125,-661561.875,579706.1875
0.00871099997311831,81670.140625,-661507.75,579366.1875
0.00871200021356344,81992.8046875,-661473.0625,579012.8125
0.00871300045400858,82357.46875,-661457.875,578647.1875
0.00871399976313114,82762.171875,-661461.9375,578270.9375
0.00871500000357628,83204.4921875,-661485.1875,577886
0.00871600024402142,83681.546875,-661527.3125,577494.375
0.00871699955314398,84190.0703125,-661587.8125,577098.3125
0.00871799979358912,84726.4765625,-661666.25,576700.375
0.00871900003403425,85286.9375,-661762,576302.875
0.00872000027447939,85867.4140625,-661874.375,575908.5625
0.00872099958360195,86463.7578125,-662002.6875,575519.8125
0.00872199982404709,87071.7421875,-662146.0625,575139.25
0.00872300006449223,87687.140625,-662303.6875,574769.25
0.00872400030493736,88305.765625,-662474.5625,574412.125
0.00872499961405993,88923.546875,-662657.875,574070
0.00872599985450506,89536.5390625,-662852.5625,573744.8125
0.0087270000949502,90140.9921875,-663057.5625,573438.375
0.00872800033539534,90733.3828125,-663271.9375,573152.0625
0.0087289996445179,91310.4375,-663494.625,572887.25
0.00872999988496304,91869.1484375,-663724.5625,572644.875
0.00873100012540817,92406.828125,-663960.8125,572425.75
0.00873200036585331,92921.0703125,-664202.1875,572230.25
0.00873299967497587,93409.8125,-664447.875,572058.625
0.00873399991542101,93871.3203125,-664696.75,571910.75
0.00873500015586615,94304.1796875,-664947.875,571786.4375
0.00873600039631128,94707.2890625,-665200.375,571685
0.00873699970543385,95079.8984375,-665453.375,571605.6875
0.00873799994587898,95421.4921875,-665705.8125,571547.4375
0.00873900018632412,95731.6484375,-665956.375,571508.75
0.00874000042676926,96009.8046875,-666202.9375,571487.625
0.00874099973589182,96255.59375,-666443.125,571481.625
0.00874199997633696,96469.671875,-666676.25,571489.125
0.00874300021678209,96654.3828125,-666904.5,571509.4375
0.00874400045722723,96813.25,-667132.125,571542.9375
0.00874499976634979,96949.5390625,-667362.4375,571589.375
0.00874600000679493,97064.9140625,-667595.625,571647.0625
0.00874700024724007,97159.2109375,-667828.1875,571712.9375
0.00874799955636263,97231.1328125,-668054.5625,571782.8125
0.00874899979680777,97279.390625,-668268.6875,571852.3125
0.0087500000372529,97303.7265625,-668466.3125,571917.5625
0.00875100027769804,97305.671875,-668646,571975.75
0.0087519995868206,97288.6875,-668809.9375,572025.6875
0.00875299982726574,97257.7421875,-668963.0625,572067.4375
0.00875400006771088,97218.4140625,-669111.9375,572102
0.00875500030815601,97175.7734375,-669262.25,572130.25
0.00875599961727858,97133.4609375,-669417.4375,572152.125
0.00875699985772371,97093.28125,-669577.5,572166.625
0.00875800009816885,97055.3046875,-669739.5,572171.1875
0.00875900033861399,97018.40625,-669898.25,572162.625
0.00875999964773655,96981.0546875,-670048,572137.25
0.00876099988818169,96942.0390625,-670183.5,572092
0.00876200012862682,96900.9921875,-670301.375,572024.3125
0.00876300036907196,96858.65625,-670400.3125,571932.8125
0.00876399967819452,96816.84375,-670481.0625,571817
0.00876499991863966,96778.1171875,-670545.9375,571676.9375
0.0087660001590848,96745.421875,-670597.875,571513.1875
0.00876700039952993,96721.6484375,-670639.6875,571326.125
0.0087679997086525,96709.21875,-670673.5,571116
0.00876899994909763,96709.8515625,-670700.25,570882.6875
0.00877000018954277,96724.4140625,-670719.75,570625.625
0.00877100042998791,96752.9453125,-670730.625,570344.1875
0.00877199973911047,96794.7421875,-670730.875,570037.75
0.00877299997955561,96848.6015625,-670718.1875,569705.6875
0.00877400022000074,96913.046875,-670690.1875,569347.8125
0.00877500046044588,96986.59375,-670645,568964.3125
0.00877599976956844,97067.9765625,-670581.5625,568555.875
0.00877700001001358,97156.2890625,-670499.5,568123.4375
0.00877800025045872,97251.1328125,-670399.5,567668.5
0.00877899955958128,97352.5859375,-670283,567192.875
0.00877999980002642,97461.171875,-670152.3125,566698.5625
0.00878100004047155,97577.7578125,-670010.3125,566187.9375
0.00878200028091669,97703.3984375,-669860.3125,565663.4375
0.00878299959003925,97839.2109375,-669705.8125,565127.6875
0.00878399983048439,97986.1875,-669550.3125,564583.5625
0.00878500007092953,98145.078125,-669397.25,564033.875
0.00878600031137466,98316.3359375,-669249.75,563481.5625
0.00878699962049723,98500.046875,-669110.625,562929.5625
0.00878799986094236,98695.9375,-668982.25,562380.6875
0.0087890001013875,98903.4296875,-668866.5625,561837.625
0.00879000034183264,99121.7265625,-668764.875,561302.8125
0.0087909996509552,99349.8671875,-668678.25,560778.4375
0.00879199989140034,99586.8984375,-668607.1875,560266.125
0.00879300013184547,99831.9375,-668551.8125,559767.0625
0.00879400037229061,100084.234375,-668511.9375,559282
0.00879499968141317,100343.296875,-668486.9375,558811
0.00879599992185831,100608.84375,-668475.875,558353.625
0.00879700016230345,100880.8515625,-668477.75,557908.75
0.00879800040274858,101159.4921875,-668491,557475.0625
0.00879899971187115,101445.09375,-668514.1875,557050.5625
0.00879999995231628,101738.0546875,-668545.5,556633.25
0.00880100019276142,102038.765625,-668583.0625,556220.875
0.00880200043320656,102347.5390625,-668624.9375,555811.0625
0.00880299974232912,102664.546875,-668669.1875,555401.75
0.00880399998277426,102989.7265625,-668713.6875,554990.9375
0.00880500022321939,103322.796875,-668756.75,554577
0.00880600046366453,103663.1796875,-668796.5,554158.625
0.00880699977278709,104010.0625,-668831.4375,553735.0625
0.00880800001323223,104362.359375,-668860.25,553305.875
0.00880900025367737,104718.765625,-668881.9375,552871.3125
0.00880999956279993,105077.7734375,-668895.8125,552432.0625
0.00881099980324507,105437.7265625,-668901.4375,551989.1875
0.0088120000436902,105796.8046875,-668898.875,551544.25
0.00881300028413534,106153.1171875,-668888.25,551099.1875
0.0088139995932579,106504.6796875,-668870,550656.1875
0.00881499983370304,106849.5078125,-668844.875,550217.75
0.00881600007414818,107185.59375,-668813.9375,549786.75
0.00881700031459332,107511.015625,-668778.375,549366
0.00881799962371588,107823.921875,-668739.625,548958.5625
0.00881899986416101,108122.59375,-668699.25,548567.4375
0.00882000010460615,108405.453125,-668658.6875,548195.5
0.00882100034505129,108671.109375,-668619.3125,547845.125
0.00882199965417385,108918.390625,-668582.375,547518.5
0.00882299989461899,109146.3515625,-668548.9375,547217.4375
0.00882400013506413,109354.3125,-668520,546943.1875
0.00882500037550926,109541.859375,-668496.4375,546696.9375
0.00882599968463182,109708.8984375,-668479.1875,546479.25
0.00882699992507696,109855.640625,-668469.0625,546290.5625
0.0088280001655221,109982.6328125,-668466.8125,546130.5625
0.00882900040596724,110090.75,-668472.8125,545998.5
0.0088299997150898,110181.171875,-668487.375,545893.125
0.00883099995553493,110255.3515625,-668510.4375,545812.5
0.00883200019598007,110314.9453125,-668541.6875,545754.375
0.00883300043642521,110361.7734375,-668580.875,545716.25
0.00883399974554777,110397.7421875,-668627.5625,545695.4375
0.00883499998599291,110424.8203125,-668681.375,545689.1875
0.00883600022643805,110444.96875,-668741.875,545694.8125
0.00883699953556061,110460.140625,-668808.8125,545709.6875
0.00883799977600574,110472.203125,-668881.75,545731.25
0.00883900001645088,110482.9765625,-668960.3125,545757.0625
0.00884000025689602,110494.140625,-669044,545784.6875
0.00884099956601858,110507.2265625,-669132.25,545811.9375
0.00884199980646372,110523.578125,-669224.625,545836.75
0.00884300004690886,110544.3203125,-669320.4375,545857.4375
0.00884400028735399,110570.359375,-669419.1875,545872.5
0.00884499959647655,110602.3359375,-669520.4375,545880.875
0.00884599983692169,110640.65625,-669623.75,545881.9375
0.00884700007736683,110685.5078125,-669728.8125,545875.4375
0.00884800031781197,110736.8828125,-669835.5,545861.3125
0.00884899962693453,110794.6171875,-669943.625,545839.9375
0.00884999986737967,110858.421875,-670053.1875,545812
0.0088510001078248,110927.9296875,-670164.1875,545778.1875
0.00885200034826994,111002.7109375,-670276.75,545739.4375
0.0088529996573925,111082.328125,-670390.875,545696.875
0.00885399989783764,111166.3359375,-670506.875,545651.5
0.00885500013828278,111254.2890625,-670624.875,545604.5
0.00885600037872791,111345.7890625,-670745.125,545557.0625
0.00885699968785048,111440.453125,-670868,545510.375
0.00885799992829561,111537.96875,-670993.75,545465.625
0.00885900016874075,111638.0390625,-671122.8125,545423.875
0.00886000040918589,111740.453125,-671255.5625,545386.25
0.00886099971830845,111845.03125,-671392.3125,545353.6875
0.00886199995875359,111951.6328125,-671533.5625,545327.0625
0.00886300019919872,112060.1796875,-671679.5625,545307.1875
0.00886400043964386,112170.59375,-671830.625,545294.5625
0.00886499974876642,112282.8359375,-671986.875,545289.75
0.00886599998921156,112396.8359375,-672148.5625,545293.0625
0.0088670002296567,112512.484375,-672315.5625,545304.625
0.00886799953877926,112629.640625,-672487.8125,545324.6875
0.0088689997792244,112748.0703125,-672665.125,545353.0625
0.00887000001966953,112867.4609375,-672847.25,545389.875
0.00887100026011467,112987.3984375,-673033.75,545434.875
0.00887199956923723,113107.3515625,-673224.1875,545487.9375
0.00887299980968237,113226.7265625,-673417.875,545548.8125
0.00887400005012751,113344.8046875,-673614.375,545617.375
0.00887500029057264,113460.84375,-673812.875,545693.375
0.00887599959969521,113574.046875,-674012.875,545776.4375
0.00887699984014034,113683.6171875,-674213.5625,545866.4375
0.00887800008058548,113788.796875,-674414.3125,545963
0.00887900032103062,113888.875,-674614.5625,546065.6875
0.00887999963015318,113983.234375,-674813.6875,546174.125
0.00888099987059832,114071.359375,-675011,546287.75
0.00888200011104345,114152.8984375,-675206.0625,546405.9375
0.00888300035148859,114227.6640625,-675398.375,546528
0.00888399966061115,114295.6640625,-675587.5,546653.125
0.00888499990105629,114357.1328125,-675773.3125,546780.4375
0.00888600014150143,114412.53125,-675955.5,546909
0.00888700038194656,114462.5234375,-676134.0625,547037.6875
0.00888799969106913,114508,-676309,547165.4375
0.00888899993151426,114550.03125,-676480.375,547291
0.0088900001719594,114589.859375,-676648.25,547413.125
0.00889100041240454,114628.859375,-676812.75,547530.4375
0.0088919997215271,114668.5625,-676974.0625,547641.5625
0.00889299996197224,114710.59375,-677132.3125,547744.9375
0.00889400020241737,114756.6796875,-677287.75,547839.3125
0.00889500044286251,114808.6171875,-677440.6875,547923.1875
0.00889599975198507,114868.25,-677591.375,547995.1875
0.00889699999243021,114937.3984375,-677740.25,548054.125
0.00889800023287535,115017.875,-677887.5625,548098.8125
0.00889899954199791,115111.359375,-678033.75,548128.0625
0.00889999978244305,115219.4375,-678178.9375,548140.875
0.00890100002288818,115343.4921875,-678323.375,548136.4375
0.00890200026333332,115484.7265625,-678467.1875,548113.875
0.00890299957245588,115644.140625,-678610.3125,548072.6875
0.00890399981290102,115822.5,-678752.75,548012.25
0.00890500005334616,116020.3671875,-678894.375,547932.3125
0.00890600029379129,116238.09375,-679035.1875,547832.75
0.00890699960291386,116475.8046875,-679175.125,547713.5625
0.00890799984335899,116733.4453125,-679313.9375,547575
0.00890900008380413,117010.7421875,-679451.6875,547417.375
0.00891000032424927,117307.21875,-679588.1875,547241.375
0.00891099963337183,117622.203125,-679723.375,547047.5
0.00891199987381697,117954.8515625,-679856.9375,546836.625
0.0089130001142621,118304.125,-679988.8125,546609.5
0.00891400035470724,118668.84375,-680118.625,546367.1875
0.0089149996638298,119047.6953125,-680246.1875,546110.5625
0.00891599990427494,119439.265625,-680371.125,545840.8125
0.00891700014472008,119842.0859375,-680493.1875,545558.9375
0.00891800038516521,120254.640625,-680612.125,545266.125
0.00891899969428778,120675.3828125,-680727.75,544963.5
0.00891999993473291,121102.828125,-680839.875,544652.3125
0.00892100017517805,121535.4765625,-680948.25,544333.5625
0.00892200041562319,121971.9140625,-681052.875,544008.5
0.00892299972474575,122410.7890625,-681153.625,543678.1875
0.00892399996519089,122850.796875,-681250.5,543343.5625
0.00892500020563602,123290.734375,-681343.375,543005.75
0.00892600044608116,123729.4765625,-681432.3125,542665.5625
0.00892699975520372,124165.9921875,-681517.1875,542323.9375
0.00892799999564886,124599.3359375,-681598.125,541981.5625
0.008929000236094,125028.671875,-681675.125,541639.25
0.00892999954521656,125453.2578125,-681748.1875,541297.5625
0.0089309997856617,125872.46875,-681817.4375,540957.25
0.00893200002610683,126285.796875,-681882.9375,540618.6875
0.00893300026655197,126692.8359375,-681944.8125,540282.4375
0.00893399957567453,127093.2890625,-682003.25,539948.875
0.00893499981611967,127486.96875,-682058.5,539618.375
0.00893600005656481,127873.7734375,-682110.625,539291.1875
0.00893700029700994,128253.65625,-682159.9375,538967.625
0.00893799960613251,128626.5,-682206.3125,538647.625
0.00893899984657764,128991.9375,-682248.875,538330.9375
0.00894000008702278,129349.390625,-682286.5625,538016.9375
0.00894100032746792,129698.34375,-682318.4375,537705.3125
0.00894199963659048,130038.9609375,-682345.375,537396.875
0.00894299987703562,130372.4375,-682371,537093.875
0.00894400011748075,130700.78125,-682400.6875,536799.5
0.00894500035792589,131026.015625,-682439.0625,536516.25
0.00894599966704845,131349.515625,-682487.0625,536243.75
0.00894699990749359,131671.71875,-682541.3125,535978.5
0.00894800014793873,131992.359375,-682595.5625,535714.625
0.00894900038838387,132311.015625,-682643.875,535446.9375
0.00894999969750643,132627.546875,-682683.8125,535173.25
0.00895099993795156,132942.34375,-682718.25,534895.625
0.0089520001783967,133256.4375,-682754,534619.6875
0.00895300041884184,133571.171875,-682799.5,534352.1875
0.0089539997279644,133888,-682861.375,534097.8125
0.00895499996840954,134208.1875,-682942.0625,533857.875
0.00895600020885468,134532.46875,-683039.3125,533629.375
0.00895700044929981,134860.96875,-683147.0625,533406.375
0.00895799975842237,135193.046875,-683257.6875,533182.125
0.00895899999886751,135527.296875,-683364.0625,532951.125
0.00896000023931265,135861.53125,-683461.0625,532710.3125
0.00896099954843521,136192.9375,-683546.125,532459.9375
0.00896199978888035,136518.265625,-683619.0625,532202.8125
0.00896300002932549,136834.0625,-683681.0625,531943.3125
0.00896400026977062,137136.875,-683733.8125,531686.3125
0.00896499957889318,137423.640625,-683778.6875,531436
0.00896599981933832,137691.859375,-683816.1875,531195.25
0.00896700005978346,137939.78125,-683846.0625,530965.375
0.0089680003002286,138166.640625,-683867.25,530746
0.00896899960935116,138372.578125,-683878.375,530535.5625
0.0089699998497963,138558.6875,-683878.25,530331.8125
0.00897100009024143,138726.890625,-683866.4375,530132.125
0.00897200033068657,138879.859375,-683843.3125,529934.3125
0.00897299963980913,139020.84375,-683810.5625,529736.6875
0.00897399988025427,139153.59375,-683771.0625,529538.25
0.00897500012069941,139282.203125,-683728.6875,529338.75
0.00897600036114454,139411.015625,-683688.25,529138.5
0.00897699967026711,139544.484375,-683654.8125,528938.3125
0.00897799991071224,139687.015625,-683633.75,528739.0625
0.00897900015115738,139842.890625,-683630.0625,528541.4375
0.00898000039160252,140016.0625,-683648,528345.9375
0.00898099970072508,140210.015625,-683691,528152.6875
0.00898199994117022,140427.546875,-683761.25,527961.375
0.00898300018161535,140670.734375,-683860,527771.375
0.00898400042206049,140940.640625,-683986.9375,527581.875
0.00898499973118305,141237.40625,-684140.9375,527392
0.00898599997162819,141560,-684319.75,527200.9375
0.00898700021207333,141906.359375,-684520.375,527008.1875
0.00898800045251846,142273.328125,-684739.1875,526813.8125
0.00898899976164103,142656.796875,-684972.1875,526618.1875
0.00899000000208616,143051.828125,-685215.0625,526422.3125
0.0089910002425313,143452.828125,-685463.5,526227.75
0.00899199955165386,143853.84375,-685713.3125,526036.3125
0.008992999792099,144248.734375,-685960.4375,525850.125
0.00899400003254414,144631.515625,-686201.0625,525671.4375
0.00899500027298927,144996.578125,-686431.75,525502.3125
0.00899599958211184,145338.9375,-686649.5625,525344.5
0.00899699982255697,145654.484375,-686851.8125,525199.4375
0.00899800006300211,145940.0625,-687036.4375,525067.875
0.00899900030344725,146193.65625,-687201.875,524949.9375
0.00899999961256981,146414.359375,-687346.9375,524845.3125
0.00900099985301495,146602.375,-687471.1875,524752.875
0.00900200009346008,146758.96875,-687574.5,524671.125
0.00900300033390522,146886.28125,-687657.375,524598.1875
0.00900399964302778,146987.25,-687720.625,524531.8125
0.00900499988347292,147065.3125,-687765.625,524469.8125
0.00900600012391806,147124.359375,-687794.125,524409.875
0.00900700036436319,147168.453125,-687808,524349.875
0.00900799967348576,147201.703125,-687809.4375,524288
0.00900899991393089,147228.078125,-687800.6875,524222.65625
0.00901000015437603,147251.296875,-687784.125,524152.6875
0.00901100039482117,147274.75,-687762.0625,524077.3125
0.00901199970394373,147301.390625,-687736.6875,523996.125
0.00901299994438887,147333.703125,-687710,523909.0625
0.009014000184834,147373.65625,-687683.875,523816.46875
0.00901500042527914,147422.703125,-687659.875,523718.96875
0.0090159997344017,147481.8125,-687639.375,523617.40625
0.00901699997484684,147551.484375,-687623.4375,523512.84375
0.00901800021529198,147631.796875,-687612.875,523406.5625
0.00901900045573711,147722.46875,-687608.3125,523299.8125
0.00901999976485968,147822.921875,-687610.125,523194
0.00902100000530481,147932.375,-687618.5,523090.40625
0.00902200024574995,148049.859375,-687633.5,522990.28125
0.00902299955487251,148174.421875,-687655.1875,522894.78125
0.00902399979531765,148305.078125,-687683.375,522804.75
0.00902500003576279,148441.015625,-687718,522720.9375
0.00902600027620792,148581.515625,-687758.875,522643.6875
0.00902699958533049,148726.171875,-687805.875,522573.15625
0.00902799982577562,148874.796875,-687859,522509.09375
0.00902900006622076,149027.5625,-687918.125,522450.875
0.0090300003066659,149184.921875,-687983.25,522397.6875
0.00903099961578846,149347.671875,-688054.5,522348.21875
0.0090319998562336,149516.90625,-688131.9375,522300.96875
0.00903300009667873,149693.953125,-688215.625,522254.1875
0.00903400033712387,149880.421875,-688305.8125,522205.875
0.00903499964624643,150078.015625,-688402.6875,522153.90625
0.00903599988669157,150288.59375,-688506.3125,522096.09375
0.00903700012713671,150514.03125,-688617,522030.15625
0.00903800036758184,150756.140625,-688734.75,521953.96875
0.00903899967670441,151016.671875,-688859.8125,521865.40625
0.00903999991714954,151297.171875,-688992.1875,521762.59375
0.00904100015759468,151598.96875,-689131.8125,521643.8125
0.00904200039803982,151923.15625,-689278.75,521507.65625
0.00904299970716238,152270.46875,-689432.875,521353
0.00904399994760752,152641.3125,-689593.9375,521179.0625
0.00904500018805265,153035.734375,-689761.6875,520985.40625
0.00904600042849779,153453.40625,-689935.875,520771.9375
0.00904699973762035,153893.671875,-690116.0625,520538.9375
0.00904799997806549,154355.4375,-690301.875,520287
0.00904900021851063,154837.375,-690492.75,520017.0625
0.00905000045895576,155337.78125,-690688.1875,519730.34375
0.00905099976807833,155854.71875,-690887.5625,519428.34375
0.00905200000852346,156385.96875,-691090.25,519112.78125
0.0090530002489686,156929.203125,-691295.6875,518785.53125
0.00905399955809116,157481.890625,-691503.0625,518448.6875
0.0090549997985363,158041.421875,-691711.875,518104.375
0.00905600003898144,158605.140625,-691921.375,517754.8125
0.00905700027942657,159170.390625,-692130.8125,517402.25
0.00905799958854914,159734.53125,-692339.5625,517048.84375
0.00905899982899427,160295.03125,-692547.0625,516696.78125
0.00906000006943941,160849.453125,-692752.5,516348.125
0.00906100030988455,161395.53125,-692955.375,516004.8125
0.00906199961900711,161931.15625,-693155.125,515668.625
0.00906299985945225,162454.4375,-693351.0625,515341.1875
0.00906400009989738,162963.6875,-693542.75,515023.9375
0.00906500034034252,163457.453125,-693729.625,514718.09375
0.00906599964946508,163934.578125,-693911.3125,514424.6875
0.00906699988991022,164394.078125,-694087.3125,514144.53125
0.00906800013035536,164835.28125,-694257.3125,513878.21875
0.0090690003708005,165257.75,-694420.875,513626.125
0.00906999967992306,165661.0625,-694577.3125,513388.1875
0.00907099992036819,166043.5,-694722.625,513162.625
0.00907200016081333,166398.25,-694841.9375,512942.1875
0.00907300040125847,166709.5,-694901.625,512710.3125
0.00907399971038103,166955.25,-694855.625,512444.53125
0.00907499995082617,167122.546875,-694678.25,512132.8125
0.00907600019127131,167227.8125,-694408.0625,511795.40625
0.00907700043171644,167324.625,-694163.625,511492.875
0.009077999740839,167487.203125,-694105.3125,511306
0.00907899998128414,167778.265625,-694360.9375,511296.75
0.00908000022172928,168222.890625,-694964.375,511474.8125
0.00908100046217442,168802.84375,-695842.75,511790.375
0.00908199977129698,169469.734375,-696851.5,512154.1875
0.00908300001174212,170164.859375,-697828.5625,512469.53125
0.00908400025218725,170834.796875,-698639.375,512659.65625
0.00908499956130981,171439.046875,-699199.0625,512682.0625
0.00908599980175495,171950.96875,-699474.3125,512529.5
0.00908700004220009,172355.3125,-699473.6875,512223.53125
0.00908800028264523,172644.796875,-699233.5625,511804.5625
0.00908899959176779,172817.453125,-698804.875,511322.09375
0.00908999983221292,172875.484375,-698242.6875,510825.75
0.00909100007265806,172825.390625,-697598.9375,510358.28125
0.0090920003131032,172678.640625,-696917.8125,509950.25
0.00909299962222576,172452.21875,-696233.5625,509617.59375
0.0090939998626709,172168.171875,-695570.0625,509361.40625
0.00909500010311604,171852.296875,-694942,509170.375
0.00909600034356117,171532.1875,-694356.875,509024.40625
0.00909699965268373,171235.140625,-693817.5,508899.40625
0.00909799989312887,170986.421875,-693324.8125,508771.25
0.00909900013357401,170808.078125,-692880.125,508619.53125
0.00910000037401915,170718.140625,-692486.75,508429.6875
0.00910099968314171,170730.453125,-692150.9375,508193.875
0.00910199992358685,170854.609375,-691881.5,507911.125
0.00910300016403198,171096.109375,-691688.9375,507586.15625
0.00910400040447712,171456.421875,-691584.4375,507228.1875
0.00910499971359968,171933.25,-691577.875,506849.1875
0.00910599995404482,172520.640625,-691676.6875,506462.40625
0.00910700019448996,173209.3125,-691884.5,506080.90625
0.00910800043493509,173987.03125,-692200.4375,505716.5
0.00910899974405766,174839.0625,-692618.6875,505378.96875
0.00910999998450279,175748.875,-693128.8125,505075.4375
0.00911100022494793,176698.84375,-693716.3125,504810.15625
0.00911200046539307,177671.078125,-694363.5625,504584.59375
0.00911299977451563,178648.15625,-695050.75,504397.53125
0.00911400001496077,179613.796875,-695757.3125,504245.5
0.0091150002554059,180553.484375,-696462.9375,504123.1875
0.00911599956452847,181454.796875,-697148.4375,504024.0625
0.0091169998049736,182307.671875,-697796.875,503940.96875
0.00911800004541874,183104.40625,-698393.875,503866.46875
0.00911900028586388,183839.671875,-698927.875,503793.59375
0.00911999959498644,184510.21875,-699390.5625,503716
0.00912099983543158,185114.71875,-699776.5,503628.34375
0.00912200007587671,185653.40625,-700083.125,503526.40625
0.00912300031632185,186127.828125,-700310.0625,503407.09375
0.00912399962544441,186540.53125,-700459.0625,503268.53125
0.00912499986588955,186894.890625,-700533.625,503109.78125
0.00912600010633469,187194.796875,-700538.125,502930.84375
0.00912700034677982,187444.546875,-700478.0625,502732.34375
0.00912799965590239,187648.703125,-700359.375,502515.4375
0.00912899989634752,187811.9375,-700188.0625,502281.625
0.00913000013679266,187938.953125,-699970.375,502032.6875
0.0091310003772378,188034.4375,-699712.375,501770.46875
0.00913199968636036,188102.9375,-699419.8125,501496.84375
0.0091329999268055,188148.8125,-699098.1875,501213.71875
0.00913400016725063,188176.28125,-698752.625,500922.9375
0.00913500040769577,188189.28125,-698387.8125,500626.34375
0.00913599971681833,188191.515625,-698008.125,500325.59375
0.00913699995726347,188186.453125,-697617.625,500022.40625
0.00913800019770861,188177.28125,-697220.0625,499718.3125
0.00913900043815374,188167.015625,-696818.875,499414.78125
0.00913999974727631,188158.4375,-696417.1875,499113.125
0.00914099998772144,188154.140625,-696018.0625,498814.59375
0.00914200022816658,188156.578125,-695624.25,498520.15625
0.00914299953728914,188168.109375,-695238.4375,498230.78125
0.00914399977773428,188190.953125,-694863.1875,497947.0625
0.00914500001817942,188227.21875,-694500.875,497669.5625
0.00914600025862455,188278.953125,-694153.9375,497398.5625
0.00914699956774712,188348.078125,-693824.5625,497134.3125
0.00914799980819225,188436.359375,-693514.9375,496876.78125
0.00914900004863739,188545.453125,-693227.125,496626.03125
0.00915000028908253,188676.734375,-692963.1875,496382
0.00915099959820509,188831.40625,-692725.0625,496144.625
0.00915199983865023,189010.3125,-692514.375,495914.03125
0.00915300007909536,189214.03125,-692332.875,495690.3125
0.0091540003195405,189442.734375,-692182,495473.84375
0.00915499962866306,189696.234375,-692063,495265.09375
0.0091559998691082,189974,-691977,495064.75
0.00915700010955334,190275.078125,-691924.75,494873.59375
0.00915800034999847,190598.234375,-691906.875,494692.625
0.00915899965912104,190941.90625,-691923.6875,494522.90625
0.00915999989956617,191304.28125,-691975.25,494365.53125
0.00916100014001131,191683.421875,-692061.25,494221.6875
0.00916200038045645,192077.25,-692181.3125,494092.34375
0.00916299968957901,192483.65625,-692334.5,493978.46875
0.00916399993002415,192900.578125,-692519.875,493880.78125
0.00916500017046928,193326.0625,-692736.0625,493799.78125
0.00916600041091442,193758.28125,-692981.5625,493735.6875
0.00916699972003698,194195.625,-693254.6875,493688.46875
0.00916799996048212,194636.75,-693553.5625,493657.71875
0.00916900020092726,195080.53125,-693876.125,493642.75
0.00917000044137239,195526.109375,-694220.25,493642.5625
0.00917099975049496,195972.890625,-694583.6875,493655.875
0.00917199999094009,196420.515625,-694964.25,493681.21875
0.00917300023138523,196868.828125,-695359.5,493716.84375
0.00917399954050779,197317.875,-695767.25,493760.96875
0.00917499978095293,197767.8125,-696185.125,493811.59375
0.00917600002139807,198218.90625,-696611,493866.78125
0.0091770002618432,198671.46875,-697042.5625,493924.5625
0.00917799957096577,199125.84375,-697477.8125,493983.03125
0.0091789998114109,199582.328125,-697914.75,494040.40625
0.00918000005185604,200041.15625,-698351.375,494095.03125
0.00918100029230118,200502.484375,-698785.9375,494145.46875
0.00918199960142374,200966.328125,-699216.75,494190.46875
0.00918299984186888,201432.609375,-699642.125,494228.9375
0.00918400008231401,201901.046875,-700060.625,494260.0625
0.00918500032275915,202371.28125,-700470.9375,494283.3125
0.00918599963188171,202842.75,-700871.75,494298.21875
0.00918699987232685,203314.78125,-701261.875,494304.6875
0.00918800011277199,203786.5625,-701640.375,494302.71875
0.00918900035321712,204257.203125,-702006.25,494292.5
0.00918999966233969,204725.65625,-702358.625,494274.3125
0.00919099990278482,205190.875,-702696.8125,494248.625
0.00919200014322996,205651.71875,-703020.125,494215.96875
0.0091930003836751,206107.0625,-703328,494176.875
0.00919399969279766,206555.765625,-703619.875,494131.9375
0.0091949999332428,206996.71875,-703895.5,494081.75
0.00919600017368793,207428.875,-704154.4375,494026.875
0.00919700041413307,207851.203125,-704396.4375,493967.8125
0.00919799972325563,208262.859375,-704621.375,493904.9375
0.00919899996370077,208663.015625,-704829.0625,493838.59375
0.00920000020414591,209051,-705019.5,493769
0.00920100044459105,209426.296875,-705192.75,493696.25
0.00920199975371361,209788.5,-705348.8125,493620.28125
0.00920299999415874,210137.359375,-705487.8125,493540.9375
0.00920400023460388,210473.359375,-705611.3125,493458.5
0.00920499954372644,210801.453125,-705729.625,493377.46875
0.00920599978417158,211139.796875,-705880.1875,493315.15625
0.00920700002461672,211526.34375,-706141.3125,493308.6875
0.00920800026506186,212005.8125,-706605.3125,493402.40625
0.00920899957418442,212589.578125,-707297.125,493609.46875
0.00920999981462955,213214.328125,-708090.4375,493872.0625
0.00921100005507469,213742.328125,-708708.6875,494061.03125
0.00921200029551983,214018.1875,-708838.25,494027.5
0.00921299960464239,213948.015625,-708283.9375,493673.65625
0.00921399984508753,213547.640625,-707061.9375,492994.8125
0.00921500008553267,212933.34375,-705381.5,492072.34375
0.0092160003259778,212270.125,-703548.1875,491033.3125
0.00921699963510036,211712.1875,-701855.5625,490005.8125
0.0092179998755455,211363.65625,-700514.375,489090.125
0.00921900011599064,211267.359375,-699631.625,488348.75
0.00922000035643578,211415.515625,-699224.875,487809.34375
0.00922099966555834,211770.171875,-699252.5,487472.40625
0.00922199990600348,212283.296875,-699642.6875,487319.3125
0.00922300014644861,212911.03125,-700315.375,487318.6875
0.00922400038689375,213620.34375,-701194.3125,487431.65625
0.00922499969601631,214389.640625,-702212.375,487616.1875
0.00922599993646145,215205.578125,-703312.75,487831.59375
0.00922700017690659,216058.796875,-704448.5,488042.375
0.00922800041735172,216940,-705581.125,488220.96875
0.00922899972647429,217837.53125,-706679.75,488349.1875
0.00922999996691942,218736.421875,-707719.3125,488417.625
0.00923100020736456,219618.75,-708679.1875,488424.0625
0.0092320004478097,220464.578125,-709541.3125,488370.625
0.00923299975693226,221253.421875,-710288.875,488261.3125
0.0092339999973774,221965.828125,-710905.75,488099.53125
0.00923500023782253,222584.703125,-711376.3125,487886.84375
0.0092359995469451,223096.671875,-711685.9375,487622.15625
0.00923699978739023,223492.859375,-711822.375,487301.9375
0.00923800002783537,223769.59375,-711776.6875,486920.8125
0.00923900026828051,223928.40625,-711544.4375,486472.53125
0.00923999957740307,223975.875,-711126.125,485950.875
0.00924099981784821,223922.984375,-710527.8125,485350.5
0.00924200005829334,223784.359375,-709760.5,484667.65625
0.00924300029873848,223577.140625,-708839.6875,483900.625
0.00924399960786104,223320.203125,-707784.875,483049.84375
0.00924499984830618,223033.03125,-706618.375,482118.125
0.00924600008875132,222735.109375,-705364.5,481110.4375
0.00924700032919645,222445.109375,-704048.9375,480033.6875
0.00924799963831902,222180.5,-702697.8125,478896.65625
0.00924899987876415,221957.0625,-701337.0625,477709.375
0.00925000011920929,221788.625,-699991.6875,476483.03125
0.00925100035965443,221686.859375,-698685.4375,475229.5625
0.00925199966877699,221661.125,-697440.3125,473961.25
0.00925299990922213,221718.375,-696275.875,472690.46875
0.00925400014966726,221863.234375,-695209.4375,471429.4375
0.0092550003901124,222097.984375,-694255.4375,470189.9375
0.00925599969923496,222422.734375,-693425.5,468983.15625
0.0092569999396801,222835.671875,-692728.6875,467819.46875
0.00925800018012524,223333.234375,-692171.25,466708.53125
0.00925900042057037,223910.453125,-691756.9375,465659
0.00925999972969294,224561.171875,-691487.5,464678.5625
0.00926099997013807,225278.421875,-691362.4375,463774.0625
0.00926200021058321,226054.625,-691379.6875,462951.28125
0.00926300045102835,226881.828125,-691535.8125,462215.1875
0.00926399976015091,227752,-691826,461569.75
0.00926500000059605,228657.109375,-692244.625,461018.09375
0.00926600024104118,229589.34375,-692785.0625,460562.46875
0.00926699955016375,230541.09375,-693440.125,460204.25
0.00926799979060888,231505.171875,-694201.8125,459943.9375
0.00926900003105402,232474.703125,-695061.75,459781.125
0.00927000027149916,233443.234375,-696010.875,459714.5625
0.00927099958062172,234404.703125,-697039.8125,459742.0625
0.00927199982106686,235353.4375,-698138.5625,459860.625
0.00927300006151199,236284.109375,-699296.75,460066.3125
0.00927400030195713,237191.796875,-700503.5,460354.375
0.00927499961107969,238071.84375,-701747.8125,460719.3125
0.00927599985152483,238919.96875,-703018.3125,461154.875
0.00927700009196997,239732.21875,-704303.4375,461654.09375
0.0092780003324151,240504.921875,-705591.75,462209.625
0.00927899964153767,241234.796875,-706871.875,462813.5
0.0092799998819828,241918.890625,-708132.625,463457.5625
0.00928100012242794,242554.640625,-709363.375,464133.40625
0.00928200036287308,243139.875,-710554,464832.5
0.00928299967199564,243672.90625,-711695,465546.34375
0.00928399991244078,244152.453125,-712777.9375,466266.625
0.00928500015288591,244577.765625,-713794.9375,466985.15625
0.00928600039333105,244948.609375,-714739.5,467694.125
0.00928699970245361,245265.234375,-715605.8125,468386.03125
0.00928799994289875,245528.484375,-716389.375,469053.8125
0.00928900018334389,245739.671875,-717086.6875,469690.84375
0.00929000042378902,245900.625,-717695.25,470291
0.00929099973291159,246013.671875,-718213.6875,470848.75
0.00929199997335672,246081.5,-718641.375,471359
0.00929300021380186,246107.21875,-718978.75,471817.3125
0.009294000454247,246094.234375,-719227,472219.75
0.00929499976336956,246046.171875,-719387.9375,472563.03125
0.0092960000038147,245966.84375,-719464.0625,472844.4375
0.00929700024425983,245860.09375,-719458.375,473061.9375
0.0092979995533824,245729.828125,-719374.4375,473214
0.00929899979382753,245579.859375,-719216,473299.84375
0.00930000003427267,245413.921875,-718987.375,473319.1875
0.00930100027471781,245235.515625,-718692.8125,473272.4375
0.00930199958384037,245047.953125,-718337,473160.5625
0.00930299982428551,244854.328125,-717924.625,472985.15625
0.00930400006473064,244657.40625,-717460.5625,472748.28125
0.00930500030517578,244459.703125,-716949.6875,472452.5625
0.00930599961429834,244263.46875,-716396.875,472101.0625
0.00930699985474348,244070.6875,-715807.0625,471697.25
0.00930800009518862,243883.078125,-715185.125,471244.96875
0.00930900033563375,243702.140625,-714536,470748.34375
0.00930999964475632,243529.21875,-713864.5,470211.8125
0.00931099988520145,243365.4375,-713175.375,469639.875
0.00931200012564659,243211.859375,-712473.25,469037.25
0.00931300036609173,243069.40625,-711762.8125,468408.65625
0.00931399967521429,242938.96875,-711048.375,467758.8125
0.00931499991565943,242821.375,-710334.4375,467092.40625
0.00931600015610456,242717.46875,-709625.1875,466414.03125
0.0093170003965497,242628.046875,-708924.75,465728.0625
0.00931799970567226,242554,-708236.9375,465038.84375
0.0093189999461174,242496.171875,-707565.625,464350.3125
0.00932000018656254,242455.46875,-706914.3125,463666.3125
0.00932100042700768,242432.84375,-706286.5,462990.375
0.00932199973613024,242429.203125,-705685.25,462325.75
0.00932299997657537,242445.546875,-705113.5625,461675.40625
0.00932400021702051,242482.8125,-704574.25,461042.03125
0.00932500045746565,242541.921875,-704069.8125,460428.03125
0.00932599976658821,242623.796875,-703602.5,459835.5
0.00932700000703335,242729.28125,-703174.375,459266.3125
0.00932800024747849,242859.109375,-702787.25,458722.03125
0.00932899955660105,243014,-702442.6875,458203.96875
0.00932999979704618,243194.484375,-702141.9375,457713.21875
0.00933100003749132,243401.03125,-701886.0625,457250.59375
0.00933200027793646,243633.90625,-701675.875,456816.75
0.00933299958705902,243893.265625,-701511.9375,456412.125
0.00933399982750416,244179.09375,-701394.625,456037
0.0093350000679493,244491.171875,-701324,455691.4375
0.00933600030839443,244829.15625,-701299.875,455375.375
0.00933699961751699,245192.484375,-701322,455088.59375
0.00933799985796213,245580.515625,-701389.9375,454830.90625
0.00933900009840727,245993.078125,-701504.5,454602.5625
0.00934000033885241,246431.515625,-701669.625,454405.4375
0.00934099964797497,246899.0625,-701893.5625,454243.375
0.0093419998884201,247398.46875,-702183.6875,454120.0625
0.00934300012886524,247926.90625,-702536.5,454034.09375
0.00934400036931038,248472.53125,-702930.5,453975.875
0.00934499967843294,249017.0625,-703331.75,453929.78125
0.00934599991887808,249544.109375,-703709.375,453881.3125
0.00934700015932322,250047.4375,-704051.375,453823.75
0.00934800039976835,250533.875,-704369.75,453760.4375
0.00934899970889091,251019.53125,-704693.75,453702.0625
0.00934999994933605,251522.59375,-705057,453661.875
0.00935100018978119,252056.5625,-705486.125,453651.15625
0.00935200043022633,252626.171875,-705993.4375,453676.375
0.00935299973934889,253226.84375,-706575.0625,453737.9375
0.00935399997979403,253846.671875,-707214.0625,453830.71875
0.00935500022023916,254470.0625,-707885.6875,453946.125
0.0093560004606843,255081.53125,-708564.625,454074.40625
0.00935699976980686,255668.875,-709230.5,454207.5625
0.009358000010252,256224.96875,-709871.6875,454340.78125
0.00935900025069714,256748.109375,-710486.125,454473.125
0.0093599995598197,257241.234375,-711080,454607.0625
0.00936099980026484,257710.546875,-711665,454747.15625
0.00936200004070997,258163.796875,-712255,454898.90625
0.00936300028115511,258608.8125,-712863.25,455067.21875
0.00936399959027767,259052.21875,-713500.3125,455255.65625
0.00936499983072281,259498.640625,-714172.3125,455465.90625
0.00936600007116795,259950.234375,-714880.8125,455697.625
0.00936700031161308,260406.609375,-715622.75,455948.59375
0.00936799962073565,260865.0625,-716390.8125,456215.125
0.00936899986118078,261321.078125,-717174.875,456492.3125
0.00937000010162592,261768.96875,-717962.5,456774.4375
0.00937100034207106,262202.5625,-718740.5625,457055.3125
0.00937199965119362,262615.875,-719495.8125,457328.59375
0.00937299989163876,263003.71875,-720215.8125,457587.90625
0.00937400013208389,263362,-720889.625,457827
0.00937500037252903,263688.125,-721507.9375,458040
0.00937599968165159,263980.84375,-722063.5625,458221.4375
0.00937699992209673,264240.40625,-722551.1875,458366.375
0.00937800016254187,264468.15625,-722967.5625,458470.53125
0.009379000402987,264666.40625,-723311.125,458530.5
0.00937999971210957,264838,-723581.9375,458543.75
0.0093809999525547,264986.0625,-723781.4375,458508.8125
0.00938200019299984,265113.71875,-723912.4375,458425.46875
0.00938300043344498,265223.8125,-723978.5625,458294.59375
0.00938399974256754,265318.84375,-723984.3125,458118.40625
0.00938499998301268,265400.71875,-723935,457900.25
0.00938600022345781,265470.90625,-723836.3125,457644.5
0.00938700046390295,265530.34375,-723694.5,457356.40625
0.00938799977302551,265579.6875,-723516,457041.9375
0.00938900001347065,265619.34375,-723307.4375,456707.34375
0.00939000025391579,265649.71875,-723075.625,456359
0.00939099956303835,265671.25,-722827,456003.09375
0.00939199980348349,265684.65625,-722568.0625,455645.3125
0.00939300004392862,265691,-722304.8125,455290.625
0.00939400028437376,265691.6875,-722042.6875,454943.125
0.00939499959349632,265688.5625,-721786.625,454605.84375
0.00939599983394146,265683.78125,-721540.8125,454280.625
0.0093970000743866,265679.8125,-721308.5,453968.25
0.00939800031483173,265679.375,-721092.25,453668.40625
0.0093989996239543,265685.25,-720893.5,453379.78125
0.00939999986439943,265700.125,-720713.0625,453100.15625
0.00940100010484457,265726.59375,-720550.625,452826.71875
0.00940200034528971,265766.90625,-720405.375,452556.125
0.00940299965441227,265822.96875,-720275.6875,452284.75
0.00940399989485741,265896.28125,-720159.375,452008.9375
0.00940500013530254,265987.75,-720054,451725.03125
0.00940600037574768,266097.90625,-719956.625,451429.71875
0.00940699968487024,266226.6875,-719864.4375,451120
0.00940799992531538,266373.59375,-719774.4375,450793.375
0.00940900016576052,266537.71875,-719683.75,450447.875
0.00941000040620565,266717.8125,-719589.8125,450082.0625
0.00941099971532822,266912.3125,-719490.25,449695.09375
0.00941199995577335,267119.59375,-719383.0625,449286.6875
0.00941300019621849,267337.75,-719266.625,448857.03125
0.00941400043666363,267565,-719139.5625,448406.78125
0.00941499974578619,267799.5,-719001.125,447936.9375
0.00941599998623133,268039.53125,-718850.6875,447448.78125
0.00941700022667646,268283.53125,-718688,446943.84375
0.00941799953579903,268530.03125,-718513.125,446423.78125
0.00941899977624416,268777.90625,-718326.375,445890.25
0.0094200000166893,269026.125,-718128.1875,445344.90625
0.00942100025713444,269273.96875,-717919.0625,444789.375
0.009421999566257,269520.9375,-717699.875,444225.09375
0.00942299980670214,269766.75,-717471.3125,443653.40625
0.00942400004714727,270011.375,-717234.25,443075.40625
0.00942500028759241,270254.96875,-716989.4375,442491.9375
0.00942599959671497,270497.84375,-716737.75,441903.71875
0.00942699983716011,270740.53125,-716480,441311.15625
0.00942800007760525,270983.59375,-716216.875,440714.53125
0.00942900031805038,271227.65625,-715949.125,440113.9375
0.00942999962717295,271473.40625,-715677.375,439509.40625
0.00943099986761808,271721.40625,-715402.375,438900.96875
0.00943200010806322,271972.25,-715124.875,438288.65625
0.00943300034850836,272226.28125,-714845.4375,437672.59375
0.00943399965763092,272483.75,-714564.8125,437053
0.00943499989807606,272744.6875,-714283.625,436430.21875
0.00943600013852119,273008.875,-714002.5,435804.875
0.00943700037896633,273275.84375,-713722.125,435177.6875
0.00943799968808889,273544.90625,-713443.125,434549.71875
0.00943899992853403,273815.09375,-713166.125,433922.1875
0.00944000016897917,274085.21875,-712891.75,433296.6875
0.0094410004094243,274353.8125,-712620.6875,432674.96875
0.00944199971854687,274619.3125,-712353.5625,432058.9375
0.009442999958992,274880.03125,-712091.0625,431450.75
0.00944400019943714,275134.15625,-711833.875,430852.5625
0.00944500043988228,275379.90625,-711582.4375,430266.65625
0.00944599974900484,275615.5,-711337.5,429695.15625
0.00944699998944998,275839.28125,-711099.4375,429140.25
0.00944800022989511,276049.65625,-710868.8125,428603.875
0.00944899953901768,276245.3125,-710646,428087.875
0.00944999977946281,276425.125,-710431.375,427593.84375
0.00945100001990795,276588.15625,-710225.3125,427123.09375
0.00945200026035309,276733.84375,-710028.0625,426676.75
0.00945299956947565,276861.84375,-709839.875,426255.5
0.00945399980992079,276972.21875,-709660.875,425859.8125
0.00945500005036592,277065.25,-709491.3125,425489.84375
0.00945600029081106,277141.53125,-709331.1875,425145.3125
0.00945699959993362,277202,-709180.5625,424825.6875
0.00945799984037876,277247.8125,-709039.375,424530.1875
0.0094590000808239,277280.375,-708907.6875,424257.625
0.00946000032126904,277301.3125,-708785.25,424006.71875
0.0094609996303916,277312.375,-708672.0625,423775.90625
0.00946199987083673,277315.53125,-708567.875,423563.4375
0.00946300011128187,277312.75,-708472.5625,423367.53125
0.00946400035172701,277306.0625,-708385.9375,423186.25
0.00946499966084957,277297.59375,-708307.75,423017.65625
0.00946599990129471,277289.375,-708237.8125,422859.78125
0.00946700014173985,277283.4375,-708175.9375,422710.6875
0.00946800038218498,277281.71875,-708121.9375,422568.53125
0.00946899969130754,277286.09375,-708075.625,422431.53125
0.00946999993175268,277298.25,-708036.8125,422298.03125
0.00947100017219782,277319.8125,-708005.375,422166.46875
0.00947200041264296,277352.21875,-707981.1875,422035.53125
0.00947299972176552,277396.71875,-707964.1875,421904.03125
0.00947399996221066,277454.5,-707954.375,421770.9375
0.00947500020265579,277526.53125,-707951.75,421635.46875
0.00947600044310093,277613.59375,-707956.5,421497.09375
0.00947699975222349,277716.21875,-707968.4375,421355.25
0.00947799999266863,277834.65625,-707987.3125,421209.5
0.00947900023311377,277968.90625,-708012.75,421059.625
0.00947999954223633,278118.875,-708044.5625,420905.5
0.00948099978268147,278284.59375,-708082.875,420747.40625
0.0094820000231266,278465.9375,-708128.25,420585.8125
0.00948300026357174,278662.875,-708181.3125,420421.46875
0.0094839995726943,278875.15625,-708242.625,420255.21875
0.00948499981313944,279102.25,-708312.6875,420087.90625
0.00948600005358458,279343.3125,-708391.4375,419920.34375
0.00948700029402971,279597.125,-708478.375,419753.1875
0.00948799960315228,279862.1875,-708572.75,419587.0625
0.00948899984359741,280136.90625,-708673.625,419422.53125
0.00949000008404255,280419.6875,-708780.3125,419260.28125
0.00949100032448769,280709.15625,-708892.4375,419101.25
0.00949199963361025,281004.0625,-709010.1875,418946.53125
0.00949299987405539,281303.34375,-709134.0625,418797.4375
0.00949400011450052,281605.9375,-709264.75,418655.34375
0.00949500035494566,281910.71875,-709402.8125,418521.625
0.00949599966406822,282216.4375,-709548.5625,418397.5
0.00949699990451336,282521.46875,-709701.8125,418283.9375
0.0094980001449585,282824.09375,-709861.8125,418181.75
0.00949900038540363,283122.3125,-710027.6875,418091.4375
0.0094999996945262,283414.1875,-710198.1875,418013.4375
0.00950099993497133,283697.8125,-710372.3125,417948.125
0.00950200017541647,283971.53125,-710549.125,417895.8125
0.00950300041586161,284233.90625,-710728.1875,417857
0.00950399972498417,284483.84375,-710909.3125,417832.03125
0.00950499996542931,284720.53125,-711092.6875,417821.40625
0.00950600020587444,284943.375,-711278.5625,417825.5
0.00950700044631958,285152.03125,-711467.3125,417844.53125
0.00950799975544214,285346.15625,-711659.25,417878.625
0.00950899999588728,285525.53125,-711854.5,417927.59375
0.00951000023633242,285689.9375,-712052.9375,417991.09375
0.00951099954545498,285839.25,-712254.1875,418068.625
0.00951199978590012,285973.3125,-712457.8125,418159.4375
0.00951300002634525,286092.0625,-712663.25,418262.65625
0.00951400026679039,286195.5625,-712869.75,418377.28125
0.00951499957591295,286283.96875,-713076.875,418502.21875
0.00951599981635809,286357.75,-713283.9375,418636.3125
0.00951700005680323,286417.4375,-713490.625,418778.3125
0.00951800029724836,286463.875,-713696.375,418926.875
0.00951899960637093,286498,-713901.0625,419080.625
0.00951999984681606,286520.96875,-714104.375,419238.03125
0.0095210000872612,286534.0625,-714306.0625,419397.5625
0.00952200032770634,286538.625,-714505.875,419557.625
0.0095229996368289,286535.9375,-714703.375,419716.53125
0.00952399987727404,286527.40625,-714898.25,419872.625
0.00952500011771917,286514.25,-715089.875,420024.1875
0.00952600035816431,286497.71875,-715277.8125,420169.59375
0.00952699966728687,286478.9375,-715461.25,420307.25
0.00952799990773201,286458.90625,-715639.5625,420435.5625
0.00952900014817715,286438.59375,-715812,420553.125
0.00953000038862228,286418.875,-715977.9375,420658.59375
0.00953099969774485,286400.625,-716136.75,420750.75
0.00953199993818998,286384.59375,-716287.8125,420828.53125
0.00953300017863512,286371.5625,-716430.8125,420890.96875
0.00953400041908026,286362.3125,-716565.375,420937.375
0.00953499972820282,286357.53125,-716691.5,420967.15625
0.00953599996864796,286357.96875,-716809.1875,420979.84375
0.00953700020909309,286364.28125,-716918.5625,420975.25
0.00953800044953823,286377.09375,-717020.0625,420953.28125
0.00953899975866079,286397.0625,-717114.0625,420914.15625
0.00953999999910593,286424.6875,-717201.3125,420858.15625
0.00954100023955107,286460.5,-717282.5625,420785.78125
0.00954199954867363,286504.90625,-717358.5,420697.65625
0.00954299978911877,286558.125,-717429.8125,420594.3125
0.0095440000295639,286620.28125,-717496.8125,420476.375
0.00954500027000904,286691.34375,-717559.8125,420344.3125
0.0095459995791316,286771.1875,-717619.0625,420198.78125
0.00954699981957674,286859.75,-717675.25,420040.71875
0.00954800006002188,286957.03125,-717729.375,419871.375
0.00954900030046701,287063.09375,-717782.6875,419692.09375
0.00954999960958958,287178.03125,-717836.25,419504.09375
0.00955099985003471,287301.90625,-717890.5625,419307.9375
0.00955200009047985,287434.6875,-717945.1875,419103.5625
0.00955300033092499,287576.28125,-717999.125,418890.375
0.00955399964004755,287726.46875,-718051.25,418667.53125
0.00955499988049269,287885.09375,-718100.4375,418434.53125
0.00955600012093782,288051.96875,-718146.4375,418191.375
0.00955700036138296,288227.0625,-718189.625,417938.65625
0.00955799967050552,288410.40625,-718230.8125,417677.3125
0.00955899991095066,288602.125,-718270.625,417408.09375
0.0095600001513958,288802.5,-718309.625,417131.3125
0.00956100039184093,289011.90625,-718347.4375,416846.5625
0.0095619997009635,289230.78125,-718383.3125,416552.84375
0.00956299994140863,289459.4375,-718416.1875,416248.84375
0.00956400018185377,289698.28125,-718444.75,415933.3125
0.00956500042229891,289947.5625,-718468.3125,415605.3125
0.00956599973142147,290207.46875,-718486.4375,415264.5
0.00956699997186661,290478.09375,-718499.3125,414911.09375
0.00956800021231174,290759.46875,-718507.625,414545.8125
0.00956900045275688,291051.625,-718512.25,414169.5625
0.00956999976187944,291354.46875,-718513.875,413783.375
0.00957100000232458,291667.90625,-718513.3125,413388.09375
0.00957200024276972,291991.78125,-718510.875,412984.46875
0.00957299955189228,292325.75,-718506.75,412572.9375
0.00957399979233742,292669.40625,-718500.6875,412153.96875
0.00957500003278255,293021.9375,-718492.375,411727.9375
0.00957600027322769,293382.4375,-718481.1875,411295.40625
0.00957699958235025,293749.59375,-718466.6875,410857.09375
0.00957799982279539,294121.8125,-718448.3125,410414.125
0.00957900006324053,294497.1875,-718425.4375,409967.84375
0.00958000030368567,294873.5625,-718397.6875,409519.84375
0.00958099961280823,295248.6875,-718364.625,409072
0.00958199985325336,295620.125,-718325.8125,408626.1875
0.0095830000936985,295985.5,-718281,408184.3125
0.00958400033414364,296342.5,-718229.8125,407748.15625
0.0095849996432662,296689.0625,-718172,407319.375
0.00958599988371134,297023.34375,-718107.1875,406899.21875
0.00958700012415648,297343.875,-718035.375,406488.8125
0.00958800036460161,297649.5625,-717956.375,406088.84375
0.00958899967372417,297939.78125,-717870.3125,405699.78125
0.00958999991416931,298214.25,-717777.5625,405321.8125
0.00959100015461445,298473.28125,-717678.5625,404954.875
0.00959200039505959,298717.5,-717574.125,404598.71875
0.00959299970418215,298948.03125,-717465.3125,404252.96875
0.00959399994462729,299166.28125,-717353.3125,403917.03125
0.00959500018507242,299374.0625,-717239.75,403590.25
0.00959600042551756,299573.40625,-717126.1875,403271.9375
0.00959699973464012,299766.5625,-717014.375,402961.25
0.00959799997508526,299955.875,-716906.0625,402657.28125
0.0095990002155304,300143.84375,-716803.125,402359.0625
0.00960000045597553,300332.84375,-716707.1875,402065.59375
0.00960099976509809,300525.21875,-716619.6875,401775.875
0.00960200000554323,300723.15625,-716542,401488.90625
0.00960300024598837,300928.59375,-716475.1875,401203.65625
0.00960399955511093,301143.09375,-716420,400919.25
0.00960499979555607,301367.9375,-716377,400634.90625
0.00960600003600121,301603.9375,-716346.25,400350
0.00960700027644634,301851.46875,-716327.75,400064.09375
0.0096079995855689,302110.5,-716321.125,399776.9375
0.00960899982601404,302380.46875,-716325.8125,399488.59375
0.00961000006645918,302660.46875,-716341,399199.1875
0.00961100030690432,302949.1875,-716365.625,398909.21875
0.00961199961602688,303244.96875,-716398.6875,398619.28125
0.00961299985647202,303545.9375,-716438.875,398330.0625
0.00961400009691715,303850.09375,-716484.9375,398042.46875
0.00961500033736229,304155.28125,-716535.5625,397757.34375
0.00961599964648485,304459.4375,-716589.5,397475.5625
0.00961699988692999,304760.5,-716645.375,397197.96875
0.00961800012737513,305056.5625,-716702.0625,396925.3125
0.00961900036782026,305346,-716758.4375,396658.25
0.00961999967694283,305627.3125,-716813.5625,396397.25
0.00962099991738796,305899.375,-716866.5,396142.65625
0.0096220001578331,306161.34375,-716916.5625,395894.6875
0.00962300039827824,306412.625,-716963.1875,395653.34375
0.0096239997074008,306652.90625,-717005.9375,395418.625
0.00962499994784594,306882.21875,-717044.5,395190.28125
0.00962600018829107,307100.75,-717078.8125,394968.03125
0.00962700042873621,307308.9375,-717108.8125,394751.59375
0.00962799973785877,307507.34375,-717134.625,394540.53125
0.00962899997830391,307696.6875,-717156.375,394334.53125
0.00963000021874905,307877.75,-717174.3125,394133.1875
0.00963100045919418,308051.3125,-717188.8125,393936.1875
0.00963199976831675,308218.15625,-717200.1875,393743.25
0.00963300000876188,308379.03125,-717208.6875,393554.25
0.00963400024920702,308534.59375,-717214.8125,393369.03125
0.00963499955832958,308685.4375,-717218.8125,393187.65625
0.00963599979877472,308831.9375,-717221,393010.25
0.00963700003921986,308974.4375,-717221.8125,392837.03125
0.00963800027966499,309113.125,-717221.375,392668.34375
0.00963899958878756,309247.96875,-717220,392504.625
0.00963999982923269,309378.875,-717217.875,392346.375
0.00964100006967783,309505.59375,-717215.1875,392194.15625
0.00964200031012297,309627.8125,-717212,392048.59375
0.00964299961924553,309745.125,-717208.5,391910.3125
0.00964399985969067,309857.09375,-717204.625,391779.9375
0.0096450001001358,309963.21875,-717200.625,391658.03125
0.00964600034058094,310063.09375,-717196.375,391545.09375
0.0096469996497035,310156.3125,-717192.125,391441.59375
0.00964799989014864,310242.59375,-717187.8125,391347.875
0.00964900013059378,310321.75,-717183.6875,391264.125
0.00965000037103891,310393.71875,-717179.75,391190.40625
0.00965099968016148,310458.59375,-717176.25,391126.625
0.00965199992060661,310516.65625,-717173.1875,391072.53125
0.00965300016105175,310568.28125,-717170.9375,391027.65625
0.00965400040149689,310614.09375,-717169.5,390991.40625
0.00965499971061945,310654.875,-717169.1875,390963.03125
0.00965599995106459,310691.5625,-717170.1875,390941.5625
0.00965700019150972,310725.1875,-717172.6875,390925.9375
0.00965800043195486,310757.03125,-717176.9375,390914.9375
0.00965899974107742,310788.40625,-717183.1875,390907.3125
0.00965999998152256,310820.71875,-717191.625,390901.59375
0.0096610002219677,310855.5,-717202.5,390896.40625
0.00966200046241283,310894.25,-717216.0625,390890.25
0.0096629997715354,310938.5625,-717232.5,390881.625
0.00966400001198053,310989.9375,-717251.9375,390869
0.00966500025242567,311049.875,-717274.625,390851
0.00966599956154823,311119.78125,-717300.625,390826.1875
0.00966699980199337,311201.03125,-717330.0625,390793.25
0.00966800004243851,311294.84375,-717363,390751
0.00966900028288364,311402.25,-717399.5,390698.3125
0.00966999959200621,311524.25,-717439.5,390634.21875
0.00967099983245134,311661.75,-717483.3125,390557.96875
0.00967200007289648,311815.84375,-717531.875,390469.40625
0.00967300031334162,311988.53125,-717588.25,390369.5
0.00967399962246418,312183.03125,-717658.3125,390260.59375
0.00967499986290932,312403.0625,-717748.6875,390145.5625
0.00967600010335445,312650.5,-717861.8125,390024.875
0.00967700034379959,312922.5625,-717989.125,389893.21875
0.00967799965292215,313210.875,-718109.6875,389738.78125
0.00967899989336729,313503.5625,-718196.25,389547.1875
0.00968000013381243,313789.53125,-718227.6875,389308.78125
0.00968100037425756,314062.65625,-718199.8125,389025.4375
0.00968199968338013,314322.875,-718128.625,388712.125
0.00968299992382526,314575.0625,-718043.8125,388392.34375
0.0096840001642704,314826.09375,-717976.875,388089.46875
0.00968500040471554,315082.53125,-717950.125,387818.5625
0.0096859997138381,315349.09375,-717970.75,387582.1875
0.00968699995428324,315628.53125,-718031.75,387371.0625
0.00968800019472837,315922.46875,-718117.1875,387168.625
0.00968900043517351,316232.25,-718209.6875,386957.03125
0.00968999974429607,316559.875,-718296.625,386722.15625
0.00969099998474121,316908.0625,-718373.1875,386456.625
0.00969200022518635,317280.0625,-718442.625,386160.4375
0.00969300046563148,317678.9375,-718514.5625,385839.71875
0.00969399977475405,318106.8125,-718601.625,385504.5
0.00969500001519918,318564.25,-718716.0625,385166.25
0.00969600025564432,319050.0625,-718867.4375,384835.5
0.00969699956476688,319561.09375,-719060.5,384520.25
0.00969799980521202,320092.40625,-719294.5,384224.96875
0.00969900004565716,320637.71875,-719563.3125,383950.40625
0.00970000028610229,321189.4375,-719856.1875,383693.90625
0.00970099959522486,321739.25,-720158.875,383450.34375
0.00970199983566999,322278.3125,-720455.5,383213.25
0.00970300007611513,322797.65625,-720729.6875,382976
0.00970400031656027,323288.59375,-720966.5,382732.75
0.00970499962568283,323743.15625,-721153.1875,382479.15625
0.00970599986612797,324154.3125,-721280.5,382213
0.0097070001065731,324516.53125,-721342.4375,381933.90625
0.00970800034701824,324825.8125,-721336.8125,381643.40625
0.0097089996561408,325080.03125,-721264.9375,381344.3125
0.00970999989658594,325279.0625,-721130.75,381040.3125
0.00971100013703108,325424.65625,-720940.6875,380735.21875
0.00971200037747622,325520.5,-720702.625,380432.625
0.00971299968659878,325572.09375,-720425.625,380135.40625
0.00971399992704391,325586.4375,-720119.1875,379845.46875
0.00971500016748905,325571.875,-719792.8125,379563.5
0.00971600040793419,325537.8125,-719455.875,379289.25
0.00971699971705675,325494.1875,-719117.25,379021.4375
0.00971799995750189,325451.21875,-718785.1875,378758.09375
0.00971900019794703,325419,-718467.375,378496.875
0.00972000043839216,325406.96875,-718170.6875,378235.375
0.00972099974751472,325423.6875,-717901.1875,377971.4375
0.00972199998795986,325476.375,-717664.125,377703.3125
0.009723000228405,325570.75,-717463.8125,377430
0.00972399953752756,325710.84375,-717303.6875,377151.1875
0.0097249997779727,325898.84375,-717186.0625,376867.40625
0.00972600001841784,326135.34375,-717112.3125,376579.78125
0.00972700025886297,326419.125,-717082.6875,376290.03125
0.00972799956798553,326747.71875,-717096.4375,376000.21875
0.00972899980843067,327117.34375,-717151.625,375712.46875
0.00973000004887581,327523.375,-717245.5,375428.9375
0.00973100028932095,327960.5,-717374.5,375151.40625
0.00973199959844351,328423.15625,-717534.375,374881.375
0.00973299983888865,328905.625,-717720.3125,374619.625
0.00973400007933378,329402.40625,-717927.125,374366.5
0.00973500031977892,329908.28125,-718149.5,374121.65625
0.00973599962890148,330418.53125,-718382.1875,373884.1875
0.00973699986934662,330929,-718620.0625,373652.8125
0.00973800010979176,331436.03125,-718858.25,373425.75
0.00973900035023689,331936.71875,-719092.4375,373201.03125
0.00973999965935946,332428.5625,-719318.6875,372976.5625
0.00974099989980459,332909.71875,-719533.6875,372750.21875
0.00974200014024973,333378.6875,-719734.75,372520
0.00974300038069487,333834.40625,-719919.6875,372284.1875
0.00974399968981743,334276.09375,-720086.875,372041.28125
0.00974499993026257,334703.125,-720235.25,371790.0625
0.0097460001707077,335115.15625,-720364,371529.78125
0.00974700041115284,335511.78125,-720472.875,371260
0.0097479997202754,335892.8125,-720561.8125,370980.59375
0.00974899996072054,336257.96875,-720631,370691.8125
0.00975000020116568,336607.03125,-720680.8125,370394.15625
0.00975100044161081,336939.75,-720711.6875,370088.34375
0.00975199975073338,337255.90625,-720724.125,369775.375
0.00975299999117851,337555.25,-720718.6875,369456.25
0.00975400023162365,337837.625,-720696.0625,369132.15625
0.00975499954074621,338102.90625,-720656.6875,368804.3125
0.00975599978119135,338351.03125,-720601.3125,368473.90625
0.00975700002163649,338582.03125,-720530.375,368142.15625
0.00975800026208162,338796.09375,-720444.6875,367810.125
0.00975899957120419,338993.59375,-720344.8125,367478.875
0.00975999981164932,339174.96875,-720231.5625,367149.34375
0.00976100005209446,339340.96875,-720105.5625,366822.28125
0.0097620002925396,339492.46875,-719967.875,366498.3125
0.00976299960166216,339630.53125,-719819.25,366178
0.0097639998421073,339756.40625,-719660.8125,365861.625
0.00976500008255243,339871.5625,-719493.625,365549.4375
0.00976600032299757,339977.53125,-719318.8125,365241.5
0.00976699963212013,340076.0625,-719137.6875,364937.78125
0.00976799987256527,340168.90625,-718951.5625,364638.1875
0.00976900011301041,340257.875,-718761.6875,364342.5
0.00977000035345554,340344.71875,-718569.5625,364050.53125
0.00977099966257811,340431.25,-718376.5,363762.0625
0.00977199990302324,340519.03125,-718183.875,363476.9375
0.00977300014346838,340609.59375,-717993.0625,363195
0.00977400038391352,340704.25,-717805.4375,362916.25
0.00977499969303608,340804.0625,-717622.25,362640.75
0.00977599993348122,340909.90625,-717444.6875,362368.71875
0.00977700017392635,341022.4375,-717273.9375,362100.40625
0.00977800041437149,341142.03125,-717111,361836.3125
0.00977899972349405,341268.8125,-716956.875,361576.96875
0.00977999996393919,341402.6875,-716812.375,361322.96875
0.00978100020438433,341543.40625,-716678.25,361075.0625
0.00978200044482946,341690.53125,-716555.1875,360834
0.00978299975395203,341843.46875,-716443.625,360600.53125
0.00978399999439716,342001.625,-716344.125,360375.4375
0.0097850002348423,342164.25,-716256.9375,360159.40625
0.00978599954396486,342330.65625,-716182.3125,359953.03125
0.00978699978441,342500.125,-716120.375,359756.84375
0.00978800002485514,342672.125,-716071.25,359571.15625
0.00978900026530027,342846.0625,-716034.8125,359396.21875
0.00978999957442284,343021.59375,-716011.0625,359231.96875
0.00979099981486797,343198.4375,-715999.6875,359078.3125
0.00979200005531311,343376.53125,-716000.625,358934.84375
0.00979300029575825,343555.9375,-716013.5625,358800.96875
0.00979399960488081,343736.90625,-716038.125,358676.03125
0.00979499984532595,343919.78125,-716073.9375,358559.0625
0.00979600008577108,344105.09375,-716120.625,358449
0.00979700032621622,344293.5,-716177.8125,358344.6875
0.00979799963533878,344485.8125,-716244.9375,358244.8125
0.00979899987578392,344682.8125,-716321.625,358148.0625
0.00980000011622906,344885.40625,-716407.25,358052.96875
0.00980100035667419,345094.53125,-716501.4375,357958.125
0.00980199966579676,345311.15625,-716603.625,357862.1875
0.00980299990624189,345536.125,-716713.1875,357763.71875
0.00980400014668703,345770.4375,-716829.875,357661.5625
0.00980500038713217,346015.71875,-716954.9375,357555.375
0.00980599969625473,346276.5625,-717095.875,357448.03125
0.00980699993669987,346564.21875,-717274.25,357349.3125
0.009808000177145,346897.1875,-717527.75,357277.40625
0.00980900041759014,347292.78125,-717894.0625,357251.84375
0.0098099997267127,347748.09375,-718374.1875,357277.46875
0.00981099996715784,348221.96875,-718898.25,357328.71875
0.00981200020760298,348637.15625,-719326.5,357348.53125
0.00981300044804811,348909.25,-719498.875,357266.46875
0.00981399975717068,348989.84375,-719307.375,357025.5
0.00981499999761581,348897.5625,-718748.375,356601.8125
0.00981600023806095,348718.125,-717926.375,356009
0.00981699954718351,348574.28125,-717014.125,355290.03125
0.00981799978762865,348583.40625,-716195.1875,354504.78125
0.00981900002807379,348822.8125,-715616.9375,353719.21875
0.00982000026851892,349314.34375,-715365.9375,352996.8125
0.00982099957764149,350028.75,-715465.9375,352391.75
0.00982199981808662,350902.5,-715890.0625,351943.75
0.00982300005853176,351858.25,-716578.75,351674.4375
0.0098240002989769,352822.34375,-717457.5,351587.09375
0.00982499960809946,353736.15625,-718451,351668.46875
0.0098259998485446,354560.84375,-719492.125,351893.21875
0.00982700008898973,355277.125,-720526.8125,352228.5625
0.00982800032943487,355881.78125,-721515.1875,352639.125
0.00982899963855743,356382.46875,-722429.9375,353090.375
0.00982999987900257,356792.875,-723253.4375,353551.1875
0.00983100011944771,357128.28125,-723974.75,353994.96875
0.00983200035989285,357402.8125,-724586.5,354399.8125
0.00983299966901541,357627.71875,-725083.125,354748.1875
0.00983399990946054,357811.1875,-725459.625,355026.28125
0.00983500014990568,357958.8125,-725711.6875,355223.40625
0.00983600039035082,358074.46875,-725836,355331.46875
0.00983699969947338,358161.46875,-725831.0625,355344.59375
0.00983799993991852,358223.375,-725698.0625,355259.21875
0.00983900018036366,358264.5,-725441.3125,355073.96875
0.00984000042080879,358290.1875,-725068.1875,354789.75
0.00984099972993135,358306.53125,-724589.125,354409.84375
0.00984199997037649,358319.96875,-724017.0625,353939.90625
0.00984300021082163,358336.96875,-723366.5,353387.6875
0.00984400045126677,358363.59375,-722653.3125,352762.875
0.00984499976038933,358405.09375,-721893.6875,352076.65625
0.00984600000083447,358465.8125,-721104.1875,351341.40625
0.0098470002412796,358549.09375,-720300.875,350570.21875
0.00984799955040216,358657.375,-719499.5,349776.53125
0.0098489997908473,358792.21875,-718715.125,348973.65625
0.00985000003129244,358954.5,-717962,348174.65625
0.00985100027173758,359144.34375,-717253.5,347391.875
0.00985199958086014,359361.3125,-716601.5,346636.75
0.00985299982130527,359604.375,-716016.75,345919.75
0.00985400006175041,359872,-715508.125,345250
0.00985500030219555,360162.15625,-715082.8125,344635.21875
0.00985599961131811,360472.40625,-714746.0625,344081.78125
0.00985699985176325,360800,-714501.125,343594.34375
0.00985800009220839,361141.9375,-714349.4375,343176.21875
0.00985900033265352,361495.21875,-714290.4375,342829.0625
0.00985999964177608,361856.78125,-714322.1875,342553.125
0.00986099988222122,362223.90625,-714441.0625,342347.34375
0.00986200012266636,362594,-714642.5,342209.46875
0.0098630003631115,362964.96875,-714920.875,342136.1875
0.00986399967223406,363334.96875,-715269.6875,342123.375
0.0098649999126792,363702.6875,-715682.1875,342166.1875
0.00986600015312433,364067.1875,-716150.9375,342259.25
0.00986700039356947,364427.84375,-716668.375,342396.84375
0.00986799970269203,364784.40625,-717226.8125,342573
0.00986899994313717,365136.78125,-717818.25,342781.65625
0.00987000018358231,365485.15625,-718434.75,343016.5625
0.00987100042402744,365829.71875,-719068.375,343271.65625
0.00987199973315001,366170.8125,-719711,343540.75
0.00987299997359514,366508.71875,-720354.6875,343817.78125
0.00987400021404028,366843.78125,-720991.375,344096.78125
0.00987500045448542,367176.25,-721613.25,344371.84375
0.00987599976360798,367506.3125,-722212.5625,344637.125
0.00987700000405312,367834.09375,-722781.875,344886.90625
0.00987800024449825,368159.78125,-723313.9375,345115.625
0.00987899955362082,368483.4375,-723802.0625,345317.8125
0.00987999979406595,368805.09375,-724240,345488.21875
0.00988100003451109,369124.90625,-724622.0625,345621.84375
0.00988200027495623,369442.90625,-724943.3125,345713.9375
0.00988299958407879,369759.3125,-725199.6875,345760.15625
0.00988399982452393,370074.21875,-725387.6875,345756.5
0.00988500006496906,370387.90625,-725505.0625,345699.53125
0.0098860003054142,370700.59375,-725550.25,345586.1875
0.00988699961453676,371012.5625,-725522.6875,345414.125
0.0098879998549819,371324.09375,-725422.6875,345181.5
0.00988900009542704,371635.46875,-725251.5,344887.125
0.00989000033587217,371946.9375,-725011.1875,344530.46875
0.00989099964499474,372258.78125,-724704.5,344111.625
0.00989199988543987,372571.09375,-724334.9375,343631.3125
0.00989300012588501,372884.0625,-723906.5,343090.875
0.00989400036633015,373197.6875,-723423.75,342492.1875
0.00989499967545271,373511.96875,-722891.6875,341837.6875
0.00989599991589785,373826.8125,-722315.4375,341130.28125
0.00989700015634298,374142.0625,-721700.4375,340373.34375
0.00989800039678812,374457.53125,-721052.3125,339570.59375
0.00989899970591068,374772.96875,-720376.625,338726.09375
0.00989999994635582,375088.125,-719679.125,337844.21875
0.00990100018680096,375402.78125,-718965.3125,336929.46875
0.00990200042724609,375716.625,-718240.6875,335986.71875
0.00990299973636866,376029.5,-717510.625,335020.78125
0.00990399997681379,376341.1875,-716780.3125,334036.71875
0.00990500021725893,376651.59375,-716054.75,333039.59375
0.00990600045770407,376960.625,-715338.75,332034.53125
0.00990699976682663,377268.3125,-714636.875,331026.6875
0.00990800000727177,377574.71875,-713953.5,330021.125
0.0099090002477169,377879.96875,-713292.6875,329022.9375
0.00990999955683947,378184.25,-712658.375,328037.0625
0.0099109997972846,378487.78125,-712054.0625,327068.40625
0.00991200003772974,378790.84375,-711483.0625,326121.6875
0.00991300027817488,379093.75,-710948.5,325201.53125
0.00991399958729744,379396.875,-710452.9375,324312.34375
0.00991499982774258,379700.5,-709998.9375,323458.3125
0.00991600006818771,380004.96875,-709588.5625,322643.4375
0.00991700030863285,380310.625,-709223.625,321871.40625
0.00991799961775541,380617.78125,-708905.5625,321145.65625
0.00991899985820055,380926.65625,-708635.5625,320469.3125
0.00992000009864569,381237.5,-708414.4375,319845.21875
0.00992100033909082,381550.46875,-708242.625,319275.75
0.00992199964821339,381865.75,-708120.375,318763.03125
0.00992299988865852,382183.34375,-708047.5,318308.8125
0.00992400012910366,382503.3125,-708023.5,317914.34375
0.0099250003695488,382825.625,-708047.75,317580.59375
0.00992599967867136,383150.1875,-708119.125,317308.125
0.0099269999191165,383476.84375,-708236.375,317097.03125
0.00992800015956163,383805.40625,-708398,316947.03125
0.00992900040000677,384135.65625,-708602.125,316857.53125
0.00992999970912933,384467.3125,-708846.875,316827.5
0.00993099994957447,384800.03125,-709130.125,316855.5625
0.00993200019001961,385133.5,-709449.4375,316940
0.00993300043046474,385467.34375,-709802.5,317078.75
0.00993399973958731,385801.125,-710186.6875,317269.5
0.00993499998003244,386134.5,-710599.375,317509.59375
0.00993600022047758,386466.96875,-711037.875,317796.1875
0.00993700046092272,386798.15625,-711499.3125,318126.1875
0.00993799977004528,387127.53125,-711980.8125,318496.21875
0.00993900001049042,387453.875,-712477.875,318902.03125
0.00994000025093555,387773.46875,-712980.875,319336.78125
0.00994099956005812,388077.65625,-713470,319788.46875
0.00994199980050325,388353.34375,-713916,320240.375
0.00994300004094839,388590.625,-714295.9375,320678.3125
0.00994400028139353,388795.9375,-714619.125,321102.8125
0.00994499959051609,389000.28125,-714944.3125,321537.46875
0.00994599983096123,389252.8125,-715366.8125,322023.4375
0.00994700007140636,389599.15625,-715977,322601
0.0099480003118515,390057.9375,-716815,323289.65625
0.00994899962097406,390609.4375,-717849.5625,324078.46875
0.0099499998614192,391202.6875,-718990.25,324930.71875
0.00995100010186434,391774.625,-720121.875,325796.96875
0.00995200034230947,392270.375,-721139.25,326629.03125
0.00995299965143204,392655.90625,-721970.1875,327388.9375
0.00995399989187717,392921.125,-722581.4375,328052.21875
0.00995500013232231,393075.46875,-722973.6875,328607.28125
0.00995600037276745,393140.65625,-723170.25,329052.65625
0.00995699968189001,393143.5,-723206.875,329393.71875
0.00995799992233515,393110.9375,-723122.875,329639.75
0.00995900016278028,393066.84375,-722956,329801.8125
0.00996000040322542,393030.84375,-722739.375,329891.1875
0.00996099971234798,393017.65625,-722500.1875,329918.6875
0.00996199995279312,393037.03125,-722259.5,329894.375
0.00996300019323826,393094.03125,-722032.8125,329827.78125
0.0099640004336834,393189.6875,-721830.8125,329728.15625
0.00996499974280596,393321.625,-721660.6875,329604.78125
0.00996599998325109,393485.34375,-721527.5,329467.15625
0.00996700022369623,393675.1875,-721435.1875,329325
0.00996800046414137,393885.375,-721387.4375,329187.90625
0.00996899977326393,394110.59375,-721387.75,329065.03125
0.00997000001370907,394346.625,-721439.75,328964.46875
0.00997100025415421,394590.46875,-721546.25,328892.6875
0.00997199956327677,394840.28125,-721709.0625,328853.875
0.0099729998037219,395095.3125,-721928.25,328849.53125
0.00997400004416704,395355.78125,-722201.625,328878.1875
0.00997500028461218,395622.40625,-722524.5625,328935.3125
0.00997599959373474,395896.3125,-722889.8125,329013.53125
0.00997699983417988,396178.625,-723287.6875,329103.03125
0.00997800007462502,396470.125,-723706.375,329192.09375
0.00997900031507015,396771.25,-724132.375,329267.8125
0.00997999962419271,397081.65625,-724550.9375,329316.75
0.00998099986463785,397400.25,-724946.75,329325.75
0.00998200010508299,397725.1875,-725304.8125,329282.46875
0.00998300034552813,398053.875,-725610.5625,329176.15625
0.00998399965465069,398383.125,-725851,328997.78125
0.00998499989509583,398709.34375,-726014.8125,328740.65625
0.00998600013554096,399028.8125,-726093.0625,328400.40625
0.0099870003759861,399337.78125,-726079.1875,327975.0625
0.00998799968510866,399632.78125,-725969.375,327465
0.0099889999255538,399910.84375,-725762.5,326872.8125
0.00999000016599894,400169.53125,-725460,326202.90625
0.00999100040644407,400407.15625,-725065.625,325461.40625
0.00999199971556664,400622.78125,-724585.25,324655.59375
0.00999299995601177,400816.28125,-724026.5625,323793.75
0.00999400019645691,400988.25,-723398.375,322884.625
0.00999500043690205,401140.0625,-722710.6875,321937.21875
0.00999599974602461,401273.625,-721973.8125,320960.4375
0.00999699998646975,401391.375,-721198.4375,319962.9375
0.00999800022691488,401496.1875,-720395.0625,318952.75
0.00999899953603745,401591.1875,-719573.75,317937.375
0.00999999977648258,401679.53125,-718744,316923.4375
0.0100010000169277,401764.53125,-717914.5,315916.8125
0.0100020002573729,401849.375,-717093.125,314922.59375
0.0100029995664954,401937.09375,-716286.75,313945
0.0100039998069406,402030.40625,-715501.375,312987.59375
0.0100050000473857,402131.875,-714742.125,312053.1875
0.0100060002878308,402243.59375,-714013.1875,311143.96875
0.0100069995969534,402367.40625,-713317.875,310261.65625
0.0100079998373985,402504.8125,-712658.8125,309407.46875
0.0100090000778437,402656.96875,-712038.0625,308582.1875
0.0100100003182888,402824.71875,-711457.0625,307786.375
0.0100109996274114,403008.6875,-710916.625,307020.28125
0.0100119998678565,403209.15625,-710417.375,306283.90625
0.0100130001083016,403426.375,-709959.5,305577.15625
0.0100140003487468,403660.28125,-709542.75,304899.75
0.0100149996578693,403910.8125,-709166.9375,304251.34375
0.0100159998983145,404177.75,-708831.375,303631.40625
0.0100170001387596,404460.84375,-708535.5,303039.4375
0.0100180003792048,404759.875,-708278.375,302474.84375
0.0100189996883273,405074.5625,-708059.125,301936.9375
0.0100199999287724,405404.59375,-707876.8125,301425
0.0100210001692176,405749.71875,-707730.1875,300938.25
0.0100220004096627,406109.6875,-707618.25,300475.90625
0.0100229997187853,406484.28125,-707539.625,300037.09375
0.0100239999592304,406873.28125,-707493.125,299620.90625
0.0100250001996756,407276.34375,-707477.3125,299226.4375
0.0100260004401207,407693.28125,-707490.9375,298852.71875
0.0100269997492433,408123.6875,-707532.375,298498.78125
0.0100279999896884,408567.25,-707600.25,298163.65625
0.0100290002301335,409023.40625,-707692.9375,297846.375
0.0100299995392561,409491.625,-707808.9375,297546
0.0100309997797012,409971.15625,-707946.5625,297261.65625
0.0100320000201464,410461.21875,-708104.1875,296992.5
0.0100330002605915,410960.78125,-708280.1875,296737.75
0.0100339995697141,411468.71875,-708472.8125,296496.65625
0.0100349998101592,411983.71875,-708680.5,296268.6875
0.0100360000506043,412504.34375,-708901.5625,296053.25
0.0100370002910495,413029.0625,-709134.4375,295849.96875
0.010037999600172,413556.1875,-709377.5625,295658.46875
0.0100389998406172,414084,-709629.5,295478.46875
0.0100400000810623,414610.625,-709888.75,295309.71875
0.0100410003215075,415134.34375,-710154,295152.0625
0.01004199963063,415653.28125,-710423.9375,295005.28125
0.0100429998710752,416165.71875,-710697.375,294869.125
0.0100440001115203,416670.03125,-710973.1875,294743.375
0.0100450003519654,417164.71875,-711250.4375,294627.71875
0.010045999661088,417648.40625,-711528.125,294521.71875
0.0100469999015331,418119.9375,-711805.375,294424.875
0.0100480001419783,418578.28125,-712081.5,294336.59375
0.0100490003824234,419022.71875,-712355.75,294256.125
0.010049999691546,419452.65625,-712627.4375,294182.59375
0.0100509999319911,419867.75,-712896.125,294115.0625
0.0100520001724362,420267.8125,-713161.25,294052.40625
0.0100530004128814,420652.84375,-713422.3125,293993.53125
0.0100539997220039,421022.96875,-713678.9375,293937.125
0.0100549999624491,421378.53125,-713930.6875,293882
0.0100560002028942,421719.8125,-714177.1875,293826.84375
0.0100570004433393,422047.28125,-714418.1875,293770.40625
0.0100579997524619,422361.40625,-714653.25,293711.46875
0.010058999992907,422662.625,-714882.125,293648.90625
0.0100600002333522,422951.375,-715104.5,293581.625
0.0100609995424747,423228.0625,-715320.125,293508.78125
0.0100619997829199,423493.03125,-715528.6875,293429.5
0.010063000023365,423746.53125,-715730,293343.15625
0.0100640002638102,423988.75,-715923.75,293249.28125
0.0100649995729327,424219.75,-716109.6875,293147.5
0.0100659998133779,424439.5625,-716287.625,293037.6875
0.010067000053823,424648.0625,-716457.25,292919.78125
0.0100680002942681,424845.125,-716618.5,292793.96875
0.0100689996033907,425030.53125,-716771.1875,292660.4375
0.0100699998438358,425204,-716915,292519.65625
0.010071000084281,425365.25,-717049.9375,292372.03125
0.0100720003247261,425514,-717175.875,292218.21875
0.0100729996338487,425649.875,-717292.5625,292058.75
0.0100739998742938,425772.46875,-717399.6875,291894.1875
0.0100750001147389,425881.25,-717496.375,291724.8125
0.0100760003551841,425975.53125,-717581.5625,291550.875
0.0100769996643066,426055.0625,-717654.875,291372.75
0.0100779999047518,426120.46875,-717717.375,291191.53125
0.0100790001451969,426173.40625,-717772.125,291009.21875
0.0100800003856421,426216.09375,-717823.125,290828.0625
0.0100809996947646,426250.25,-717873.125,290649.90625
0.0100819999352098,426276.21875,-717922.4375,290475.34375
0.0100830001756549,426293,-717968.25,290303.59375
0.0100840004161,426298.59375,-718006,290132.9375
0.0100849997252226,426291.1875,-718030.8125,289961.40625
0.0100859999656677,426270.03125,-718039.6875,289787.4375
0.0100870002061129,426236,-718032,289610.4375
0.010088000446558,426191.78125,-718010.5,289430.875
0.0100889997556806,426141.28125,-717979.875,289250.21875
0.0100899999961257,426088.875,-717945.875,289070.34375
0.0100910002365708,426038.53125,-717913.6875,288892.96875
0.0100919995456934,425993.125,-717886.4375,288718.9375
0.0100929997861385,425954.125,-717864.6875,288548.0625
0.0100940000265837,425921.65625,-717846.5,288379
0.0100950002670288,425894.90625,-717828.25,288209.65625
0.0100959995761514,425872.6875,-717805.5,288037.4375
0.0100969998165965,425854.03125,-717774.125,287859.9375
0.0100980000570416,425838.625,-717731.4375,287675.0625
0.0100990002974868,425826.9375,-717676.125,287481.5
0.0100999996066093,425820.4375,-717608.6875,287278.5625
0.0101009998470545,425821.25,-717531.0625,287066.15625
0.0101020000874996,425831.96875,-717446,286844.59375
0.0101030003279448,425855.3125,-717356.75,286614.375
0.0101039996370673,425893.84375,-717266.4375,286376
0.0101049998775125,425949.75,-717177.5625,286129.96875
0.0101060001179576,426024.625,-717092.1875,285876.53125
0.0101070003584027,426119.34375,-717011.5,285616.03125
0.0101079996675253,426234.28125,-716936.0625,285348.625
0.0101089999079704,426369.25,-716866.0625,285074.65625
0.0101100001484156,426523.5625,-716801.5,284794.53125
0.0101110003888607,426696.5,-716742.4375,284508.9375
0.0101119996979833,426887.09375,-716688.9375,284218.6875
0.0101129999384284,427094.53125,-716641.5,283924.84375
0.0101140001788735,427318.1875,-716601.0625,283628.625
0.0101150004193187,427557.53125,-716568.8125,283331.375
0.0101159997284412,427812.3125,-716546.125,283034.4375
0.0101169999688864,428082.4375,-716534.75,282739.21875
0.0101180002093315,428367.78125,-716536.3125,282446.96875
0.0101190004497766,428668.375,-716552.1875,282158.84375
0.0101199997588992,428984,-716583.625,281875.71875
0.0101209999993443,429314.3125,-716631.375,281598.375
0.0101220002397895,429658.6875,-716695.6875,281327.21875
0.010122999548912,430016.25,-716776.25,281062.5
0.0101239997893572,430385.71875,-716872.25,280804.1875
0.0101250000298023,430765.625,-716982.125,280552
0.0101260002702475,431154.09375,-717103.9375,280305.40625
0.01012699957937,431549.21875,-717235.4375,280063.75
0.0101279998198152,431948.78125,-717373.875,279826.15625
0.0101290000602603,432350.59375,-717516.4375,279591.6875
0.0101300003007054,432752.5,-717660.1875,279359.28125
0.010130999609828,433152.28125,-717802.125,279127.875
0.0101319998502731,433547.96875,-717939.5625,278896.34375
0.0101330000907183,433937.625,-718069.9375,278663.75
0.0101340003311634,434319.59375,-718190.9375,278429.1875
0.010134999640286,434692.25,-718300.6875,278191.9375
0.0101359998807311,435054.28125,-718397.5,277951.53125
0.0101370001211762,435404.4375,-718480.3125,277707.625
0.0101380003616214,435741.65625,-718548.25,277460.28125
0.0101389996707439,436064.90625,-718601,277209.71875
0.0101399999111891,436373.375,-718638.4375,276956.5
0.0101410001516342,436666.25,-718660.875,276701.4375
0.0101420003920794,436942.84375,-718668.875,276445.53125
0.0101429997012019,437202.5625,-718663.375,276190.0625
0.0101439999416471,437444.875,-718645.375,275936.375
0.0101450001820922,437669.4375,-718616.25,275685.96875
0.0101460004225373,437876,-718577.375,275440.34375
0.0101469997316599,438064.53125,-718530.3125,275200.9375
0.010147999972105,438235.0625,-718476.5,274969.03125
0.0101490002125502,438387.875,-718417.5,274745.75
0.0101500004529953,438523.4375,-718354.6875,274531.9375
0.0101509997621179,438642.375,-718289.375,274328.21875
0.010152000002563,438745.5,-718222.875,274134.96875
0.0101530002430081,438833.875,-718156.4375,273952.34375
0.0101539995521307,438908.6875,-718091.25,273780.15625
0.0101549997925758,438971.25,-718028.1875,273618.09375
0.010156000033021,439023,-717968.0625,273465.3125
0.0101570002734661,439065.34375,-717911.1875,273320.8125
0.0101579995825887,439099.8125,-717857.8125,273183.21875
0.0101589998230338,439127.8125,-717807.8125,273051
0.0101600000634789,439150.71875,-717760.9375,272922.59375
0.0101610003039241,439169.75,-717717,272796.4375
0.0101619996130466,439186.09375,-717675.5625,272671.09375
0.0101629998534918,439200.75,-717636.375,272545.21875
0.0101640000939369,439214.625,-717599.0625,272417.625
0.0101650003343821,439228.4375,-717563.125,272287.15625
0.0101659996435046,439242.84375,-717528.125,272152.71875
0.0101669998839498,439258.25,-717493.25,272013.21875
0.0101680001243949,439275.03125,-717457.8125,271867.71875
0.01016900036484,439293.3125,-717420.9375,271715.34375
0.0101699996739626,439313.1875,-717381.875,271555.46875
0.0101709999144077,439334.59375,-717340,271387.625
0.0101720001548529,439357.375,-717294.75,271211.59375
0.010173000395298,439381.3125,-717245.625,271027.375
0.0101739997044206,439406.21875,-717192.375,270835.03125
0.0101749999448657,439431.875,-717134.5625,270634.6875
0.0101760001853108,439458.15625,-717072.125,270426.5625
0.010177000425756,439484.9375,-717004.6875,270210.71875
0.0101779997348785,439512.3125,-716932.0625,269987.1875
0.0101789999753237,439540.375,-716854,269755.90625
0.0101800002157688,439569.40625,-716770.4375,269516.71875
0.010181000456214,439599.75,-716681.0625,269269.34375
0.0101819997653365,439631.96875,-716585.875,269013.4375
0.0101830000057817,439666.625,-716484.75,268748.625
0.0101840002462268,439704.5,-716377.875,268474.4375
0.0101849995553493,439746.4375,-716265.1875,268190.34375
0.0101859997957945,439793.34375,-716147,267895.75
0.0101870000362396,439846.28125,-716023.375,267590.0625
0.0101880002766848,439906.25,-715894.625,267272.59375
0.0101889995858073,439974.375,-715761,266942.625
0.0101899998262525,440051.65625,-715622.625,266599.4375
0.0101910000666976,440139.125,-715479.8125,266242.3125
0.0101920003071427,440237.6875,-715332.6875,265870.59375
0.0101929996162653,440348.09375,-715181.4375,265483.75
0.0101939998567104,440470.90625,-715026.1875,265081.3125
0.0101950000971556,440606.53125,-714867,264663
0.0101960003376007,440755.09375,-714704,264228.75
0.0101969996467233,440916.53125,-714537.125,263778.625
0.0101979998871684,441090.4375,-714366.5,263313
0.0101990001276135,441276.1875,-714192,262832.46875
0.0102000003680587,441472.90625,-714013.75,262337.78125
0.0102009996771812,441679.5,-713831.5625,261829.984375
0.0102019999176264,441894.6875,-713645.5,261310.28125
0.0102030001580715,442116.96875,-713455.5,260780.015625
0.0102040003985167,442344.78125,-713261.5625,260240.71875
0.0102049997076392,442576.4375,-713063.5625,259693.96875
0.0102059999480844,442810.25,-712861.6875,259141.46875
0.0102070001885295,443044.5,-712655.875,258584.921875
0.0102080004289746,443277.5625,-712446.25,258026.03125
0.0102089997380972,443507.84375,-712233.0625,257466.515625
0.0102099999785423,443733.9375,-712016.4375,256908
0.0102110002189875,443954.59375,-711796.75,256352.046875
0.0102120004594326,444168.75,-711574.4375,255800.140625
0.0102129997685552,444375.53125,-711350,255253.640625
0.0102140000090003,444574.28125,-711124,254713.765625
0.0102150002494454,444764.65625,-710897.125,254181.609375
0.010215999558568,444946.4375,-710670.125,253658.03125
0.0102169997990131,445119.65625,-710443.5625,253143.75
0.0102180000394583,445284.53125,-710218.25,252639.296875
0.0102190002799034,445441.5,-709994.875,252145.015625
0.010219999589026,445591.1875,-709774.3125,251661.140625
0.0102209998294711,445734.40625,-709557.3125,251187.734375
0.0102220000699162,445872.09375,-709344.75,250724.734375
0.0102230003103614,446005.28125,-709137.375,250271.984375
0.0102239996194839,446135.03125,-708935.9375,249829.21875
0.0102249998599291,446262.4375,-708741.0625,249396.0625
0.0102260001003742,446388.46875,-708553.1875,248972.0625
0.0102270003408194,446514.09375,-708372.6875,248556.6875
0.0102279996499419,446640.15625,-708199.8125,248149.375
0.0102289998903871,446767.40625,-708034.5,247749.53125
0.0102300001308322,446896.5625,-707876.9375,247356.625
0.0102310003712773,447028.1875,-707727.0625,246970.09375
0.0102319996803999,447162.78125,-707584.8125,246589.484375
0.010232999920845,447300.84375,-707450.3125,246214.390625
0.0102340001612902,447442.71875,-707323.3125,245844.4375
0.0102350004017353,447588.625,-707203.8125,245479.28125
0.0102359997108579,447738.78125,-707091.5625,245118.609375
0.010236999951303,447893.15625,-706986.3125,244762.109375
0.0102380001917481,448051.78125,-706887.5,244409.421875
0.0102390004321933,448214.5,-706794.8125,244060.25
0.0102399997413158,448381.1875,-706707.625,243714.234375
0.010240999981761,448551.65625,-706625.5,243371.078125
0.0102420002222061,448725.8125,-706547.9375,243030.484375
0.0102430004626513,448903.46875,-706474.5,242692.171875
0.0102439997717738,449084.65625,-706404.9375,242355.921875
0.010245000012219,449269.3125,-706338.875,242021.515625
0.0102460002526641,449457.46875,-706276.1875,241688.75
0.0102469995617867,449649.15625,-706216.6875,241357.46875
0.0102479998022318,449844.5,-706160.25,241027.5
0.0102490000426769,450043.53125,-706106.6875,240698.71875
0.0102500002831221,450246.28125,-706055.875,240371
0.0102509995922446,450452.8125,-706007.625,240044.25
0.0102519998326898,450663.09375,-705961.75,239718.421875
0.0102530000731349,450877.03125,-705918.1875,239393.515625
0.01025400031358,451094.5625,-705876.6875,239069.578125
0.0102549996227026,451315.53125,-705837.1875,238746.765625
0.0102559998631477,451539.71875,-705799.5625,238425.296875
0.0102570001035929,451766.9375,-705763.75,238105.46875
0.010258000344038,451996.8125,-705729.6875,237787.640625
0.0102589996531606,452229.03125,-705697.5,237472.296875
0.0102599998936057,452463.15625,-705667.0625,237159.953125
0.0102610001340508,452698.71875,-705638.5,236851.21875
0.010262000374496,452935.125,-705611.8125,236546.765625
0.0102629996836185,453171.75,-705587.0625,236247.296875
0.0102639999240637,453407.875,-705564.25,235953.578125
0.0102650001645088,453642.78125,-705543.3125,235666.390625
0.010266000404954,453875.5625,-705524.3125,235386.515625
0.0102669997140765,454105.40625,-705507.1875,235114.796875
0.0102679999545217,454331.40625,-705491.9375,234852.015625
0.0102690001949668,454552.65625,-705478.5,234598.9375
0.0102700004354119,454768.28125,-705466.8125,234356.3125
0.0102709997445345,454977.4375,-705456.8125,234124.8125
0.0102719999849796,455179.25,-705448.4375,233905.015625
0.0102730002254248,455372.875,-705441.3125,233697.359375
0.0102739995345473,455557.4375,-705434.9375,233502.03125
0.0102749997749925,455731.90625,-705428.5625,233319.015625
0.0102760000154376,455895.40625,-705421.1875,233148.21875
0.0102770002558827,456047.25,-705412.75,232989.84375
0.0102779995650053,456187.5625,-705404.4375,232844.75
0.0102789998054504,456317.15625,-705398.9375,232714.53125
0.0102800000458956,456437.34375,-705399.625,232600.84375
0.0102810002863407,456549.5,-705408.875,232504.390625
0.0102819995954633,456654.46875,-705426.5,232424.015625
0.0102829998359084,456752.375,-705449.4375,232356.453125
0.0102840000763535,456842.78125,-705472.8125,232297.28125
0.0102850003167987,456925.1875,-705492.125,232242.359375
0.0102859996259212,456999.1875,-705504.6875,232189.421875
0.0102869998663664,457065,-705511.3125,232138.6875
0.0102880001068115,457123.3125,-705515.3125,232092.5
0.0102890003472567,457175.09375,-705521.25,232054.109375
0.0102899996563792,457221.375,-705533,232025.96875
0.0102909998968244,457263,-705552,232008.640625
0.0102920001372695,457300.34375,-705576.875,232000.34375
0.0102930003777146,457333.375,-705603.9375,231997.390625
0.0102939996868372,457361.65625,-705627.875,231995.109375
0.0102949999272823,457384.53125,-705643.625,231989.15625
0.0102960001677275,457401.1875,-705647.125,231976.3125
0.0102970004081726,457410.8125,-705636.1875,231955.09375
0.0102979997172952,457412.875,-705610.5625,231925.765625
0.0102989999577403,457407.0625,-705571.8125,231889.90625
0.0103000001981854,457393.53125,-705522.5,231849.859375
0.0103010004386306,457372.84375,-705466.0625,231808.078125
0.0103019997477531,457346.25,-705405.75,231766.59375
0.0103029999881983,457315.5625,-705344.6875,231726.59375
0.0103040002286434,457283.15625,-705285.6875,231688.265625
0.010304999537766,457252,-705230.875,231650.859375
0.0103059997782111,457225.375,-705182.125,231612.859375
0.0103070000186563,457206.90625,-705140.9375,231572.25
0.0103080002591014,457200.25,-705108.8125,231526.859375
0.010308999568224,457208.90625,-705087.125,231474.625
0.0103099998086691,457236.0625,-705077.3125,231413.875
0.0103110000491142,457284.5,-705080.875,231343.453125
0.0103120002895594,457356.28125,-705099.125,231262.734375
0.0103129995986819,457452.75,-705133.3125,231171.6875
0.0103139998391271,457574.53125,-705184.25,231070.640625
0.0103150000795722,457721.4375,-705252.1875,230960.265625
0.0103160003200173,457892.4375,-705336.8125,230841.359375
0.0103169996291399,458085.84375,-705437,230714.6875
0.010317999869585,458299.3125,-705550.8125,230580.921875
0.0103190001100302,458529.90625,-705675.5625,230440.5
0.0103200003504753,458774.25,-705807.9375,230293.640625
0.0103209996595979,459028.71875,-705943.9375,230140.328125
0.010321999900043,459289.40625,-706079.25,229980.375
0.0103230001404881,459552.4375,-706209.4375,229813.4375
0.0103240003809333,459813.96875,-706330.125,229639.15625
0.0103249996900558,460070.40625,-706437.1875,229457.171875
0.010325999930501,460318.34375,-706526.9375,229267.25
0.0103270001709461,460554.90625,-706596.125,229069.21875
0.0103280004113913,460777.65625,-706642.5,228863.09375
0.0103289997205138,460984.75,-706664.3125,228649.03125
0.010329999960959,461175,-706660.625,228427.28125
0.0103310002014041,461347.84375,-706631.375,228198.171875
0.0103320004418492,461503.5,-706577.125,227962.046875
0.0103329997509718,461642.71875,-706499.125,227719.25
0.0103339999914169,461766.96875,-706399.0625,227470.0625
0.0103350002318621,461878.25,-706279.25,227214.6875
0.0103359995409846,461979.09375,-706142.1875,226953.25
0.0103369997814298,462072.25,-705990.75,226685.796875
0.0103380000218749,462160.875,-705827.75,226412.328125
0.01033900026232,462248.09375,-705656.3125,226132.828125
0.0103399995714426,462337.0625,-705479.25,225847.296875
0.0103409998118877,462430.78125,-705299.4375,225555.8125
0.0103420000523329,462532.03125,-705119.5625,225258.578125
0.010343000292778,462643.21875,-704942,224955.9375
0.0103439996019006,462766.3125,-704768.9375,224648.34375
0.0103449998423457,462902.875,-704602.25,224336.484375
0.0103460000827909,463054,-704443.5625,224021.171875
0.010347000323236,463220.28125,-704294.125,223703.3125
0.0103479996323586,463401.875,-704154.9375,223383.96875
0.0103489998728037,463598.625,-704026.5,223064.1875
0.0103500001132488,463809.9375,-703909.375,222745.0625
0.010351000353694,464035.0625,-703803.5,222427.578125
0.0103519996628165,464272.96875,-703708.875,222112.640625
0.0103529999032617,464522.5625,-703625.0625,221801
0.0103540001437068,464782.6875,-703551.625,221493.25
0.0103550003841519,465052.15625,-703487.875,221189.703125
0.0103559996932745,465329.875,-703433.125,220890.53125
0.0103569999337196,465614.8125,-703386.5625,220595.671875
0.0103580001741648,465906.0625,-703347.3125,220304.8125
0.0103590004146099,466202.84375,-703314.5,220017.5
0.0103599997237325,466504.4375,-703287.375,219733.15625
0.0103609999641776,466810.28125,-703265.125,219451.015625
0.0103620002046227,467119.9375,-703246.9375,219170.296875
0.0103630004450679,467432.96875,-703232.1875,218890.140625
0.0103639997541904,467749.03125,-703220.0625,218609.703125
0.0103649999946356,468067.75,-703210.0625,218328.1875
0.0103660002350807,468388.84375,-703201.5,218044.828125
0.0103669995442033,468711.9375,-703193.9375,217758.984375
0.0103679997846484,469036.59375,-703186.75,217470.078125
0.0103690000250936,469362.34375,-703179.4375,217177.6875
0.0103700002655387,469688.65625,-703171.5625,216881.5
0.0103709995746613,470014.9375,-703162.5625,216581.359375
0.0103719998151064,470340.5,-703151.9375,216277.171875
0.0103730000555515,470664.65625,-703139.125,215969.015625
0.0103740002959967,470986.5625,-703123.75,215657.0625
0.0103749996051192,471305.46875,-703105.125,215341.5625
0.0103759998455644,471620.53125,-703082.875,215022.8125
0.0103770000860095,471930.96875,-703056.4375,214701.234375
0.0103780003264546,472235.96875,-703025.375,214377.203125
0.0103789996355772,472534.875,-702989.25,214051.171875
0.0103799998760223,472827,-702947.625,213723.53125
0.0103810001164675,473111.8125,-702900.125,213394.703125
0.0103820003569126,473388.9375,-702846.5,213065.015625
0.0103829996660352,473658,-702786.5,212734.8125
0.0103839999064803,473918.9375,-702719.875,212404.34375
0.0103850001469254,474171.65625,-702646.5625,212073.765625
0.0103860003873706,474416.3125,-702566.5625,211743.25
0.0103869996964931,474653.1875,-702479.875,211412.84375
0.0103879999369383,474882.59375,-702386.5625,211082.5625
0.0103890001773834,475105.03125,-702286.9375,210752.375
0.0103900004178286,475321.09375,-702181.125,210422.21875
0.0103909997269511,475531.375,-702069.5,210092.03125
0.0103919999673963,475736.53125,-701952.375,209761.703125
0.0103930002078414,475937.28125,-701830.1875,209431.1875
0.0103940004482865,476134.25,-701703.375,209100.4375
0.0103949997574091,476328.0625,-701572.3125,208769.484375
0.0103959999978542,476519.3125,-701437.625,208438.375
0.0103970002382994,476708.46875,-701299.8125,208107.265625
0.0103979995474219,476895.9375,-701159.25,207776.390625
0.0103989997878671,477082,-701016.625,207446.03125
0.0104000000283122,477266.8125,-700872.375,207116.609375
0.0104010002687573,477450.4375,-700727,206788.625
0.0104019995778799,477632.84375,-700581,206462.609375
0.010402999818325,477813.84375,-700434.875,206139.25
0.0104040000587702,477993.1875,-700289.0625,205819.203125
0.0104050002992153,478170.3125,-700143.6875,205503.140625
0.0104059996083379,478344.1875,-699997.9375,205191.15625
0.010406999848783,478512.09375,-699847.5,204881.875
0.0104080000892282,478668.625,-699682.75,204571.265625
0.0104090003296733,478805.90625,-699489.0625,204252.921875
0.0104099996387959,478917.09375,-699254.375,203921.75
0.010410999879241,479003.03125,-698982.9375,203580.671875
0.0104120001196861,479077.75,-698707.0625,203246.4375
0.0104130003601313,479168.34375,-698485.75,202948.796875
0.0104139996692538,479306.15625,-698385.875,202720.90625
0.010414999909699,479514.09375,-698453.1875,202584.765625
0.0104160001501441,479795.84375,-698690.0625,202539.640625
0.0104170003905892,480133.625,-699050.5,202559.78125
0.0104179996997118,480493.625,-699453.9375,202601.875
0.0104189999401569,480836.125,-699809.625,202618.0625
0.0104200001806021,481125.34375,-700039.6875,202568.453125
0.0104210004210472,481335.6875,-700093.875,202429.203125
0.0104219997301698,481454.125,-699954.5,202195.015625
0.0104229999706149,481479.1875,-699633.125,201877.09375
0.01042400021106,481418.65625,-699163,201498.546875
0.0104250004515052,481286.4375,-698589.9375,201088.75
0.0104259997606277,481100.03125,-697964.3125,200678.0625
0.0104270000010729,480878.53125,-697333.875,200293.375
0.010428000241518,480641.21875,-696739.625,199954.90625
0.0104289995506406,480406.6875,-696212.8125,199674.578125
0.0104299997910857,480192.0625,-695774,199455.859375
0.0104310000315309,480012.46875,-695434.1875,199294.75
0.010432000271976,479880.71875,-695195.875,199181.765625
0.0104329995810986,479806.875,-695055.5,199104.1875
0.0104339998215437,479798.28125,-695006,199048.515625
0.0104350000619888,479859.625,-695038.625,199002.265625
0.010436000302434,479993.03125,-695144.5625,198955.453125
0.0104369996115565,480198.40625,-695316.25,198901.21875
0.0104379998520017,480473.5,-695547.3125,198836.0625
0.0104390000924468,480814.15625,-695832.5,198759.390625
0.0104400003328919,481214.34375,-696167.1875,198672.953125
0.0104409996420145,481666.34375,-696546.375,198579.90625
0.0104419998824596,482160.8125,-696964.25,198484.09375
0.0104430001229048,482687.0625,-697413.25,198389.125
0.0104440003633499,483233.375,-697884.0625,198297.890625
0.0104449996724725,483787.625,-698365.5625,198212.03125
0.0104459999129176,484337.5625,-698845.25,198131.6875
0.0104470001533628,484871.53125,-699309.4375,198055.484375
0.0104480003938079,485379.03125,-699744.3125,197980.5625
0.0104489997029305,485851.125,-700136.5625,197902.875
0.0104499999433756,486280.8125,-700474.125,197817.515625
0.0104510001838207,486663.1875,-700746.75,197719.171875
0.0104520004242659,486995.59375,-700946.6875,197602.4375
0.0104529997333884,487277.5,-701068.8125,197462.328125
0.0104539999738336,487510.1875,-701110.75,197294.625
0.0104550002142787,487696.65625,-701072.9375,197096.109375
0.0104560004547238,487841.15625,-700958.375,196864.78125
0.0104569997638464,487948.84375,-700772.3125,196599.9375
0.0104580000042915,488025.53125,-700521.9375,196302.203125
0.0104590002447367,488077.28125,-700215.6875,195973.34375
0.0104599995538592,488110.1875,-699863,195616.1875
0.0104609997943044,488130.09375,-699473.9375,195234.421875
0.0104620000347495,488142.5625,-699058.5625,194832.296875
0.0104630002751946,488152.6875,-698626.6875,194414.4375
0.0104639995843172,488164.9375,-698187.5625,193985.609375
0.0104649998247623,488183.3125,-697749.8125,193550.53125
0.0104660000652075,488211.125,-697321.0625,193113.6875
0.0104670003056526,488251.25,-696907.875,192679.25
0.0104679996147752,488305.875,-696515.9375,192250.90625
0.0104689998552203,488376.8125,-696149.8125,191831.90625
0.0104700000956655,488465.40625,-695813.125,191424.984375
0.0104710003361106,488572.5625,-695508.5625,191032.328125
0.0104719996452332,488698.875,-695238,190655.6875
0.0104729998856783,488844.625,-695002.6875,190296.34375
0.0104740001261234,489009.90625,-694803.125,189955.171875
0.0104750003665686,489194.5,-694639.4375,189632.6875
0.0104759996756911,489398.125,-694511.3125,189329.078125
0.0104769999161363,489620.25,-694418,189044.234375
0.0104780001565814,489860.25,-694358.5,188777.859375
0.0104790003970265,490117.4375,-694331.5625,188529.40625
0.0104799997061491,490390.9375,-694335.8125,188298.140625
0.0104809999465942,490679.84375,-694369.5625,188083.203125
0.0104820001870394,490983.1875,-694431.125,187883.578125
0.0104830004274845,491299.8125,-694518.5,187698.171875
0.0104839997366071,491628.59375,-694629.6875,187525.765625
0.0104849999770522,491968.3125,-694762.625,187365.078125
0.0104860002174973,492317.5625,-694914.875,187214.765625
0.0104870004579425,492675.0625,-695084.25,187073.46875
0.010487999767065,493039.3125,-695268.1875,186939.765625
0.0104890000075102,493408.84375,-695464.25,186812.25
0.0104900002479553,493782.15625,-695669.8125,186689.53125
0.0104909995570779,494157.625,-695882.3125,186570.203125
0.010491999797523,494533.78125,-696099.125,186452.921875
0.0104930000379682,494909,-696317.625,186336.375
0.0104940002784133,495281.84375,-696535.3125,186219.25
0.0104949995875359,495650.78125,-696749.5625,186100.34375
0.010495999827981,496014.46875,-696957.9375,185978.46875
0.0104970000684261,496371.59375,-697158.125,185852.453125
0.0104980003088713,496721,-697347.8125,185721.25
0.0104989996179938,497061.59375,-697525,185583.796875
0.010499999858439,497392.5,-697687.625,185439.125
0.0105010000988841,497712.90625,-697833.9375,185286.296875
0.0105020003393292,498022.25,-697962.3125,185124.421875
0.0105029996484518,498320.03125,-698071.375,184952.71875
0.0105039998888969,498605.96875,-698159.9375,184770.421875
0.0105050001293421,498879.875,-698226.9375,184576.859375
0.0105060003697872,499141.78125,-698271.5625,184371.453125
0.0105069996789098,499391.71875,-698293.25,184153.703125
0.0105079999193549,499629.9375,-698291.625,183923.203125
0.0105090001598001,499856.71875,-698266.5,183679.640625
0.0105100004002452,500072.4375,-698217.875,183422.828125
0.0105109997093678,500277.5625,-698145.875,183152.65625
0.0105119999498129,500472.53125,-698050.8125,182869.109375
0.010513000190258,500657.9375,-697933.25,182572.296875
0.0105140004307032,500834.3125,-697793.75,182262.375
0.0105149997398257,501002.28125,-697633.0625,181939.609375
0.0105159999802709,501162.46875,-697452.0625,181604.3125
0.010517000220716,501315.5625,-697251.75,181256.828125
0.0105180004611611,501462.21875,-697033,180897.578125
0.0105189997702837,501603.15625,-696797.0625,180526.96875
0.0105200000107288,501739.125,-696545.0625,180145.421875
0.010521000251174,501870.875,-696278.1875,179753.375
0.0105219995602965,501999.25,-695997.75,179351.265625
0.0105229998007417,502125.0625,-695705.0625,178939.453125
0.0105240000411868,502249.1875,-695401.3125,178518.359375
0.0105250002816319,502372.5,-695088.0625,178088.34375
0.0105259995907545,502495.90625,-694766.5,177649.75
0.0105269998311996,502620.3125,-694438.0625,177202.921875
0.0105280000716448,502746.59375,-694104.25,176748.203125
0.0105290003120899,502875.6875,-693766.3125,176285.9375
0.0105299996212125,503008.40625,-693425.6875,175816.5
0.0105309998616576,503145.5625,-693083.8125,175340.265625
0.0105320001021028,503287.96875,-692742,174857.703125
0.0105330003425479,503436.25,-692401.625,174369.265625
0.0105339996516705,503591.0625,-692064.0625,173875.515625
0.0105349998921156,503752.90625,-691730.5625,173377.078125
0.0105360001325607,503922.25,-691402.375,172874.625
0.0105370003730059,504099.375,-691080.8125,172368.90625
0.0105379996821284,504284.5625,-690767,171860.796875
0.0105389999225736,504478.15625,-690462.625,171351.453125
0.0105400001630187,504681.53125,-690171.625,170843.234375
0.0105410004034638,504898.875,-689903.75,170341.421875
0.0105419997125864,505138.71875,-689678,169855.859375
0.0105429999530315,505412.46875,-689519.5,169399.546875
0.0105440001934767,505726.875,-689443.875,168981.234375
0.0105450004339218,506072.84375,-689434.8125,168594.640625
0.0105459997430444,506418.5625,-689429.5,168211.46875
0.0105469999834895,506715.15625,-689330.3125,167786.40625
0.0105480002239347,506915.40625,-689042.1875,167274.5625
0.0105490004643798,506995.9375,-688517.25,166652.046875
0.0105499997735023,506970.59375,-687781.0625,165928.484375
0.0105510000139475,506887.21875,-686927.125,165145.171875
0.0105520002543926,506811.40625,-686085.5,164361.609375
0.0105529995635152,506805.9375,-685383.3125,163638.015625
0.0105539998039603,506914.4375,-684913.4375,163021.515625
0.0105550000444055,507154.8125,-684720.6875,162539.171875
0.0105560002848506,507521.09375,-684803.8125,162197.5625
0.0105569995939732,507991.125,-685127.5,161986.59375
0.0105579998344183,508535.625,-685637.5625,161884.859375
0.0105590000748634,509125.59375,-686274.1875,161864.765625
0.0105600003153086,509737,-686981.125,161896.859375
0.0105609996244311,510351.875,-687710.25,161953.1875
0.0105619998648763,510957.6875,-688423.375,162009.5
0.0105630001053214,511545.1875,-689091.5,162046.890625
0.0105640003457665,512106.53125,-689693.3125,162052.5
0.0105649996548891,512633.84375,-690214,162019.34375
0.0105659998953342,513118.6875,-690643.5,161945.703125
0.0105670001357794,513552.375,-690975.625,161833.75
0.0105680003762245,513926.65625,-691207.125,161688.046875
0.0105689996853471,514234.625,-691337.125,161514.1875
0.0105699999257922,514471.5625,-691366.9375,161317.546875
0.0105710001662374,514635.625,-691299.625,161102.484375
0.0105720004066825,514728.09375,-691140.125,160872.109375
0.0105729997158051,514753.40625,-690895.25,160628.1875
0.0105739999562502,514718.9375,-690573.625,160371.484375
0.0105750001966953,514634.5,-690185.875,160102.1875
0.0105760004371405,514511.84375,-689744.1875,159820.234375
0.010576999746263,514363.90625,-689262,159525.796875
0.0105779999867082,514204.28125,-688753.8125,159219.453125
0.0105790002271533,514046.375,-688234.5625,158902.40625
0.0105799995362759,513903.125,-687719.1875,158576.5625
0.010580999776721,513786.28125,-687222.0625,158244.46875
0.0105820000171661,513706.25,-686756.875,157909.296875
0.0105830002576113,513671.75,-686335.875,157574.734375
0.0105839995667338,513689.71875,-685970.0625,157244.84375
0.010584999807179,513765.1875,-685668.8125,156923.96875
0.0105860000476241,513901.375,-685439.625,156616.59375
0.0105870002880692,514099.65625,-685288.3125,156327.171875
0.0105879995971918,514359.65625,-685218.8125,156060
0.0105889998376369,514679.375,-685233.1875,155819.140625
0.0105900000780821,515055.4375,-685331.625,155608.28125
0.0105910003185272,515483.09375,-685512.6875,155430.640625
0.0105919996276498,515956.625,-685773.3125,155288.859375
0.0105929998680949,516469.40625,-686108.9375,155185.03125
0.0105940001085401,517014.25,-686513.75,155120.609375
0.0105950003489852,517583.53125,-686981,155096.359375
0.0105959996581078,518169.59375,-687503,155112.4375
0.0105969998985529,518764.65625,-688071.4375,155168.34375
0.010598000138998,519361.3125,-688677.6875,155262.96875
0.0105990003794432,519952.4375,-689312.8125,155394.640625
0.0105999996885657,520531.375,-689967.75,155561.078125
0.0106009999290109,521092.15625,-690633.625,155759.5625
0.010602000169456,521629.28125,-691301.6875,155986.8125
0.0106030004099011,522138.0625,-691963.3125,156239.15625
0.0106039997190237,522614.40625,-692610.375,156512.515625
0.0106049999594688,523054.875,-693234.9375,156802.453125
0.010606000199914,523456.71875,-693829.625,157104.171875
0.0106070004403591,523817.875,-694387.25,157412.65625
0.0106079997494817,524136.75,-694901.25,157722.671875
0.0106089999899268,524412.4375,-695365.5625,158028.78125
0.010610000230372,524644.5,-695774.5,158325.484375
0.0106109995394945,524833,-696123.0625,158607.28125
0.0106119997799397,524978.4375,-696406.6875,158868.640625
0.0106130000203848,525081.8125,-696621.5,159104.234375
0.0106140002608299,525144.4375,-696764.4375,159308.875
0.0106149995699525,525168.125,-696832.875,159477.65625
0.0106159998103976,525154.9375,-696825.25,159606.0625
0.0106170000508428,525107.3125,-696740.5625,159689.90625
0.0106180002912879,525027.9375,-696578.6875,159725.53125
0.0106189996004105,524919.875,-696340.4375,159709.78125
0.0106199998408556,524786.3125,-696027.25,159640.0625
0.0106210000813007,524630.75,-695641.4375,159514.375
0.0106220003217459,524456.8125,-695186.1875,159331.328125
0.0106229996308684,524268.25,-694665.1875,159090.125
0.0106239998713136,524068.9375,-694082.9375,158790.625
0.0106250001117587,523862.75,-693444.4375,158433.25
0.0106260003522038,523653.625,-692755.25,158019.015625
0.0106269996613264,523445.4375,-692021.3125,157549.453125
0.0106279999017715,523241.9375,-691248.8125,157026.625
0.0106290001422167,523046.84375,-690444.3125,156453.046875
0.0106300003826618,522863.59375,-689614.375,155831.671875
0.0106309996917844,522695.53125,-688765.6875,155165.796875
0.0106319999322295,522545.75,-687904.875,154459.0625
0.0106330001726747,522417.03125,-687038.5625,153715.375
0.0106340004131198,522311.9375,-686173,152938.859375
0.0106349997222424,522232.78125,-685314.5,152133.828125
0.0106359999626875,522181.53125,-684468.875,151304.765625
0.0106370002031326,522159.875,-683641.75,150456.171875
0.0106380004435778,522169.21875,-682838.4375,149592.65625
0.0106389997527003,522210.65625,-682063.875,148718.8125
0.0106399999931455,522285.0625,-681322.625,147839.203125
0.0106410002335906,522392.96875,-680618.75,146958.34375
0.0106419995427132,522534.71875,-679956.125,146080.609375
0.0106429997831583,522710.375,-679338.0625,145210.265625
0.0106440000236034,522919.78125,-678767.5625,144351.40625
0.0106450002640486,523162.59375,-678247.0625,143507.9375
0.0106459995731711,523438.21875,-677778.75,142683.5
0.0106469998136163,523745.9375,-677364.3125,141881.53125
0.0106480000540614,524084.8125,-677004.9375,141105.1875
0.0106490002945065,524453.75,-676701.5,140357.3125
0.0106499996036291,524851.5,-676454.4375,139640.484375
0.0106509998440742,525276.6875,-676263.8125,138956.953125
0.0106520000845194,525727.6875,-676129.1875,138308.671875
0.0106530003249645,526202.9375,-676049.8125,137697.21875
0.0106539996340871,526700.5625,-676024.5,137123.90625
0.0106549998745322,527218.625,-676051.75,136589.71875
0.0106560001149774,527755.25,-676129.8125,136095.296875
0.0106570003554225,528308.125,-676256.375,135641
0.0106579996645451,528875.25,-676429.0625,135226.890625
0.0106589999049902,529454.25,-676645.1875,134852.703125
0.0106600001454353,530042.875,-676901.75,134517.953125
0.0106610003858805,530638.8125,-677195.6875,134221.84375
0.010661999695003,531239.6875,-677523.5,133963.375
0.0106629999354482,531843.1875,-677881.9375,133741.25
0.0106640001758933,532447.125,-678267.3125,133554
0.0106650004163384,533049.1875,-678676,133399.9375
0.010665999725461,533647.25,-679104.375,133277.1875
0.0106669999659061,534239.25,-679548.6875,133183.671875
0.0106680002063513,534823.25,-680005.3125,133117.203125
0.0106690004467964,535397.5,-680470.5625,133075.40625
0.010669999755919,535960.3125,-680940.9375,133055.8125
0.0106709999963641,536510.1875,-681412.9375,133055.828125
0.0106720002368093,537045.8125,-681883.1875,133072.796875
0.0106729995459318,537566.0625,-682348.625,133104.0625
0.010673999786377,538070.3125,-682806.8125,133147.171875
0.0106750000268221,538558.75,-683256.8125,133200.28125
0.0106760002672672,539032.5,-683699.5,133262.40625
0.0106769995763898,539493.125,-684136.625,133332.859375
0.0106779998168349,539940.75,-684567,133409.6875
0.0106790000572801,540372.25,-684982.5,133487.671875
0.0106800002977252,540780.375,-685366.9375,133557.8125
0.0106809996068478,541156.0625,-685700.4375,133609.15625
0.0106819998472929,541492.875,-685967.1875,133632.34375
0.010683000087738,541790.625,-686163.1875,133622.96875
0.0106840003281832,542056.375,-686298.4375,133582.734375
0.0106849996373057,542302.875,-686393.375,133518.15625
0.0106859998777509,542543.875,-686471.5,133437.703125
0.010687000118196,542790.25,-686552,133348.84375
0.0106880003586411,543047.125,-686644.8125,133256
0.0106889996677637,543313.5,-686749.4375,133159.640625
0.0106899999082088,543583.5,-686856.4375,133056.75
0.010691000148654,543848.5625,-686951.3125,132941.96875
0.0106920003890991,544100,-687018.9375,132809.296875
0.0106929996982217,544331,-687046.5625,132653.453125
0.0106939999386668,544537.6875,-687026.8125,132470.953125
0.010695000179112,544719.5,-686957.6875,132260.515625
0.0106960004195571,544878.75,-686842.5625,132022.890625
0.0106969997286797,545020,-686688.125,131760.21875
0.0106979999691248,545148.625,-686502.9375,131475.328125
0.0106990002095699,545270.375,-686295.5,131170.953125
0.0107000004500151,545390.0625,-686072.6875,130849.203125
0.0107009997591376,545511.25,-685839,130511.1640625
0.0107019999995828,545635.9375,-685596.1875,130156.8671875
0.0107030002400279,545764.375,-685343.0625,129785.3359375
0.0107039995491505,545895.1875,-685075.9375,129394.828125
0.0107049997895956,546025.9375,-684789.6875,128983.140625
0.0107060000300407,546153.25,-684478.0625,128547.9453125
0.0107070002704859,546273.625,-684134.8125,128087.0859375
0.0107079995796084,546383.5625,-683754.4375,127598.8671875
0.0107089998200536,546480.375,-683332.5625,127082.25
0.0107100000604987,546562,-682866.8125,126536.984375
0.0107110003009439,546627.5625,-682356.5,125963.703125
0.0107119996100664,546677.0625,-681803.125,125363.9375
0.0107129998505116,546711.6875,-681210,124740.078125
0.0107140000909567,546733.375,-680582.3125,124095.3203125
0.0107150003314018,546744.75,-679926.5,123433.5703125
0.0107159996405244,546748.875,-679250.1875,122759.3515625
0.0107169998809695,546749,-678561.625,122077.6484375
0.0107180001214147,546748.4375,-677869.375,121393.796875
0.0107190003618598,546750.3125,-677182.1875,120713.328125
0.0107199996709824,546757.375,-676508.375,120041.859375
0.0107209999114275,546772.125,-675855.875,119384.8828125
0.0107220001518726,546796.4375,-675231.75,118747.6484375
0.0107230003923178,546831.9375,-674642.5,118135.0234375
0.0107239997014403,546879.875,-674093.375,117551.3359375
0.0107249999418855,546941.0625,-673588.8125,117000.234375
0.0107260001823306,547016.25,-673132.125,116484.6328125
0.0107270004227757,547105.8125,-672725.75,116006.5703125
0.0107279997318983,547210.0625,-672370.875,115567.203125
0.0107289999723434,547329.375,-672068,115166.78125
0.0107300002127886,547464,-671816.5625,114804.6796875
0.0107310004532337,547614.0625,-671615.125,114479.4296875
0.0107319997623563,547779.75,-671461.6875,114188.8046875
0.0107330000028014,547961.1875,-671353.5,113929.9921875
0.0107340002432466,548158.3125,-671287.125,113699.640625
0.0107349995523691,548371.125,-671258.9375,113494.09375
0.0107359997928143,548599.25,-671264.6875,113309.4765625
0.0107370000332594,548842.1875,-671300.25,113141.90625
0.0107380002737045,549099.1875,-671361.125,112987.59375
0.0107389995828271,549369.375,-671443.0625,112842.9921875
0.0107399998232722,549651.5,-671541.6875,112704.921875
0.0107410000637174,549944.1875,-671653.1875,112570.609375
0.0107420003041625,550245.9375,-671773.8125,112437.78125
0.0107429996132851,550555.0625,-671900.3125,112304.6796875
0.0107439998537302,550869.75,-672029.875,112170.0546875
0.0107450000941753,551188.1875,-672160.1875,112033.15625
0.0107460003346205,551508.6875,-672289.375,111893.6875
0.010746999643743,551829.5,-672416.0625,111751.7421875
0.0107479998841882,552149.1875,-672539.375,111607.7265625
0.0107490001246333,552466.3125,-672658.8125,111462.328125
0.0107500003650784,552779.75,-672774.25,111316.3828125
0.010750999674201,553088.5625,-672885.9375,111170.8359375
0.0107519999146461,553391.9375,-672994.375,111026.6875
0.0107530001550913,553689.375,-673100.25,110884.8828125
0.0107540003955364,553980.625,-673204.25,110746.3125
0.010754999704659,554265.5625,-673307.375,110611.765625
0.0107559999451041,554544.0625,-673410.5,110481.90625
0.0107570001855493,554816.375,-673514.5,110357.2890625
0.0107580004259944,555082.6875,-673620.3125,110238.3359375
0.010758999735117,555343.25,-673728.75,110125.375
0.0107599999755621,555598.3125,-673840.4375,110018.6015625
0.0107610002160072,555848.125,-673956.1875,109918.1484375
0.0107620004564524,556092.9375,-674076.3125,109824.03125
0.0107629997655749,556333.0625,-674201.375,109736.2109375
0.0107640000060201,556568.4375,-674331.625,109654.625
0.0107650002464652,556799.3125,-674467.25,109579.1796875
0.0107659995555878,557025.6875,-674608.3125,109509.7734375
0.0107669997960329,557247.4375,-674755,109446.34375
0.010768000036478,557464.5625,-674907.3125,109388.828125
0.0107690002769232,557676.9375,-675065.125,109337.1953125
0.0107699995860457,557884.5,-675228.5,109291.3984375
0.0107709998264909,558087.125,-675397.1875,109251.375
0.010772000066936,558284.6875,-675571.0625,109217.03125
0.0107730003073812,558477.25,-675749.875,109188.2265625
0.0107739996165037,558664.75,-675933.25,109164.7578125
0.0107749998569489,558847.1875,-676120.875,109146.3828125
0.010776000097394,559024.6875,-676312.25,109132.8046875
0.0107770003378391,559197.5,-676506.9375,109123.6328125
0.0107779996469617,559365.8125,-676704.5,109118.4453125
0.0107789998874068,559529.875,-676904.1875,109116.71875
0.010780000127852,559690.125,-677105.5,109117.84375
0.0107810003682971,559846.9375,-677307.625,109121.1328125
0.0107819996774197,560000.75,-677509.875,109125.8046875
0.0107829999178648,560152.125,-677711.375,109131
0.0107840001583099,560301.5,-677911.25,109135.796875
0.0107850003987551,560449.375,-678108.5,109139.2109375
0.0107859997078776,560596.3125,-678302.1875,109140.25
0.0107869999483228,560742.625,-678491.25,109137.9140625
0.0107880001887679,560888.75,-678674.5625,109131.203125
0.010789000429213,561035,-678851.1875,109119.171875
0.0107899997383356,561181.5625,-679020.0625,109100.9296875
0.0107909999787807,561328.625,-679180.125,109075.6484375
0.0107920002192259,561476.25,-679330.375,109042.578125
0.010793000459671,561624.3125,-679469.8125,109001.046875
0.0107939997687936,561772.6875,-679597.5625,108950.4921875
0.0107950000092387,561921.25,-679712.6875,108890.40625
0.0107960002496839,562069.5625,-679814.375,108820.390625
0.0107969995588064,562217.375,-679901.9375,108740.1171875
0.0107979997992516,562364.25,-679974.625,108649.328125
0.0107990000396967,562509.75,-680031.9375,108547.8359375
0.0108000002801418,562653.5625,-680073.3125,108435.5078125
0.0108009995892644,562795.125,-680098.3125,108312.21875
0.0108019998297095,562934.1875,-680106.6875,108177.90625
0.0108030000701547,563070.4375,-680098.1875,108032.484375
0.0108040003105998,563203.5,-680072.6875,107875.875
0.0108049996197224,563333.375,-680030.1875,107707.9765625
0.0108059998601675,563459.9375,-679970.75,107528.6328125
0.0108070001006126,563583.1875,-679894.4375,107337.6796875
0.0108080003410578,563703.3125,-679801.5625,107134.890625
0.0108089996501803,563820.625,-679692.4375,106920
0.0108099998906255,563935.4375,-679567.4375,106692.7265625
0.0108110001310706,564048.375,-679427.125,106452.7265625
0.0108120003715158,564159.75,-679271.875,106199.59375
0.0108129996806383,564270.1875,-679101.875,105932.7890625
0.0108139999210835,564379.9375,-678917.375,105651.703125
0.0108150001615286,564489.625,-678718.4375,105355.703125
0.0108160004019737,564599.5625,-678505.375,105044.2734375
0.0108169997110963,564710.625,-678278.9375,104717.046875
0.0108179999515414,564823.5,-678040.0625,104373.8828125
0.0108190001919866,564939,-677789.9375,104014.7578125
0.0108200004324317,565057.8125,-677529.5625,103639.7421875
0.0108209997415543,565180.5,-677259.8125,103248.8671875
0.0108219999819994,565306.9375,-676980.9375,102842.109375
0.0108230002224445,565437.125,-676692.875,102419.375
0.0108240004628897,565570.375,-676395.375,101980.5390625
0.0108249997720122,565706.25,-676087.875,101525.5859375
0.0108260000124574,565844.1875,-675770.3125,101054.671875
0.0108270002529025,565983.75,-675442.9375,100568.265625
0.0108279995620251,566124.6875,-675106.5,100067.125
0.0108289998024702,566266.9375,-674762.125,99552.3203125
0.0108300000429153,566410.375,-674411.25,99025.09375
0.0108310002833605,566554.9375,-674055.1875,98486.7890625
0.010831999592483,566700.25,-673694.9375,97938.7265625
0.0108329998329282,566845.625,-673331.3125,97382.140625
0.0108340000733733,566990.375,-672964.625,96818.1328125
0.0108350003138185,567133.4375,-672594.8125,96247.7109375
0.010835999622941,567273.75,-672221.8125,95671.8203125
0.0108369998633862,567410.3125,-671845.4375,95091.390625
0.0108380001038313,567542.1875,-671465.6875,94507.421875
0.0108390003442764,567668.6875,-671082.8125,93920.96875
0.010839999653399,567789.3125,-670697.375,93333.171875
0.0108409998938441,567903.875,-670310.25,92745.2109375
0.0108420001342893,568012.1875,-669922.375,92158.265625
0.0108430003747344,568114.375,-669534.75,91573.4921875
0.010843999683857,568210.5625,-669148.375,90991.90625
0.0108449999243021,568300.875,-668764.0625,90414.4375
0.0108460001647472,568385.375,-668382.4375,89841.8359375
0.0108470004051924,568464.0625,-668003.875,89274.71875
0.0108479997143149,568537.0625,-667628.5,88713.546875
0.0108489999547601,568604.1875,-667256.375,88158.6640625
0.0108500001952052,568665.3125,-666887.3125,87610.3203125
0.0108510004356503,568720.5,-666521.125,87068.6640625
0.0108519997447729,568769.6875,-666157.5,86533.796875
0.010852999985218,568812.875,-665796.375,86005.765625
0.0108540002256632,568850.25,-665437.5,85484.578125
0.0108549995347857,568882.1875,-665080.875,84970.203125
0.0108559997752309,568908.9375,-664726.5625,84462.59375
0.010857000015676,568931.125,-664374.75,83961.6484375
0.0108580002561212,568949.1875,-664025.5625,83467.2734375
0.0108589995652437,568963.875,-663679.25,82979.3515625
0.0108599998056889,568975.8125,-663336.25,82497.7421875
0.010861000046134,568985.6875,-662996.75,82022.3125
0.0108620002865791,568994.1875,-662661.1875,81552.9375
0.0108629995957017,569002.0625,-662329.875,81089.4921875
0.0108639998361468,569009.9375,-662003.25,80631.8828125
0.010865000076592,569018.4375,-661681.625,80180.0078125
0.0108660003170371,569028.3125,-661365.5,79733.8203125
0.0108669996261597,569040.25,-661055.3125,79293.2578125
0.0108679998666048,569054.8125,-660751.5,78858.3046875
0.0108690001070499,569072.875,-660454.625,78428.9375
0.0108700003474951,569095,-660165.3125,78005.1328125
0.0108709996566176,569122.0625,-659884.125,77586.859375
0.0108719998970628,569154.8125,-659611.625,77174.078125
0.0108730001375079,569194.125,-659348.5,76766.734375
0.0108740003779531,569240.6875,-659095.3125,76364.734375
0.0108749996870756,569295.5,-658852.75,75967.984375
0.0108759999275208,569359.1875,-658621.3125,75576.3359375
0.0108770001679659,569432.6875,-658401.4375,75189.59375
0.010878000408411,569516.5,-658193.375,74807.4609375
0.0108789997175336,569611.3125,-657997.0625,74429.5
0.0108799999579787,569717.3125,-657812.25,74055.171875
0.0108810001984239,569834.75,-657638.375,73683.8828125
0.010882000438869,569963.6875,-657474.9375,73315.140625
0.0108829997479916,570104.1875,-657321.625,72948.6875
0.0108839999884367,570256.25,-657178.3125,72584.46875
0.0108850002288818,570419.75,-657045,72222.5703125
0.0108859995380044,570594.625,-656921.375,71862.9765625
0.0108869997784495,570780.4375,-656806.9375,71505.40625
0.0108880000188947,570976.75,-656700.3125,71149.2265625
0.0108890002593398,571182.875,-656600,70793.59375
0.0108899995684624,571397.875,-656504.3125,70437.703125
0.0108909998089075,571620.875,-656411.75,70081.09375
0.0108920000493526,571850.875,-656321.625,69723.859375
0.0108930002897978,572086.9375,-656233.5625,69366.6484375
0.0108939995989203,572328.1875,-656148,69010.53125
0.0108949998393655,572573.75,-656065.375,68656.7421875
0.0108960000798106,572822.9375,-655986.125,68306.3515625
0.0108970003202558,573074.875,-655910.375,67960.15625
0.0108979996293783,573328.75,-655837.875,67618.5703125
0.0108989998698235,573583.875,-655768.125,67281.796875
0.0109000001102686,573839.3125,-655700.5,66949.9375
0.0109010003507137,574094.1875,-655634.5,66623.234375
0.0109019996598363,574347.5625,-655569.875,66302.171875
0.0109029999002814,574598.5,-655506.5625,65987.5625
0.0109040001407266,574846,-655444.875,65680.4453125
0.0109050003811717,575089.0625,-655385.1875,65382.03515625
0.0109059996902943,575326.6875,-655328.0625,65093.55078125
0.0109069999307394,575557.9375,-655273.75,64816.0859375
0.0109080001711845,575781.875,-655222.375,64550.51171875
0.0109090004116297,575997.5,-655173.8125,64297.421875
0.0109099997207522,576203.9375,-655127.75,64057.125
0.0109109999611974,576400.375,-655083.5625,63829.6796875
0.0109120002016425,576585.875,-655040.375,63614.9765625
0.0109130004420877,576759.6875,-654997.5,63412.78515625
0.0109139997512102,576921,-654954.0625,63222.84765625
0.0109149999916553,577069.125,-654909.4375,63044.90625
0.0109160002321005,577203.5625,-654862.9375,62878.7578125
0.010916999541223,577323.8125,-654814.3125,62724.2421875
0.0109179997816682,577429.6875,-654763.375,62581.23046875
0.0109190000221133,577521.0625,-654710.1875,62449.58984375
0.0109200002625585,577598.1875,-654655.0625,62329.16015625
0.010920999571681,577661.4375,-654598.375,62219.69921875
0.0109219998121262,577711.6875,-654540.875,62120.8671875
0.0109230000525713,577749.875,-654483.1875,62032.1953125
0.0109240002930164,577777.1875,-654426.1875,61953.09765625
0.010924999602139,577795.125,-654370.875,61882.8671875
0.0109259998425841,577805.375,-654318.0625,61820.70703125
0.0109270000830293,577809.5625,-654268.875,61765.77734375
0.0109280003234744,577809.5,-654224.3125,61717.1953125
0.010928999632597,577806.9375,-654185.1875,61674.1171875
0.0109299998730421,577803.625,-654152.5625,61635.7421875
0.0109310001134872,577801,-654127.1875,61601.34375
0.0109320003539324,577800.4375,-654109.75,61570.296875
0.0109329996630549,577803,-654100.8125,61542.078125
0.0109339999035001,577809.625,-654100.6875,61516.24609375
0.0109350001439452,577820.75,-654109.4375,61492.4609375
0.0109360003843904,577836.75,-654127.0625,61470.43359375
0.0109369996935129,577857.5625,-654153.125,61449.921875
0.0109379999339581,577882.9375,-654187,61430.70703125
0.0109390001744032,577912.3125,-654227.8125,61412.55859375
0.0109400004148483,577945.0625,-654274.5,61395.22265625
0.0109409997239709,577980.25,-654325.75,61378.41796875
0.010941999964416,578016.875,-654380.0625,61361.796875
0.0109430002048612,578053.875,-654435.9375,61344.96875
0.0109440004453063,578090.125,-654491.6875,61327.46875
0.0109449997544289,578124.625,-654545.625,61308.79296875
0.010945999994874,578156.3125,-654596.125,61288.35546875
0.0109470002353191,578184.3125,-654641.6875,61265.53515625
0.0109479995444417,578207.875,-654680.8125,61239.65234375
0.0109489997848868,578226.4375,-654712.1875,61209.98828125
0.010950000025332,578239.625,-654734.6875,61175.7890625
0.0109510002657771,578247.25,-654747.4375,61136.265625
0.0109519995748997,578249.375,-654749.75,61090.6171875
0.0109529998153448,578246.375,-654741.0625,61038.0234375
0.0109540000557899,578238.6875,-654721.0625,60977.66796875
0.0109550002962351,578227,-654689.6875,60908.7421875
0.0109559996053576,578212.125,-654647,60830.4609375
0.0109569998458028,578195.125,-654593.125,60742.08984375
0.0109580000862479,578177.0625,-654528.4375,60642.953125
0.0109590003266931,578159,-654453.375,60532.453125
0.0109599996358156,578142.125,-654368.5625,60410.1015625
0.0109609998762608,578127.5625,-654274.5,60275.51953125
0.0109620001167059,578116.375,-654171.875,60128.47265625
0.010963000357151,578109.5625,-654061.5,59968.8515625
0.0109639996662736,578107.9375,-653943.9375,59796.70703125
0.0109649999067187,578112.3125,-653819.9375,59612.21875
0.0109660001471639,578123.1875,-653690.125,59415.7109375
0.010967000387609,578141,-653555.125,59207.640625
0.0109679996967316,578166.0625,-653415.625,58988.56640625
0.0109689999371767,578198.4375,-653272,58759.16015625
0.0109700001776218,578238.125,-653124.875,58520.1640625
0.010971000418067,578285.0625,-652974.6875,58272.3828125
0.0109719997271895,578339.0625,-652821.875,58016.66015625
0.0109729999676347,578399.8125,-652666.875,57753.85546875
0.0109740002080798,578467.0625,-652510.0625,57484.8046875
0.010975000448525,578540.5,-652351.8125,57210.32421875
0.0109759997576475,578619.8125,-652192.5,56931.171875
0.0109769999980927,578704.625,-652032.3125,56648.03515625
0.0109780002385378,578794.6875,-651871.625,56361.53515625
0.0109789995476604,578889.75,-651710.75,56072.19140625
0.0109799997881055,578989.5,-651549.8125,55780.44921875
0.0109810000285506,579093.8125,-651389.0625,55486.6640625
0.0109820002689958,579202.5625,-651228.8125,55191.11328125
0.0109829995781183,579315.6875,-651069.25,54894.0078125
0.0109839998185635,579433,-650910.625,54595.48828125
0.0109850000590086,579554.5,-650753.0625,54295.64453125
0.0109860002994537,579680.25,-650596.875,53994.51953125
0.0109869996085763,579810.125,-650442.1875,53692.12109375
0.0109879998490214,579944.1875,-650289.125,53388.4296875
0.0109890000894666,580082.375,-650137.875,53083.41015625
0.0109900003299117,580224.5625,-649988.5625,52777.015625
0.0109909996390343,580370.625,-649841.0625,52469.203125
0.0109919998794794,580520.5625,-649695.5625,52159.921875
0.0109930001199245,580674.0625,-649551.875,51849.15234375
0.0109940003603697,580830.9375,-649410,51536.87109375
0.0109949996694922,580990.875,-649269.875,51223.078125
0.0109959999099374,581153.6875,-649131.25,50907.7890625
0.0109970001503825,581318.9375,-648994.0625,50591.03515625
0.0109980003908277,581486.375,-648858.0625,50272.84375
0.0109989996999502,581655.625,-648723,49953.265625
0.0109999999403954,581826.375,-648588.75,49632.33984375
0.0110010001808405,581998.3125,-648455.0625,49310.09765625
0.0110020004212856,582171.125,-648321.5625,48986.56640625
0.0110029997304082,582344.5,-648188.1875,48661.7421875
0.0110039999708533,582518.25,-648054.5625,48335.60546875
0.0110050002112985,582692.1875,-647920.4375,48008.12890625
0.0110060004517436,582866.3125,-647785.8125,47679.28125
0.0110069997608662,583040.6875,-647650.8125,47349.1796875
0.0110080000013113,583215.875,-647516.5,47018.25390625
0.0110090002417564,583393.0625,-647384.8125,46687.40625
0.011009999550879,583573.8125,-647258.5625,46357.796875
0.0110109997913241,583759.5,-647139.625,46029.96875
0.0110120000317693,583949.9375,-647026.0625,45702.49609375
0.0110130002722144,584142.4375,-646910.4375,45370.98828125
0.011013999581337,584331.8125,-646780.1875,45028.5546875
0.0110149998217821,584512.0625,-646621.6875,44668.19140625
0.0110160000622272,584678.3125,-646426.125,44286.1796875
0.0110170003026724,584829.25,-646194.5625,43884.81640625
0.0110179996117949,584967.5,-645938.875,43472.7578125
0.0110189998522401,585099.0625,-645678.375,43062.62109375
0.0110200000926852,585231.5625,-645433.625,42666.87109375
0.0110210003331304,585372.0625,-645220.5,42293.76953125
0.0110219996422529,585526.4375,-645046.25,41945.0625
0.0110229998826981,585698.125,-644909.375,41615.93359375
0.0110240001231432,585888.875,-644801.3125,41296.98828125
0.0110250003635883,586099.0625,-644710.9375,40977.1953125
0.0110259996727109,586328.375,-644627.375,40646.77734375
0.011026999913156,586576.0625,-644543,40299.23828125
0.0110280001536012,586841,-644454.4375,39932.2734375
0.0110290003940463,587121.6875,-644361.75,39547.58984375
0.0110299997031689,587415.875,-644267.75,39149.97265625
0.011030999943614,587720.5,-644175.9375,38745.9375
0.0110320001840591,588031.5,-644089.3125,38342.36328125
0.0110330004245043,588343.875,-644009.0625,37945.28125
0.0110339997336268,588652,-643933.875,37559.04296875
0.011034999974072,588950.0625,-643860.125,37185.88671875
0.0110360002145171,589232.0625,-643781.875,36825.921875
0.0110370004549623,589492.5,-643691.6875,36477.46484375
0.0110379997640848,589726.5625,-643581.6875,36137.59765625
0.01103900000453,589930.3125,-643444.5,35802.8359375
0.0110400002449751,590101,-643274,35469.8046875
0.0110409995540977,590237.3125,-643066.1875,35135.77734375
0.0110419997945428,590339.0625,-642819.625,34799.078125
0.0110430000349879,590407.625,-642535.375,34459.265625
0.0110440002754331,590445.4375,-642217.3125,34117.1171875
0.0110449995845556,590456.25,-641871.5,33774.4765625
0.0110459998250008,590444.5625,-641505.75,33433.9609375
0.0110470000654459,590415.8125,-641129,33098.62890625
0.011048000305891,590375.75,-640750.8125,32771.62109375
0.0110489996150136,590330.5625,-640380.6875,32455.859375
0.0110499998554587,590286.375,-640027.5625,32153.77734375
0.0110510000959039,590249.1875,-639699.375,31867.17578125
0.011052000336349,590224.5625,-639402.875,31597.1328125
0.0110529996454716,590217.375,-639143.3125,31344.025390625
0.0110539998859167,590231.9375,-638924.4375,31107.609375
0.0110550001263618,590271.4375,-638748.4375,30887.150390625
0.011056000366807,590338.125,-638616.0625,30681.580078125
0.0110569996759295,590433,-638526.875,30489.66015625
0.0110579999163747,590556.0625,-638479,30310.1328125
0.0110590001568198,590706.0625,-638469.6875,30141.82421875
0.011060000397265,590880.8125,-638495.3125,29983.724609375
0.0110609997063875,591077.125,-638551.6875,29835.0078125
0.0110619999468327,591291.0625,-638633.8125,29695.029296875
0.0110630001872778,591518.125,-638736.5625,29563.265625
0.0110640004277229,591753.625,-638854.5625,29439.25390625
0.0110649997368455,591992.4375,-638982.3125,29322.50390625
0.0110659999772906,592229.875,-639114.3125,29212.41796875
0.0110670002177358,592461.3125,-639245.375,29108.21875
0.0110680004581809,592682.625,-639370.4375,29008.908203125
0.0110689997673035,592890.3125,-639484.9375,28913.236328125
0.0110700000077486,593081.5,-639584.6875,28819.705078125
0.0110710002481937,593254.125,-639666.1875,28726.6015625
0.0110719995573163,593406.8125,-639726.4375,28632.05078125
0.0110729997977614,593538.875,-639763.125,28534.080078125
0.0110740000382066,593650.25,-639774.5,28430.708984375
0.0110750002786517,593741.625,-639759.5625,28320.02734375
0.0110759995877743,593814.0625,-639718,28200.283203125
0.0110769998282194,593869,-639650,28069.94921875
0.0110780000686646,593908.3125,-639556.3125,27927.78515625
0.0110790003091097,593933.875,-639438.1875,27772.876953125
0.0110799996182323,593947.875,-639297.1875,27604.666015625
0.0110809998586774,593952.375,-639135.4375,27422.9453125
0.0110820000991225,593949.375,-638954.9375,27227.849609375
0.0110830003395677,593941,-638758.125,27019.828125
0.0110839996486902,593928.9375,-638547.375,26799.599609375
0.0110849998891354,593915.0625,-638325.125,26568.10546875
0.0110860001295805,593900.75,-638093.75,26326.45703125
0.0110870003700256,593887.5,-637855.5,26075.87890625
0.0110879996791482,593876.5625,-637612.5625,25817.662109375
0.0110889999195933,593869.0625,-637366.9375,25553.107421875
0.0110900001600385,593865.9375,-637120.5,25283.49609375
0.0110910004004836,593868.1875,-636875,25010.052734375
0.0110919997096062,593876.6875,-636632,24733.921875
0.0110929999500513,593892.0625,-636392.9375,24456.150390625
0.0110940001904964,593915.1875,-636159.0625,24177.68359375
0.0110950004309416,593946.6875,-635931.5,23899.36328125
0.0110959997400641,593987.125,-635711.4375,23621.9296875
0.0110969999805093,594037.125,-635499.75,23346.0234375
0.0110980002209544,594097.1875,-635297.375,23072.203125
0.0110990004613996,594167.75,-635105,22800.947265625
0.0110999997705221,594249.125,-634923.3125,22532.666015625
0.0111010000109673,594341.6875,-634753,22267.71484375
0.0111020002514124,594445.5625,-634594.4375,22006.388671875
0.011102999560535,594560.875,-634448.0625,21748.943359375
0.0111039998009801,594687.5625,-634314.0625,21495.583984375
0.0111050000414252,594825.5625,-634192.75,21246.478515625
0.0111060002818704,594974.625,-634084,21001.74609375
0.0111069995909929,595134.3125,-633987.8125,20761.466796875
0.0111079998314381,595304.3125,-633903.9375,20525.677734375
0.0111090000718832,595484.0625,-633832,20294.361328125
0.0111100003123283,595672.875,-633771.625,20067.45703125
0.0111109996214509,595870.125,-633722.0625,19844.84375
0.011111999861896,596075.0625,-633682.75,19626.3515625
0.0111130001023412,596286.875,-633652.8125,19411.75390625
0.0111140003427863,596504.75,-633631.375,19200.767578125
0.0111149996519089,596727.9375,-633617.4375,18993.052734375
0.011115999892354,596955.5625,-633610.0625,18788.21875
0.0111170001327991,597186.8125,-633608.125,18585.8203125
0.0111180003732443,597420.875,-633610.5,18385.373046875
0.0111189996823668,597657.125,-633616.125,18186.34375
0.011119999922812,597894.75,-633623.8125,17988.17578125
0.0111210001632571,598133.1875,-633632.4375,17790.279296875
0.0111220004037023,598371.8125,-633640.9375,17592.052734375
0.0111229997128248,598610,-633648.25,17392.888671875
0.01112399995327,598847.4375,-633653.25,17192.185546875
0.0111250001937151,599083.5,-633655.125,16989.353515625
0.0111260004341602,599317.8125,-633652.8125,16783.83203125
0.0111269997432828,599550.125,-633645.4375,16575.09765625
0.0111279999837279,599779.9375,-633632.3125,16362.669921875
0.0111290002241731,600007.0625,-633612.5625,16146.1240234375
0.0111300004646182,600231.0625,-633585.5625,15925.091796875
0.0111309997737408,600451.8125,-633550.6875,15699.26953125
0.0111320000141859,600668.875,-633507.375,15468.419921875
0.011133000254631,600882.125,-633455.1875,15232.3681640625
0.0111339995637536,601091.1875,-633393.625,14991.005859375
0.0111349998041987,601295.9375,-633322.5,14744.279296875
0.0111360000446439,601496,-633241.3125,14492.1884765625
0.011137000285089,601691.3125,-633150,14234.779296875
0.0111379995942116,601881.5625,-633048.375,13972.1328125
0.0111389998346567,602066.75,-632936.3125,13704.400390625
0.0111400000751019,602247,-632814.5,13431.97265625
0.011141000315547,602423.3125,-632684.8125,13155.9765625
0.0111419996246696,602598.0625,-632552.6875,12879.0947265625
0.0111429998651147,602775.75,-632427.5625,12606.0791015625
0.0111440001055598,602961.5,-632320.5,12342.7412109375
0.011145000346005,603156.75,-632236.5,12092.58984375
0.0111459996551275,603354.375,-632164.375,11852.1416015625
0.0111469998955727,603535.625,-632070.625,11607.880859375
0.0111480001360178,603674.25,-631905.0625,11337.8291015625
0.0111490003764629,603746.6875,-631619.0625,11018.025390625
0.0111499996855855,603745.25,-631187.1875,10631.0546875
0.0111509999260306,603686.25,-630622.4375,10172.5107421875
0.0111520001664758,603608.0625,-629976.125,9652.8505859375
0.0111530004069209,603560.375,-629323.625,9094.779296875
0.0111539997160435,603588.75,-628743,8528.0703125
0.0111549999564886,603721.75,-628295.5,7983.91259765625
0.0111560001969337,603964.1875,-628014.3125,7490.076171875
0.0111570004373789,604298.75,-627902.0625,7067.36865234375
0.0111579997465014,604692.875,-627936.3125,6727.5087890625
0.0111589999869466,605108.0625,-628078.5625,6472.40771484375
0.0111600002273917,605508.3125,-628283.5625,6294.8017578125
0.0111609995365143,605866.125,-628507.4375,6179.9931640625
0.0111619997769594,606164.8125,-628712.5625,6108.29345703125
0.0111630000174046,606398.25,-628870.125,6057.669921875
0.0111640002578497,606568.9375,-628960.5,6006.16015625
0.0111649995669723,606685.0625,-628971.9375,5933.7392578125
0.0111659998074174,606757.625,-628898.875,5823.5380859375
0.0111670000478625,606798.1875,-628740.375,5662.431640625
0.0111680002883077,606817.3125,-628498.4375,5441.14111328125
0.0111689995974302,606823.9375,-628177.125,5154.01171875
0.0111699998378754,606825.4375,-627782,4798.62841796875
0.0111710000783205,606827.5,-627320,4375.38623046875
0.0111720003187656,606834.875,-626799.375,3887.07983398438
0.0111729996278882,606851.5,-626229.6875,3338.54321289062
0.0111739998683333,606880.9375,-625621.875,2736.33081054688
0.0111750001087785,606926.25,-624987.6875,2088.42260742188
0.0111760003492236,606990.25,-624339.4375,1403.93249511719
0.0111769996583462,607074.9375,-623689.75,692.799194335938
0.0111779998987913,607181.9375,-623050.625,-34.536808013916
0.0111790001392365,607311.8125,-622433.25,-767.469421386719
0.0111800003796816,607464.4375,-621847.75,-1495.55676269531
0.0111809996888041,607638.9375,-621302.875,-2208.82690429688
0.0111819999292493,607833.6875,-620805.75,-2898.04028320312
0.0111830001696944,608046.5625,-620362.3125,-3554.89868164062
0.0111840004101396,608275.3125,-619977.0625,-4172.19384765625
0.0111849997192621,608517.3125,-619653.1875,-4743.9013671875
0.0111859999597073,608769.9375,-619392.9375,-5265.2236328125
0.0111870002001524,609030.625,-619197.375,-5732.59619140625
0.0111880004405975,609296.8125,-619066.4375,-6143.66650390625
0.0111889997497201,609566.125,-618999.3125,-6497.25341796875
0.0111899999901652,609836.25,-618993.875,-6793.2939453125
0.0111910002306104,610105,-619047.3125,-7032.779296875
0.0111919995397329,610370.1875,-619155.6875,-7217.68115234375
0.0111929997801781,610629.875,-619314.375,-7350.86865234375
0.0111940000206232,610882.3125,-619517.75,-7436.0146484375
0.0111950002610683,611125.9375,-619759.875,-7477.4873046875
0.0111959995701909,611359.4375,-620034.1875,-7480.23583984375
0.011196999810636,611581.8125,-620333.8125,-7449.6630859375
0.0111980000510812,611792.4375,-620651.8125,-7391.49853515625
0.0111990002915263,611990.9375,-620981.3125,-7311.66796875
0.0111999996006489,612177.25,-621315.375,-7216.1669921875
0.011200999841094,612351.75,-621647.5,-7110.94677734375
0.0112020000815392,612514.875,-621971.4375,-7001.810546875
0.0112030003219843,612667.4375,-622281.4375,-6894.32275390625
0.0112039996311069,612810.375,-622572.125,-6793.74169921875
0.011204999871552,612944.75,-622838.5,-6704.9609375
0.0112060001119971,613071.625,-623076.25,-6632.47314453125
0.0112070003524423,613192.25,-623281.4375,-6580.3466796875
0.0112079996615648,613307.6875,-623450.5625,-6552.21044921875
0.01120899990201,613419.1875,-623580.75,-6551.2529296875
0.0112100001424551,613527.6875,-623669.5625,-6580.22607421875
0.0112110003829002,613634.1875,-623715.125,-6641.4501953125
0.0112119996920228,613739.6875,-623716,-6736.822265625
0.0112129999324679,613845,-623671.25,-6867.82763671875
0.0112140001729131,613950.875,-623580.5625,-7035.5419921875
0.0112150004133582,614057.9375,-623444.0625,-7240.6396484375
0.0112159997224808,614166.875,-623262.5,-7483.3935546875
0.0112169999629259,614278.125,-623037,-7763.68017578125
0.011218000203371,614392.3125,-622769.375,-8080.97705078125
0.0112190004438162,614509.75,-622461.9375,-8434.365234375
0.0112199997529387,614630.875,-622117.4375,-8822.53515625
0.0112209999933839,614756,-621739.125,-9243.7890625
0.011222000233829,614885.375,-621330.625,-9696.056640625
0.0112229995429516,615019.3125,-620896,-10176.908203125
0.0112239997833967,615157.8125,-620439.5625,-10683.580078125
0.0112250000238419,615301.0625,-619965.9375,-11212.9970703125
0.011226000264287,615449.0625,-619479.8125,-11761.8134765625
0.0112269995734096,615601.75,-618986.125,-12326.447265625
0.0112279998138547,615759.0625,-618489.75,-12903.1259765625
0.0112290000542998,615920.6875,-617995.4375,-13487.93359375
0.011230000294745,616086.5,-617508,-14076.8623046875
0.0112309996038675,616256.125,-617031.875,-14665.8564453125
0.0112319998443127,616429.125,-616571.375,-15250.8701171875
0.0112330000847578,616605.1875,-616130.5625,-15827.9130859375
0.0112340003252029,616783.8125,-615713,-16393.09375
0.0112349996343255,616964.5,-615322.0625,-16942.66796875
0.0112359998747706,617146.8125,-614960.6875,-17473.072265625
0.0112370001152158,617330.25,-614631.25,-17980.962890625
0.0112380003556609,617514.375,-614336,-18463.2421875
0.0112389996647835,617698.6875,-614076.5,-18917.08203125
0.0112399999052286,617882.75,-613854.0625,-19339.955078125
0.0112410001456738,618066.25,-613669.5625,-19729.640625
0.0112420003861189,618248.8125,-613523.4375,-20084.240234375
0.0112429996952415,618430.0625,-613415.75,-20402.19140625
0.0112439999356866,618609.8125,-613346.25,-20682.271484375
0.0112450001761317,618787.8125,-613314.3125,-20923.60546875
0.0112460004165769,618963.75,-613318.875,-21125.65625
0.0112469997256994,619137.625,-613358.6875,-21288.244140625
0.0112479999661446,619309.125,-613432.25,-21411.5234375
0.0112490002065897,619478.1875,-613537.625,-21495.994140625
0.0112500004470348,619644.6875,-613672.6875,-21542.486328125
0.0112509997561574,619808.5625,-613835.1875,-21552.154296875
0.0112519999966025,619969.625,-614022.5625,-21526.46875
0.0112530002370477,620127.8125,-614232,-21467.19921875
0.0112539995461702,620283.0625,-614460.75,-21376.400390625
0.0112549997866154,620435.25,-614705.8125,-21256.400390625
0.0112560000270605,620584.375,-614964,-21109.767578125
0.0112570002675056,620730.3125,-615232.1875,-20939.3046875
0.0112579995766282,620872.9375,-615507.1875,-20748.0078125
0.0112589998170733,621012.25,-615785.8125,-20539.056640625
0.0112600000575185,621148.25,-616064.8125,-20315.7734375
0.0112610002979636,621280.8125,-616341.125,-20081.6015625
0.0112619996070862,621410,-616611.5625,-19840.07421875
0.0112629998475313,621535.6875,-616873.25,-19594.78125
0.0112640000879765,621658,-617123.25,-19349.337890625
0.0112650003284216,621776.875,-617358.9375,-19107.365234375
0.0112659996375442,621892.375,-617577.625,-18872.443359375
0.0112669998779893,622004.5625,-617777.0625,-18648.099609375
0.0112680001184344,622113.5625,-617954.9375,-18437.76953125
0.0112690003588796,622219.4375,-618109.25,-18244.779296875
0.0112699996680021,622322.3125,-618238.25,-18072.314453125
0.0112709999084473,622422.25,-618340.3125,-17923.41015625
0.0112720001488924,622519.5,-618414,-17800.923828125
0.0112730003893375,622614.0625,-618458.125,-17707.572265625
0.0112739996984601,622705.875,-618471,-17646.11328125
0.0112749999389052,622794.0625,-618449.6875,-17619.841796875
0.0112760001793504,622876.3125,-618388.5,-17633.287109375
0.0112770004197955,622948.75,-618278.5,-17692.353515625
0.0112779997289181,623007.75,-618111.25,-17802.76953125
0.0112789999693632,623053.4375,-617886.125,-17966.505859375
0.0112800002098083,623094.0625,-617618.625,-18177.8359375
0.0112810004502535,623146.625,-617342.5,-18422.203125
0.011281999759376,623232.625,-617100.875,-18680.0390625
0.0112829999998212,623368.75,-616928.875,-18934.474609375
0.0112840002402663,623558.5625,-616836.6875,-19179.07421875
0.0112849995493889,623788.4375,-616802,-19421.498046875
0.011285999789834,624031.125,-616775.8125,-19681.591796875
0.0112870000302792,624254.0625,-616697.5,-19985.3828125
0.0112880002707243,624429.0625,-616511.875,-20358.068359375
0.0112889995798469,624538.9375,-616181.9375,-20818.6015625
0.011289999820292,624579.9375,-615693.8125,-21377.052734375
0.0112910000607371,624560.125,-615055.3125,-22034.5078125
0.0112920003011823,624495.5625,-614289.875,-22784.603515625
0.0112929996103048,624406.125,-613430.125,-23615.72265625
0.01129399985075,624311.875,-612511.6875,-24513.19140625
0.0112950000911951,624230.625,-611568.875,-25461.083984375
0.0112960003316402,624176.6875,-610632.125,-26443.56640625
0.0112969996407628,624160.5,-609726.3125,-27445.7734375
0.0112979998812079,624188.4375,-608870.625,-28454.302734375
0.0112990001216531,624263.25,-608078.5,-29457.423828125
0.0113000003620982,624384.5,-607358.3125,-30445.09375
0.0113009996712208,624549.25,-606714,-31408.8671875
0.0113019999116659,624752.875,-606146.375,-32341.775390625
0.0113030001521111,624989.6875,-605653.5625,-33238.2265625
0.0113040003925562,625253.6875,-605232.125,-34093.9609375
0.0113049997016788,625539.0625,-604877.4375,-34906.078125
0.0113059999421239,625840.5625,-604584.125,-35673.10546875
0.011307000182569,626153.625,-604345.875,-36395.07421875
0.0113080004230142,626474.6875,-604155.8125,-37073.5703125
0.0113089997321367,626800.6875,-604006.375,-37711.7578125
0.0113099999725819,627129.25,-603889,-38314.26953125
0.011311000213027,627458.5,-603794.6875,-38887.00390625
0.0113120004534721,627786.9375,-603713.75,-39436.85546875
0.0113129997625947,628113.0625,-603636.25,-39971.32421875
0.0113140000030398,628435.5625,-603552.125,-40498.109375
0.011315000243485,628753.125,-603451.875,-41024.640625
0.0113159995526075,629064.25,-603326.6875,-41557.671875
0.0113169997930527,629367.375,-603168.75,-42102.8828125
0.0113180000334978,629661.0625,-602971.9375,-42664.59375
0.0113190002739429,629943.6875,-602731.6875,-43245.51171875
0.0113199995830655,630213.9375,-602445.5,-43846.6484375
0.0113209998235106,630470.5,-602112.875,-44467.26171875
0.0113220000639558,630712.6875,-601735.5625,-45104.94140625
0.0113230003044009,630940.0625,-601317.25,-45755.7578125
0.0113239996135235,631152.75,-600863.625,-46414.484375
0.0113249998539686,631351.25,-600382,-47074.8515625
0.0113260000944138,631536.9375,-599880.9375,-47729.8671875
0.0113270003348589,631711.3125,-599370.125,-48372.11328125
0.0113279996439815,631876.5,-598859.75,-48994.078125
0.0113289998844266,632035.0625,-598360.375,-49588.41796875
0.0113300001248717,632189.625,-597882.1875,-50148.2578125
0.0113310003653169,632343.125,-597435.0625,-50667.37109375
0.0113319996744394,632498.375,-597027.875,-51140.37890625
0.0113329999148846,632658.1875,-596668.625,-51562.87109375
0.0113340001553297,632825.1875,-596363.9375,-51931.45703125
0.0113350003957748,633001.5625,-596119.125,-52243.8125
0.0113359997048974,633189.25,-595938.125,-52498.66015625
0.0113369999453425,633389.875,-595823.3125,-52695.7109375
0.0113380001857877,633604.3125,-595775.8125,-52835.5859375
0.0113390004262328,633833.1875,-595795.375,-52919.7265625
0.0113399997353554,634076.5625,-595880.5,-52950.27734375
0.0113409999758005,634334.25,-596028.8125,-52929.9765625
0.0113420002162457,634605.3125,-596236.875,-52862.03515625
0.0113430004566908,634888.8125,-596500.625,-52750.03515625
0.0113439997658134,635183.375,-596815.25,-52597.81640625
0.0113450000062585,635487.3125,-597175.8125,-52409.41015625
0.0113460002467036,635798.9375,-597576.6875,-52188.9375
0.0113469995558262,636116.3125,-598012.3125,-51940.56640625
0.0113479997962713,636437.625,-598477.0625,-51668.44921875
0.0113490000367165,636760.875,-598965.1875,-51376.6796875
0.0113500002771616,637084.3125,-599471.125,-51069.2734375
0.0113509995862842,637406.125,-599989.375,-50750.1328125
0.0113519998267293,637724.625,-600514.75,-50423.04296875
0.0113530000671744,638038.375,-601042.125,-50091.63671875
0.0113540003076196,638346,-601566.75,-49759.40234375
0.0113549996167421,638646.25,-602084.125,-49429.67578125
0.0113559998571873,638938.125,-602589.9375,-49105.61328125
0.0113570000976324,639220.625,-603080.4375,-48790.20703125
0.0113580003380775,639493.0625,-603551.8125,-48486.265625
0.0113589996472001,639754.6875,-604000.875,-48196.40234375
0.0113599998876452,640005,-604424.5625,-47923.04296875
0.0113610001280904,640243.5625,-604820.125,-47668.3984375
0.0113620003685355,640470,-605185.375,-47434.47265625
0.0113629996776581,640684.0625,-605518.0625,-47223.03515625
0.0113639999181032,640885.4375,-605816.625,-47035.64453125
0.0113650001585484,641074,-606079.5625,-46873.62109375
0.0113660003989935,641249.625,-606305.875,-46738.05859375
0.0113669997081161,641412.25,-606494.6875,-46629.828125
0.0113679999485612,641561.875,-606645.5625,-46549.5703125
0.0113690001890063,641698.4375,-606758.375,-46497.72265625
0.0113700004294515,641822.0625,-606833.125,-46474.5
0.011370999738574,641932.75,-606870.1875,-46479.9296875
0.0113719999790192,642030.75,-606870.125,-46513.84765625
0.0113730002194643,642116.125,-606833.8125,-46575.91015625
0.0113740004599094,642189.1875,-606762.25,-46665.625
0.011374999769032,642250.1875,-606656.625,-46782.35546875
0.0113760000094771,642299.4375,-606518.375,-46925.3515625
0.0113770002499223,642337.375,-606348.9375,-47093.75390625
0.0113779995590448,642364.4375,-606150,-47286.62109375
0.01137899979949,642381.0625,-605923.1875,-47502.9453125
0.0113800000399351,642387.875,-605670.3125,-47741.671875
0.0113810002803802,642385.375,-605393.1875,-48001.69140625
0.0113819995895028,642374.3125,-605093.625,-48281.88671875
0.0113829998299479,642355.3125,-604773.4375,-48581.109375
0.0113840000703931,642329.125,-604434.5,-48898.2109375
0.0113850003108382,642296.375,-604078.5,-49232.046875
0.0113859996199608,642258,-603707.3125,-49581.484375
0.0113869998604059,642214.625,-603322.5625,-49945.4140625
0.0113880001008511,642167.125,-602925.875,-50322.74609375
0.0113890003412962,642116.3125,-602518.8125,-50712.41796875
0.0113899996504188,642062.9375,-602102.8125,-51113.3984375
0.0113909998908639,642007.75,-601679.375,-51524.6875
0.011392000131309,641951.5625,-601249.6875,-51945.328125
0.0113930003717542,641895.1875,-600815.0625,-52374.38671875
0.0113939996808767,641839.375,-600376.6875,-52810.96875
0.0113949999213219,641784.8125,-599935.5625,-53254.2265625
0.011396000161767,641732.375,-599492.8125,-53703.34765625
0.0113970004022121,641682.625,-599049.25,-54157.56640625
0.0113979997113347,641636.4375,-598605.875,-54616.1640625
0.0113989999517798,641594.4375,-598163.5,-55078.46484375
0.011400000192225,641557.375,-597722.8125,-55543.8515625
0.0114010004326701,641526,-597284.5625,-56011.75390625
0.0114019997417927,641501,-596849.375,-56481.6484375
0.0114029999822378,641483.0625,-596417.9375,-56953.0703125
0.011404000222683,641472.8125,-595990.6875,-57425.58984375
0.0114050004631281,641471,-595568.1875,-57898.83203125
0.0114059997722507,641478.25,-595150.875,-58372.4453125
0.0114070000126958,641495.125,-594739.25,-58846.12890625
0.0114080002531409,641522.1875,-594333.5,-59319.6171875
0.0114089995622635,641559.875,-593933.8125,-59792.73046875
0.0114099998027086,641608.5,-593540.1875,-60265.3984375
0.0114110000431538,641668.1875,-593152.25,-60737.640625
0.0114120002835989,641739,-592769.875,-61209.421875
0.0114129995927215,641821.3125,-592393.375,-61680.40625
0.0114139998331666,641916.0625,-592024.3125,-62149.71875
0.0114150000736117,642024.4375,-591665,-62616.01953125
0.0114160003140569,642147.5625,-591318.0625,-63077.82421875
0.0114169996231794,642285.9375,-590984.8125,-63534.046875
0.0114179998636246,642439,-590664.8125,-63984.4140625
0.0114190001040697,642604.8125,-590355.375,-64429.51953125
0.0114200003445148,642780.875,-590052.5625,-64870.5546875
0.0114209996536374,642964.75,-589752.625,-65308.765625
0.0114219998940825,643154.5625,-589452.8125,-65744.96875
0.0114230001345277,643349.6875,-589152.625,-66179.15625
0.0114240003749728,643550.5,-588853.6875,-66610.421875
0.0114249996840954,643758.4375,-588559.1875,-67037.1484375
0.0114259999245405,643974.875,-588272.875,-67457.3828125
0.0114270001649857,644200.9375,-587998.1875,-67869.3046875
0.0114280004054308,644437,-587736.8125,-68271.6171875
0.0114289997145534,644682.3125,-587489,-68663.7890625
0.0114299999549985,644935.0625,-587253,-69046.0625
0.0114310001954436,645193.0625,-587025.8125,-69419.2890625
0.0114320004358888,645453.625,-586803.9375,-69784.65625
0.0114329997450113,645714.3125,-586584.0625,-70143.359375
0.0114339999854565,645973.375,-586363.75,-70496.328125
0.0114350002259016,646229.5,-586141.625,-70844.109375
0.0114359995350242,646482.25,-585917.8125,-71186.796875
0.0114369997754693,646732,-585693.375,-71524.0546875
0.0114380000159144,646979.4375,-585470.25,-71855.2890625
0.0114390002563596,647225.6875,-585250.875,-72179.75
0.0114399995654821,647471.75,-585037.6875,-72496.6875
0.0114409998059273,647718.75,-584832.8125,-72805.46875
0.0114420000463724,647967.375,-584638.125,-73105.625
0.0114430002868176,648217.9375,-584454.5625,-73396.8671875
0.0114439995959401,648470.4375,-584282.75,-73679.125
0.0114449998363853,648724.4375,-584122.6875,-73952.4765625
0.0114460000768304,648979.375,-583973.875,-74217.140625
0.0114470003172755,649234.375,-583835.5625,-74473.4375
0.0114479996263981,649488.625,-583706.9375,-74721.7578125
0.0114489998668432,649741.25,-583587.125,-74962.5703125
0.0114500001072884,649991.5625,-583475.25,-75196.421875
0.0114510003477335,650239,-583370.4375,-75423.90625
0.0114519996568561,650483.125,-583272,-75645.75
0.0114529998973012,650723.8125,-583179.3125,-75862.7578125
0.0114540001377463,650960.9375,-583091.5625,-76075.859375
0.0114550003781915,651194.5,-583008.0625,-76286.09375
0.011455999687314,651424.375,-582927.875,-76494.6171875
0.0114569999277592,651650.625,-582849.9375,-76702.6640625
0.0114580001682043,651872.9375,-582773.125,-76911.5390625
0.0114590004086494,652091.25,-582695.9375,-77122.5625
0.011459999717772,652304.9375,-582616.875,-77337.03125
0.0114609999582171,652513.625,-582534.3125,-77556.1875
0.0114620001986623,652716.5625,-582446.5625,-77781.1484375
0.0114630004391074,652913,-582352.0625,-78012.875
0.01146399974823,653102.125,-582249.3125,-78252.1171875
0.0114649999886751,653283.125,-582136.9375,-78499.421875
0.0114660002291203,653455.3125,-582014.0625,-78755.0390625
0.0114669995382428,653617.875,-581879.9375,-79018.9765625
0.011467999778688,653770.375,-581734.3125,-79290.953125
0.0114690000191331,653912.25,-581577.25,-79570.4140625
0.0114700002595782,654043.25,-581409.25,-79856.546875
0.0114709995687008,654163.1875,-581231.125,-80148.2890625
0.0114719998091459,654272.1875,-581044.125,-80444.390625
0.0114730000495911,654370.25,-580849.6875,-80743.4296875
0.0114740002900362,654457.75,-580649.5,-81043.8515625
0.0114749995991588,654535,-580445.5,-81344.03125
0.0114759998396039,654602.4375,-580239.5625,-81642.296875
0.011477000080049,654660.625,-580033.625,-81937.015625
0.0114780003204942,654710,-579829.6875,-82226.609375
0.0114789996296167,654751.1875,-579629.5,-82509.609375
0.0114799998700619,654784.875,-579434.6875,-82784.6875
0.011481000110507,654811.625,-579246.875,-83050.71875
0.0114820003509521,654832.0625,-579067.25,-83306.78125
0.0114829996600747,654846.9375,-578896.875,-83552.21875
0.0114839999005198,654856.9375,-578736.4375,-83786.671875
0.011485000140965,654862.625,-578586.3125,-84010.0390625
0.0114860003814101,654864.75,-578446.75,-84222.515625
0.0114869996905327,654864,-578317.625,-84424.5
0.0114879999309778,654861.0625,-578198.8125,-84616.5703125
0.011489000171423,654856.625,-578089.8125,-84799.4765625
0.0114900004118681,654851.5,-577990.25,-84974.0703125
0.0114909997209907,654846.25,-577899.4375,-85141.359375
0.0114919999614358,654841.6875,-577816.6875,-85302.4921875
0.0114930002018809,654838.375,-577740.875,-85458.7265625
0.0114940004423261,654836.9375,-577671.0625,-85611.40625
0.0114949997514486,654837.75,-577605.9375,-85761.8828125
0.0114959999918938,654841.375,-577544.4375,-85911.4375
0.0114970002323389,654848.0625,-577485.375,-86061.2109375
0.0114979995414615,654858.125,-577427.8125,-86212.1796875
0.0114989997819066,654871.8125,-577370.9375,-86365.1171875
0.0115000000223517,654889.3125,-577314.0625,-86520.671875
0.0115010002627969,654910.6875,-577256.375,-86679.359375
0.0115019995719194,654936.1875,-577197.4375,-86841.65625
0.0115029998123646,654965.8125,-577136.5625,-87008.0078125
0.0115040000528097,654999.6875,-577073.1875,-87178.8125
0.0115050002932549,655037.875,-577006.8125,-87354.4453125
0.0115059996023774,655080.375,-576936.9375,-87535.203125
0.0115069998428226,655127.375,-576863.375,-87721.3046875
0.0115080000832677,655178.875,-576785.8125,-87912.859375
0.0115090003237128,655235,-576704.1875,-88109.9140625
0.0115099996328354,655295.9375,-576618.5625,-88312.4296875
0.0115109998732805,655361.75,-576529.1875,-88520.34375
0.0115120001137257,655432.75,-576436.1875,-88733.578125
0.0115130003541708,655509.0625,-576339.875,-88952.078125
0.0115139996632934,655591,-576240.5,-89175.8046875
0.0115149999037385,655678.8125,-576138.3125,-89404.765625
0.0115160001441836,655772.75,-576033.75,-89638.984375
0.0115170003846288,655873.0625,-575926.9375,-89878.4921875
0.0115179996937513,655979.875,-575818.25,-90123.28125
0.0115189999341965,656093.375,-575708,-90373.3203125
0.0115200001746416,656213.625,-575596.5,-90628.5234375
0.0115210004150867,656340.5625,-575484.0625,-90888.71875
0.0115219997242093,656474.125,-575371,-91153.6484375
0.0115229999646544,656614,-575257.6875,-91423.0078125
0.0115240002050996,656760,-575144.375,-91696.3828125
0.0115250004455447,656911.625,-575031.4375,-91973.3203125
0.0115259997546673,657068.375,-574918.9375,-92253.296875
0.0115269999951124,657229.625,-574807.25,-92535.75
0.0115280002355576,657394.75,-574696.375,-92820.078125
0.0115289995446801,657562.875,-574586.4375,-93105.6640625
0.0115299997851253,657733.3125,-574477.4375,-93391.8671875
0.0115310000255704,657905.125,-574369.375,-93678.03125
0.0115320002660155,658077.375,-574262.25,-93963.4921875
0.0115329995751381,658249.25,-574155.8125,-94247.6015625
0.0115339998155832,658419.8125,-574050.125,-94529.7109375
0.0115350000560284,658588.25,-573945,-94809.203125
0.0115360002964735,658753.75,-573840.4375,-95085.484375
0.0115369996055961,658915.625,-573736.25,-95357.9921875
0.0115379998460412,659073.25,-573632.5625,-95626.234375
0.0115390000864863,659226.25,-573529.1875,-95889.7734375
0.0115400003269315,659374.125,-573426.3125,-96148.2421875
0.011540999636054,659516.8125,-573324,-96401.359375
0.0115419998764992,659654.125,-573222.3125,-96648.9375
0.0115430001169443,659786.1875,-573121.4375,-96890.8515625
0.0115440003573895,659913.1875,-573021.625,-97127.078125
0.011544999666512,660035.375,-572922.9375,-97357.671875
0.0115459999069571,660153.3125,-572825.75,-97582.734375
0.0115470001474023,660267.3125,-572730.3125,-97802.4296875
0.0115480003878474,660378.0625,-572636.8125,-98016.953125
0.01154899969697,660486.125,-572545.625,-98226.5
0.0115499999374151,660592,-572456.9375,-98431.3125
0.0115510001778603,660696.3125,-572371,-98631.6015625
0.0115520004183054,660799.4375,-572287.875,-98827.6015625
0.011552999727428,660901.75,-572207.625,-99019.53125
0.0115539999678731,661003.5,-572130.1875,-99207.5859375
0.0115550002083182,661104.875,-572055.5,-99391.90625
0.0115560004487634,661205.875,-571983.375,-99572.609375
0.0115569997578859,661306.5625,-571913.6875,-99749.71875
0.0115579999983311,661406.75,-571846.25,-99923.234375
0.0115590002387762,661506.1875,-571780.8125,-100093.1171875
0.0115599995478988,661604.625,-571717,-100259.3203125
0.0115609997883439,661701.4375,-571654.375,-100421.796875
0.011562000028789,661796.1875,-571592.25,-100580.546875
0.0115630002692342,661888.125,-571529.9375,-100735.6328125
0.0115639995783567,661976.5,-571466.5625,-100887.1328125
0.0115649998188019,662060.5625,-571401.375,-101035.203125
0.011566000059247,662139.6875,-571333.4375,-101180.0078125
0.0115670002996922,662213.1875,-571262,-101321.7578125
0.0115679996088147,662280.5,-571186.375,-101460.6953125
0.0115689998492599,662341.1875,-571106,-101597.0859375
0.011570000089705,662394.9375,-571020.25,-101731.2734375
0.0115710003301501,662441.5625,-570928.75,-101863.6484375
0.0115719996392727,662480.9375,-570830.9375,-101994.7109375
0.0115729998797178,662513,-570726.375,-102125.03125
0.011574000120163,662537.75,-570614.5625,-102255.2890625
0.0115750003606081,662555.4375,-570495.125,-102386.234375
0.0115759996697307,662566.125,-570367.5,-102518.6875
0.0115769999101758,662570.1875,-570231.375,-102653.5
0.0115780001506209,662568.0625,-570086.375,-102791.546875
0.0115790003910661,662560.25,-569932.3125,-102933.6875
0.0115799997001886,662547.3125,-569769.125,-103080.7578125
0.0115809999406338,662530,-569596.8125,-103233.5703125
0.0115820001810789,662508.9375,-569415.5,-103392.859375
0.011583000421524,662484.875,-569225.25,-103559.34375
0.0115839997306466,662458.625,-569026.25,-103733.6484375
0.0115849999710917,662430.8125,-568818.8125,-103916.359375
0.0115860002115369,662402.1875,-568603.125,-104107.984375
0.011587000451982,662373.3125,-568379.375,-104308.9609375
0.0115879997611046,662344.625,-568147.75,-104519.6484375
0.0115890000015497,662316.6875,-567908.5,-104740.3203125
0.0115900002419949,662289.875,-567661.8125,-104971.1640625
0.0115909995511174,662264.375,-567407.9375,-105212.28125
0.0115919997915626,662240.5,-567147,-105463.6875
0.0115930000320077,662218.5,-566879.3125,-105725.3125
0.0115940002724528,662198.4375,-566605.1875,-105997.0078125
0.0115949995815754,662180.5,-566324.9375,-106278.5703125
0.0115959998220205,662164.6875,-566038.875,-106569.7265625
0.0115970000624657,662151.1875,-565747.375,-106870.171875
0.0115980003029108,662139.9375,-565450.8125,-107179.546875
0.0115989996120334,662130.9375,-565149.5625,-107497.4765625
0.0115999998524785,662124.25,-564843.9375,-107823.5703125
0.0116010000929236,662119.8125,-564534.375,-108157.4296875
0.0116020003333688,662117.5,-564221.1875,-108498.625
0.0116029996424913,662117.3125,-563904.625,-108846.7734375
0.0116039998829365,662119.0625,-563585,-109201.4453125
0.0116050001233816,662122.6875,-563262.625,-109562.2578125
0.0116060003638268,662127.9375,-562937.75,-109928.8203125
0.0116069996729493,662134.8125,-562610.5,-110300.765625
0.0116079999133945,662143,-562281.0625,-110677.765625
0.0116090001538396,662152.25,-561949.375,-111059.5546875
0.0116100003942847,662162.1875,-561615.3125,-111445.9375
0.0116109997034073,662172.4375,-561278.625,-111836.7265625
0.0116119999438524,662182.625,-560939.375,-112231.609375
0.0116130001842976,662192.75,-560598.0625,-112629.9296875
0.0116140004247427,662203,-560256.1875,-113030.5703125
0.0116149997338653,662214.125,-559916,-113432.0703125
0.0116159999743104,662226.8125,-559579.625,-113833.0625
0.0116170002147555,662241.6875,-559248.375,-114232.828125
0.0116180004552007,662258.8125,-558922.0625,-114631.71875
0.0116189997643232,662277.75,-558598.5,-115031.171875
0.0116200000047684,662297.4375,-558274.6875,-115433.125
0.0116210002452135,662316.6875,-557947.6875,-115839.21875
0.0116219995543361,662334.375,-557615.75,-116249.9375
0.0116229997947812,662349.75,-557279.1875,-116664.2578125
0.0116240000352263,662362.375,-556940,-117079.84375
0.0116250002756715,662372.1875,-556601.25,-117493.734375
0.011625999584794,662379.125,-556265.625,-117903.2421875
0.0116269998252392,662383.25,-555934.75,-118306.6796875
0.0116280000656843,662384.3125,-555608.8125,-118703.734375
0.0116290003061295,662382,-555286.25,-119095.3828125
0.011629999615252,662375.875,-554964.8125,-119483.4140625
0.0116309998556972,662365.5625,-554641.875,-119869.828125
0.0116320000961423,662351,-554315.5,-120256.2734375
0.0116330003365874,662332.125,-553984.875,-120643.609375
0.01163399964571,662309.5,-553650.375,-121031.828125
0.0116349998861551,662283.9375,-553313.75,-121420.1015625
0.0116360001266003,662256.8125,-552977.6875,-121807.09375
0.0116370003670454,662229.75,-552645.25,-122191.296875
0.011637999676168,662204.75,-552319.8125,-122571.3984375
0.0116389999166131,662184,-552004.4375,-122946.5390625
0.0116400001570582,662169.875,-551701.5,-123316.4921875
0.0116410003975034,662164.75,-551412.8125,-123681.7265625
0.0116419997066259,662171,-551139.5625,-124043.3203125
0.0116429999470711,662190.5625,-550881.9375,-124402.8046875
0.0116440001875162,662225.375,-550639.6875,-124761.984375
0.0116450004279613,662276.5625,-550412.0625,-125122.6953125
0.0116459997370839,662344.9375,-550197.75,-125486.625
0.011646999977529,662430.6875,-549995.3125,-125855.140625
0.0116480002179742,662533.3125,-549803.125,-126229.203125
0.0116490004584193,662651.875,-549619.375,-126609.34375
0.0116499997675419,662784.6875,-549442.125,-126995.65625
0.011651000007987,662929.6875,-549269.25,-127387.9140625
0.0116520002484322,663084.4375,-549098.6875,-127785.59375
0.0116529995575547,663246.1875,-548928.25,-128188.0625
0.0116539997979999,663412.125,-548755.5625,-128594.59375
0.011655000038445,663579.3125,-548578.375,-129004.53125
0.0116560002788901,663745.0625,-548394.375,-129417.2890625
0.0116569995880127,663906.8125,-548201.4375,-129832.3984375
0.0116579998284578,664062.3125,-547997.6875,-130249.53125
0.011659000068903,664209.875,-547781.5,-130668.453125
0.0116600003093481,664348,-547551.8125,-131089
0.0116609996184707,664476,-547307.9375,-131511.015625
0.0116619998589158,664593.5,-547049.8125,-131934.328125
0.0116630000993609,664700.625,-546777.9375,-132358.6875
0.0116640003398061,664798.0625,-546493.5,-132783.796875
0.0116649996489286,664886.9375,-546198.125,-133209.1875
0.0116659998893738,664968.625,-545894.0625,-133634.328125
0.0116670001298189,665044.875,-545583.75,-134058.546875
0.0116680003702641,665117.75,-545270.125,-134481.109375
0.0116689996793866,665189.25,-544956.25,-134901.265625
0.0116699999198318,665261.625,-544645.1875,-135318.15625
0.0116710001602769,665336.9375,-544339.9375,-135731.015625
0.011672000400722,665417.25,-544043.3125,-136139.03125
0.0116729997098446,665504.3125,-543757.875,-136541.5
0.0116739999502897,665599.6875,-543485.875,-136937.734375
0.0116750001907349,665704.6875,-543229.0625,-137327.125
0.01167600043118,665820.0625,-542988.875,-137709.109375
0.0116769997403026,665946.375,-542766.125,-138083.171875
0.0116779999807477,666083.6875,-542561.3125,-138448.890625
0.0116790002211928,666231.625,-542374.5,-138805.828125
0.011680000461638,666389.625,-542205.3125,-139153.625
0.0116809997707605,666556.5625,-542053,-139491.90625
0.0116820000112057,666731.1875,-541916.625,-139820.359375
0.0116830002516508,666912,-541794.875,-140138.71875
0.0116839995607734,667097.125,-541686.375,-140446.734375
0.0116849998012185,667284.8125,-541589.5,-140744.25
0.0116860000416636,667473.1875,-541502.5625,-141031.140625
0.0116870002821088,667660.3125,-541423.875,-141307.375
0.0116879995912313,667844.4375,-541351.8125,-141573.015625
0.0116889998316765,668023.8125,-541284.625,-141828.234375
0.0116900000721216,668196.875,-541220.875,-142073.296875
0.0116910003125668,668362.25,-541158.9375,-142308.546875
0.0116919996216893,668518.8125,-541097.5,-142534.4375
0.0116929998621345,668665.5625,-541035.375,-142751.515625
0.0116940001025796,668801.75,-540971.4375,-142960.375
0.0116950003430247,668926.875,-540904.75,-143161.65625
0.0116959996521473,669040.4375,-540834.5625,-143356.0625
0.0116969998925924,669142.375,-540760.125,-143544.25
0.0116980001330376,669232.5625,-540681,-143726.90625
0.0116990003734827,669311.0625,-540596.625,-143904.703125
0.0116999996826053,669378.0625,-540506.875,-144078.234375
0.0117009999230504,669433.8125,-540411.4375,-144248.0625
0.0117020001634955,669478.625,-540310.25,-144414.671875
0.0117030004039407,669512.8125,-540203.1875,-144578.53125
0.0117039997130632,669536.9375,-540090.4375,-144740.015625
0.0117049999535084,669551.3125,-539971.875,-144899.453125
0.0117060001939535,669556.5,-539847.75,-145057.125
0.0117070004343987,669553,-539718.1875,-145213.28125
0.0117079997435212,669541.3125,-539583.375,-145368.15625
0.0117089999839664,669522.0625,-539443.5,-145521.953125
0.0117100002244115,669495.8125,-539298.8125,-145674.859375
0.0117110004648566,669463.25,-539149.625,-145827.09375
0.0117119997739792,669425.0625,-538996.1875,-145978.84375
0.0117130000144243,669382,-538838.875,-146130.328125
0.0117140002548695,669334.75,-538678,-146281.75
0.011714999563992,669284.25,-538513.9375,-146433.375
0.0117159998044372,669231.1875,-538347.125,-146585.421875
0.0117170000448823,669176.5,-538177.9375,-146738.125
0.0117180002853274,669120.9375,-538006.875,-146891.75
0.01171899959445,669065.375,-537834.375,-147046.53125
0.0117199998348951,669010.625,-537660.875,-147202.671875
0.0117210000753403,668957.4375,-537486.9375,-147360.390625
0.0117220003157854,668906.5625,-537312.9375,-147519.859375
0.011722999624908,668858.75,-537139.4375,-147681.21875
0.0117239998653531,668814.5625,-536966.875,-147844.578125
0.0117250001057982,668774.5625,-536795.6875,-148010.015625
0.0117260003462434,668739.25,-536626.3125,-148177.5625
0.0117269996553659,668709,-536459.125,-148347.21875
0.0117279998958111,668684.25,-536294.5625,-148518.953125
0.0117290001362562,668665.0625,-536132.8125,-148692.703125
0.0117300003767014,668651.75,-535974.25,-148868.359375
0.0117309996858239,668644.375,-535819.0625,-149045.828125
0.0117319999262691,668642.875,-535667.375,-149224.984375
0.0117330001667142,668647.375,-535519.4375,-149405.65625
0.0117340004071593,668657.625,-535375.25,-149587.75
0.0117349997162819,668673.5625,-535234.875,-149771.09375
0.011735999956727,668695.0625,-535098.25,-149955.5625
0.0117370001971722,668721.8125,-534965.375,-150141.078125
0.0117380004376173,668753.75,-534836.125,-150327.515625
0.0117389997467399,668790.5625,-534710.375,-150514.828125
0.011739999987185,668831.9375,-534587.875,-150703.03125
0.0117410002276301,668877.5,-534467.875,-150892.3125
0.0117419995367527,668926.3125,-534348.875,-151083.375
0.0117429997771978,668976.75,-534227.5625,-151277.71875
0.011744000017643,669026.1875,-534098.8125,-151477.71875
0.0117450002580881,669072.0625,-533957.625,-151685.78125
0.0117459995672107,669113.625,-533802.6875,-151902.421875
0.0117469998076558,669154.25,-533641.4375,-152123.953125
0.0117480000481009,669202.6875,-533492.4375,-152341.296875
0.0117490002885461,669271.625,-533382.125,-152541.5
0.0117499995976686,669373.375,-533335.875,-152712.21875
0.0117509998381138,669514.5625,-533366.5625,-152847.296875
0.0117520000785589,669692.1875,-533466.4375,-152950.796875
0.0117530003190041,669893.0625,-533605.8125,-153037.59375
0.0117539996281266,670096.5,-533740.1875,-153129.90625
0.0117549998685718,670279.875,-533821.375,-153251.515625
0.0117560001090169,670423.625,-533809.1875,-153421.984375
0.011757000349462,670515.3125,-533679.9375,-153652.359375
0.0117579996585846,670551.0625,-533429.25,-153943.578125
0.0117589998990297,670535,-533070.9375,-154287.1875
0.0117600001394749,670477.625,-532632.4375,-154667.6875
0.01176100037992,670393.1875,-532149,-155065.8125
0.0117619996890426,670297.4375,-531657.5625,-155461.734375
0.0117629999294877,670205.5625,-531192,-155837.8125
0.0117640001699328,670130.875,-530779.8125,-156180.640625
0.011765000410378,670083.9375,-530439.9375,-156482.015625
0.0117659997195005,670072.375,-530182.4375,-156739.203125
0.0117669999599457,670100.625,-530009.0625,-156954.328125
0.0117680002003908,670170.375,-529914.9375,-157133.25
0.011769000440836,670281,-529890.3125,-157284.171875
0.0117699997499585,670429.9375,-529922.5,-157416.296875
0.0117709999904037,670613.125,-529997.6875,-157538.625
0.0117720002308488,670825.6875,-530102.375,-157659
0.0117729995399714,671061.875,-530224.125,-157783.578125
0.0117739997804165,671315.5625,-530352.125,-157916.71875
0.0117750000208616,671580.4375,-530477.125,-158061
0.0117760002613068,671849.9375,-530591.25,-158217.578125
0.0117769995704293,672117.3125,-530687.625,-158386.625
0.0117779998108745,672375.875,-530759.8125,-158567.765625
0.0117790000513196,672619.25,-530801.9375,-158760.5
0.0117800002917647,672841.1875,-530808.1875,-158964.578125
0.0117809996008873,673036.3125,-530772.875,-159180.234375
0.0117819998413324,673200.125,-530690.875,-159408.25
0.0117830000817776,673329.1875,-530557.5,-159650.03125
0.0117840003222227,673421.6875,-530369.1875,-159907.453125
0.0117849996313453,673477.125,-530123.5625,-160182.71875
0.0117859998717904,673496.6875,-529819.875,-160478.078125
0.0117870001122355,673483.0625,-529459.0625,-160795.640625
0.0117880003526807,673440.25,-529043.875,-161137.078125
0.0117889996618032,673373.3125,-528578.875,-161503.46875
0.0117899999022484,673288.25,-528070.3125,-161895.046875
0.0117910001426935,673191.3125,-527525.6875,-162311.171875
0.0117920003831387,673089.1875,-526953.625,-162750.328125
0.0117929996922612,672988.375,-526363.5625,-163210.046875
0.0117939999327064,672894.875,-525765.25,-163687.109375
0.0117950001731515,672814.25,-525168.375,-164177.671875
0.0117960004135966,672751.3125,-524582.3125,-164677.421875
0.0117969997227192,672710,-524015.6875,-165181.796875
0.0117979999631643,672693.3125,-523476.28125,-165686.203125
0.0117990002036095,672703.5625,-522970.65625,-166186.140625
0.0118000004440546,672741.9375,-522504.25,-166677.453125
0.0118009997531772,672809,-522081.03125,-167156.453125
0.0118019999936223,672904.4375,-521703.75,-167619.953125
0.0118030002340674,673027.375,-521373.8125,-168065.40625
0.01180399954319,673176.4375,-521091.4375,-168490.890625
0.0118049997836351,673349.6875,-520855.78125,-168895.109375
0.0118060000240803,673544.9375,-520665.03125,-169277.390625
0.0118070002645254,673759.6875,-520516.59375,-169637.625
0.011807999573648,673991.4375,-520407.3125,-169976.171875
0.0118089998140931,674237.375,-520333.5,-170293.796875
0.0118100000545382,674494.8125,-520291.1875,-170591.625
0.0118110002949834,674761.0625,-520276.15625,-170871.03125
0.0118119996041059,675033.4375,-520284.21875,-171133.578125
0.0118129998445511,675309.375,-520311.0625,-171380.96875
0.0118140000849962,675586.5,-520352.5625,-171614.96875
0.0118150003254414,675862.5,-520404.6875,-171837.359375
0.0118159996345639,676135.25,-520463.5625,-172049.921875
0.0118169998750091,676402.625,-520525.53125,-172254.40625
0.0118180001154542,676662.8125,-520587.15625,-172452.5
0.0118190003558993,676914.125,-520645.21875,-172645.828125
0.0118199996650219,677155,-520696.78125,-172835.90625
0.011820999905467,677383.9375,-520739.09375,-173024.1875
0.0118220001459122,677599.8125,-520769.6875,-173212.015625
0.0118230003863573,677801.4375,-520786.28125,-173400.671875
0.0118239996954799,677988,-520786.9375,-173591.265625
0.011824999935925,678158.625,-520769.875,-173784.890625
0.0118260001763701,678312.875,-520733.6875,-173982.453125
0.0118270004168153,678450.25,-520677.15625,-174184.796875
0.0118279997259378,678570.625,-520599.34375,-174392.65625
0.011828999966383,678673.9375,-520499.59375,-174606.640625
0.0118300002068281,678760.375,-520377.5625,-174827.25
0.0118310004472733,678830.1875,-520233.09375,-175054.859375
0.0118319997563958,678883.875,-520066.4375,-175289.765625
0.011832999996841,678922.1875,-519877.9375,-175532.140625
0.0118340002372861,678945.875,-519668.28125,-175782.046875
0.0118349995464087,678955.9375,-519438.375,-176039.453125
0.0118359997868538,678953.4375,-519189.34375,-176304.25
0.0118370000272989,678939.5625,-518922.46875,-176576.25
0.0118380002677441,678915.625,-518639.28125,-176855.15625
0.0118389995768666,678883.0625,-518341.34375,-177140.609375
0.0118399998173118,678843.25,-518030.40625,-177432.21875
0.0118410000577569,678797.6875,-517708.34375,-177729.5
0.011842000298202,678747.8125,-517377.0625,-178031.9375
0.0118429996073246,678695.1875,-517038.5,-178338.953125
0.0118439998477697,678641.25,-516694.59375,-178649.96875
0.0118450000882149,678587.5,-516347.40625,-178964.359375
0.01184600032866,678535.25,-515998.78125,-179281.46875
0.0118469996377826,678485.9375,-515650.65625,-179600.625
0.0118479998782277,678440.6875,-515304.875,-179921.15625
0.0118490001186728,678400.6875,-514963.1875,-180242.390625
0.011850000359118,678367.0625,-514627.25,-180563.640625
0.0118509996682405,678340.75,-514298.59375,-180884.25
0.0118519999086857,678322.625,-513978.6875,-181203.5625
0.0118530001491308,678313.4375,-513668.84375,-181520.9375
0.011854000389576,678313.875,-513370.21875,-181835.75
0.0118549996986985,678324.375,-513083.9375,-182147.4375
0.0118559999391437,678345.5,-512810.875,-182455.4375
0.0118570001795888,678377.4375,-512551.8125,-182759.234375
0.0118580004200339,678420.5,-512307.4375,-183058.3125
0.0118589997291565,678474.75,-512078.28125,-183352.265625
0.0118599999696016,678540.3125,-511864.6875,-183640.65625
0.0118610002100468,678617,-511667,-183923.125
0.0118620004504919,678704.6875,-511485.28125,-184199.3125
0.0118629997596145,678803.0625,-511319.625,-184468.953125
0.0118640000000596,678911.9375,-511169.90625,-184731.75
0.0118650002405047,679030.75,-511035.9375,-184987.515625
0.0118659995496273,679159.125,-510917.40625,-185236.046875
0.0118669997900724,679296.375,-510813.90625,-185477.1875
0.0118680000305176,679442.0625,-510724.9375,-185710.8125
0.0118690002709627,679595.3125,-510649.90625,-185936.875
0.0118699995800853,679755.5625,-510588.125,-186155.296875
0.0118709998205304,679922,-510538.84375,-186366.109375
0.0118720000609756,680093.8125,-510501.25,-186569.3125
0.0118730003014207,680270.25,-510474.4375,-186765
0.0118739996105433,680450.5,-510457.71875,-186953.171875
0.0118749998509884,680634.125,-510450.78125,-187133.625
0.0118760000914335,680821.3125,-510454.8125,-187305.5
0.0118770003318787,681013.4375,-510473.15625,-187466.875
0.0118779996410012,681212.6875,-510511.21875,-187614.875
0.0118789998814464,681421.0625,-510573.28125,-187747.109375
0.0118800001218915,681637.0625,-510657.03125,-187864.390625
0.0118810003623366,681853.3125,-510747.6875,-187973.484375
0.0118819996714592,682055.8125,-510816.8125,-188087.8125
0.0118829999119043,682227.125,-510829.0625,-188224.25
0.0118840001523495,682353.1875,-510755.375,-188396.984375
0.0118850003927946,682429.5625,-510586.875,-188610.875
0.0118859997019172,682465.5,-510341.90625,-188857.90625
0.0118869999423623,682482.25,-510063.25,-189118.375
0.0118880001828074,682506.75,-509806.15625,-189366.3125
0.0118890004232526,682564.5625,-509622.9375,-189576.4375
0.0118899997323751,682673.0625,-509550.15625,-189730.359375
0.0118909999728203,682838.1875,-509601.84375,-189819.90625
0.0118920002132654,683055.1875,-509769.71875,-189847.546875
0.0118930004537106,683311.25,-510028.125,-189824.40625
0.0118939997628331,683589.4375,-510341.8125,-189767.25
0.0118950000032783,683872.625,-510672.9375,-189695.171875
0.0118960002437234,684145.9375,-510986.65625,-189626.859375
0.011896999552846,684397.9375,-511254.53125,-189578.484375
0.0118979997932911,684620.3125,-511455.53125,-189562.515625
0.0118990000337362,684807.625,-511575.9375,-189587.109375
0.0119000002741814,684955.9375,-511608.28125,-189656.171875
0.0119009995833039,685062.4375,-511550.1875,-189769.828125
0.0119019998237491,685124.9375,-511403.0625,-189925.125
0.0119030000641942,685142,-511171.1875,-190117.03125
0.0119040003046393,685113.1875,-510861.09375,-190339.328125
0.0119049996137619,685039.3125,-510480.875,-190585.59375
0.011905999854207,684923.0625,-510039.84375,-190849.796875
0.0119070000946522,684768.625,-509548.21875,-191126.75
0.0119080003350973,684582.1875,-509016.75,-191412.375
0.0119089996442199,684371.125,-508456.5,-191703.671875
0.011909999884665,684144,-507878.5,-191998.640625
0.0119110001251101,683910,-507293.5625,-192296.046875
0.0119120003655553,683678.4375,-506711.96875,-192595.203125
0.0119129996746778,683458.125,-506143.21875,-192895.78125
0.011913999915123,683257.375,-505595.90625,-193197.609375
0.0119150001555681,683083.3125,-505077.375,-193500.578125
0.0119160003960133,682941.9375,-504593.71875,-193804.5625
0.0119169997051358,682837.75,-504149.6875,-194109.359375
0.011917999945581,682773.9375,-503748.625,-194414.671875
0.0119190001860261,682752.125,-503392.46875,-194720.109375
0.0119200004264712,682772.625,-503081.875,-195025.1875
0.0119209997355938,682834.5,-502816.28125,-195329.375
0.0119219999760389,682935.6875,-502593.96875,-195632.09375
0.0119230002164841,683073.0625,-502412.3125,-195932.828125
0.0119240004569292,683242.75,-502267.78125,-196231.015625
0.0119249997660518,683440.125,-502156.0625,-196526.28125
0.0119260000064969,683660.25,-502072.40625,-196818.28125
0.011927000246942,683897.75,-502011.4375,-197106.921875
0.0119279995560646,684147.1875,-501967.59375,-197392.21875
0.0119289997965097,684403.125,-501935.125,-197674.46875
0.0119300000369549,684660.3125,-501908.21875,-197954.109375
0.0119310002774,684913.875,-501881.21875,-198231.84375
0.0119319995865226,685159.25,-501848.59375,-198508.546875
0.0119329998269677,685392.5,-501805.25,-198785.328125
0.0119340000674129,685610.1875,-501746.40625,-199063.40625
0.011935000307858,685809.625,-501667.84375,-199344.171875
0.0119359996169806,685988.5,-501565.8125,-199629.140625
0.0119369998574257,686145.4375,-501437.125,-199919.875
0.0119380000978708,686279.375,-501279.15625,-200218.015625
0.011939000338316,686390.0625,-501089.84375,-200525.25
0.0119399996474385,686477.6875,-500867.6875,-200843.203125
0.0119409998878837,686542.8125,-500611.71875,-201173.53125
0.0119420001283288,686586.625,-500321.4375,-201517.78125
0.0119430003687739,686610.5625,-499996.90625,-201877.40625
0.0119439996778965,686616.3125,-499638.53125,-202253.75
0.0119449999183416,686606,-499247.21875,-202648
0.0119460001587868,686581.75,-498824.3125,-203061.140625
0.0119470003992319,686545.9375,-498371.46875,-203493.96875
0.0119479997083545,686501.125,-497890.78125,-203947
0.0119489999487996,686449.8125,-497384.625,-204420.5
0.0119500001892447,686394.6875,-496855.71875,-204914.453125
0.0119510004296899,686338.3125,-496307.1875,-205428.546875
0.0119519997388124,686283.3125,-495742.28125,-205962.140625
0.0119529999792576,686232.1875,-495164.65625,-206514.28125
0.0119540002197027,686187.4375,-494578.125,-207083.671875
0.0119550004601479,686151.4375,-493986.6875,-207668.75
0.0119559997692704,686126.4375,-493394.5,-208267.640625
0.0119570000097156,686114.5,-492805.875,-208878.1875
0.0119580002501607,686117.625,-492225.125,-209497.984375
0.0119589995592833,686137.5625,-491656.53125,-210124.421875
0.0119599997997284,686175.875,-491104.40625,-210754.6875
0.0119610000401735,686233.875,-490572.875,-211385.875
0.0119620002806187,686312.625,-490065.90625,-212014.9375
0.0119629995897412,686413.0625,-489587.25,-212638.75
0.0119639998301864,686535.6875,-489140.40625,-213254.234375
0.0119650000706315,686680.9375,-488728.53125,-213858.28125
0.0119660003110766,686848.8125,-488354.375,-214447.890625
0.0119669996201992,687039.1875,-488020.375,-215020.109375
0.0119679998606443,687251.625,-487728.46875,-215572.15625
0.0119690001010895,687485.375,-487480.28125,-216101.421875
0.0119700003415346,687739.625,-487276.875,-216605.46875
0.0119709996506572,688013.125,-487118.90625,-217082.09375
0.0119719998911023,688304.6875,-487006.59375,-217529.3125
0.0119730001315475,688612.6875,-486939.75,-217945.421875
0.0119740003719926,688935.5625,-486917.65625,-218328.984375
0.0119749996811152,689271.5,-486939.34375,-218678.8125
0.0119759999215603,689618.5625,-487003.3125,-218994.015625
0.0119770001620054,689974.8125,-487107.84375,-219274.03125
0.0119780004024506,690338.25,-487250.75,-219518.546875
0.0119789997115731,690706.8125,-487429.6875,-219727.546875
0.0119799999520183,691078.3125,-487641.875,-219901.328125
0.0119810001924634,691450.8125,-487884.4375,-220040.4375
0.0119820004329085,691822.125,-488154.15625,-220145.71875
0.0119829997420311,692190.3125,-488447.71875,-220218.28125
0.0119839999824762,692553.375,-488761.625,-220259.484375
0.0119850002229214,692909.5,-489092.21875,-220270.9375
0.0119860004633665,693256.8125,-489435.78125,-220254.453125
0.0119869997724891,693593.625,-489788.53125,-220212.078125
0.0119880000129342,693918.375,-490146.625,-220146.03125
0.0119890002533793,694229.5625,-490506.21875,-220058.6875
0.0119899995625019,694525.8125,-490863.53125,-219952.578125
0.011990999802947,694805.8125,-491214.78125,-219830.375
0.0119920000433922,695068.625,-491556.34375,-219694.8125
0.0119930002838373,695313.125,-491884.65625,-219548.6875
0.0119939995929599,695538.625,-492196.28125,-219394.890625
0.011994999833405,695744.375,-492488.03125,-219236.296875
0.0119960000738502,695929.8125,-492756.84375,-219075.765625
0.0119970003142953,696094.6875,-492999.84375,-218916.1875
0.0119979996234179,696238.625,-493214.46875,-218760.3125
0.011998999863863,696361.5625,-493398.375,-218610.890625
0.0120000001043081,696463.5625,-493549.40625,-218470.546875
0.0120010003447533,696544.8125,-493665.78125,-218341.765625
0.0120019996538758,696605.6875,-493745.96875,-218226.953125
0.012002999894321,696646.5,-493788.6875,-218128.328125
0.0120040001347661,696667.875,-493792.9375,-218047.9375
0.0120050003752112,696670.4375,-493758.09375,-217987.6875
0.0120059996843338,696654.9375,-493683.71875,-217949.265625
0.0120069999247789,696622.375,-493569.65625,-217934.171875
0.0120080001652241,696573.5625,-493416.1875,-217943.6875
0.0120090004056692,696509.6875,-493223.9375,-217978.75
0.0120099997147918,696432.1875,-492994.3125,-218039.890625
0.0120109999552369,696342.875,-492729.625,-218127.078125
0.012012000195682,696243.75,-492432.75,-218239.90625
0.0120130004361272,696136.5625,-492106.1875,-218378
0.0120139997452497,696021.75,-491750.03125,-218541.9375
0.0120149999856949,695898,-491360.875,-218733.84375
0.01201600022614,695762.3125,-490932.21875,-218957.296875
0.0120169995352626,695611.5,-490457,-219216.078125
0.0120179997757077,695444.375,-489931.8125,-219512.46875
0.0120190000161529,695263.25,-489360.03125,-219845.65625
0.012020000256598,695074.25,-488752.65625,-220211.375
0.0120209995657206,694886.375,-488126.15625,-220602.609375
0.0120219998061657,694708.625,-487498.28125,-221011.3125
0.0120230000466108,694548.3125,-486883.75,-221430.140625
0.012024000287056,694408.875,-486291.34375,-221853.875
0.0120249995961785,694289.9375,-485722.90625,-222279.953125
0.0120259998366237,694187.9375,-485174.28125,-222708.296875
0.0120270000770688,694097.375,-484637.8125,-223140.53125
0.0120280003175139,694012.6875,-484104.75,-223579.0625
0.0120289996266365,693929.3125,-483567.75,-224026.109375
0.0120299998670816,693844.5,-483022.15625,-224483.078125
0.0120310001075268,693757.5,-482466.84375,-224950.203125
0.0120320003479719,693669.6875,-481903.75,-225426.609375
0.0120329996570945,693583.75,-481337.15625,-225910.5625
0.0120339998975396,693503.1875,-480772.6875,-226399.859375
0.0120350001379848,693431.5,-480216.0625,-226892.25
0.0120360003784299,693372.0625,-479672.3125,-227385.78125
0.0120369996875525,693327.25,-479145.15625,-227878.9375
0.0120379999279976,693298.5625,-478636.6875,-228370.796875
0.0120390001684427,693286.25,-478147.28125,-228860.890625
0.0120400004088879,693289.6875,-477676.125,-229349.09375
0.0120409997180104,693307.5,-477221.34375,-229835.453125
0.0120419999584556,693337.6875,-476780.78125,-230319.90625
0.0120430001989007,693378.3125,-476352.25,-230802.171875
0.0120440004393458,693427.25,-475934.28125,-231281.546875
0.0120449997484684,693482.875,-475526.25,-231756.78125
0.0120459999889135,693544.0625,-475128.65625,-232226.125
0.0120470002293587,693610.375,-474743.25,-232687.265625
0.0120479995384812,693681.75,-474372.8125,-233137.453125
0.0120489997789264,693758.9375,-474021.09375,-233573.578125
0.0120500000193715,693842.9375,-473692.5,-233992.328125
0.0120510002598166,693935.0625,-473391.8125,-234390.328125
0.0120519995689392,694036.75,-473123.8125,-234764.34375
0.0120529998093843,694149.4375,-472892.9375,-235111.3125
0.0120540000498295,694274.3125,-472703.15625,-235428.640625
0.0120550002902746,694412.375,-472557.5625,-235714.15625
0.0120559995993972,694564.0625,-472458.21875,-235966.328125
0.0120569998398423,694729.625,-472406.1875,-236184.265625
0.0120580000802875,694908.6875,-472401.3125,-236367.734375
0.0120590003207326,695100.5,-472442.25,-236517.28125
0.0120599996298552,695304.0625,-472526.6875,-236634.125
0.0120609998703003,695518.0625,-472651.1875,-236720.1875
0.0120620001107454,695740.875,-472811.59375,-236777.96875
0.0120630003511906,695970.75,-473002.9375,-236810.609375
0.0120639996603131,696205.875,-473219.71875,-236821.640625
0.0120649999007583,696444.5,-473456.1875,-236815.03125
0.0120660001412034,696684.8125,-473706.21875,-236794.984375
0.0120670003816485,696925.0625,-473963.78125,-236765.84375
0.0120679996907711,697163.6875,-474222.875,-236732
0.0120689999312162,697399.1875,-474477.75,-236697.75
0.0120700001716614,697630.125,-474722.9375,-236667.171875
0.0120710004121065,697855.25,-474953.53125,-236644.09375
0.0120719997212291,698073.4375,-475165.03125,-236631.890625
0.0120729999616742,698283.625,-475353.5625,-236633.578125
0.0120740002021194,698484.8125,-475515.8125,-236651.59375
0.0120750004425645,698676.25,-475649.15625,-236687.90625
0.012075999751687,698857.125,-475751.625,-236743.921875
0.0120769999921322,699026.9375,-475821.84375,-236820.546875
0.0120780002325773,699185.125,-475859.0625,-236918.203125
0.0120789995416999,699331.4375,-475863.15625,-237036.859375
0.012079999782145,699465.625,-475834.53125,-237176.09375
0.0120810000225902,699587.6875,-475774,-237335.21875
0.0120820002630353,699697.875,-475682.84375,-237513.25
0.0120829995721579,699796.5,-475562.6875,-237709.046875
0.012083999812603,699884,-475415.40625,-237921.40625
0.0120850000530481,699961.125,-475243.125,-238149.046875
0.0120860002934933,700028.6875,-475048.03125,-238390.71875
0.0120869996026158,700087.6875,-474832.40625,-238645.265625
0.012087999843061,700139.125,-474598.5625,-238911.578125
0.0120890000835061,700184.25,-474348.71875,-239188.75
0.0120900003239512,700224.125,-474084.9375,-239475.984375
0.0120909996330738,700260,-473809.25,-239772.625
0.0120919998735189,700293.0625,-473523.4375,-240078.171875
0.0120930001139641,700324.4375,-473229.15625,-240392.234375
0.0120940003544092,700355.125,-472927.84375,-240714.46875
0.0120949996635318,700386.0625,-472620.78125,-241044.6875
0.0120959999039769,700418.1875,-472309.125,-241382.6875
0.0120970001444221,700452.125,-471993.75,-241728.328125
0.0120980003848672,700488.4375,-471675.40625,-242081.484375
0.0120989996939898,700527.625,-471354.6875,-242442.078125
0.0120999999344349,700569.9375,-471032.0625,-242809.9375
0.01210100017488,700615.625,-470707.84375,-243184.921875
0.0121020004153252,700664.8125,-470382.28125,-243566.828125
0.0121029997244477,700717.375,-470055.5625,-243955.390625
0.0121039999648929,700773.3125,-469727.78125,-244350.3125
0.012105000205338,700832.4375,-469399.03125,-244751.203125
0.0121060004457831,700894.625,-469069.34375,-245157.703125
0.0121069997549057,700959.5625,-468738.6875,-245569.40625
0.0121079999953508,701027.0625,-468406.96875,-245985.921875
0.012109000235796,701096.875,-468074.09375,-246406.859375
0.0121099995449185,701168.75,-467739.90625,-246831.859375
0.0121109997853637,701242.375,-467404.1875,-247260.546875
0.0121120000258088,701317.5625,-467066.71875,-247692.609375
0.0121130002662539,701394.0625,-466727.3125,-248127.71875
0.0121139995753765,701471.5625,-466385.625,-248565.5625
0.0121149998158216,701549.875,-466041.5,-249005.859375
0.0121160000562668,701628.75,-465694.625,-249448.3125
0.0121170002967119,701707.9375,-465344.75,-249892.671875
0.0121179996058345,701787.1875,-464991.6875,-250338.6875
0.0121189998462796,701866.3125,-464635.1875,-250786.125
0.0121200000867248,701945.125,-464275.03125,-251234.734375
0.0121210003271699,702023.3125,-463911.0625,-251684.328125
0.0121219996362925,702100.6875,-463543.15625,-252134.640625
0.0121229998767376,702177,-463171.21875,-252585.453125
0.0121240001171827,702252.0625,-462795.28125,-253036.515625
0.0121250003576279,702325.75,-462415.40625,-253487.53125
0.0121259996667504,702397.75,-462031.6875,-253938.203125
0.0121269999071956,702468,-461644.4375,-254388.21875
0.0121280001476407,702536.3125,-461253.875,-254837.1875
0.0121290003880858,702602.5625,-460860.5,-255284.78125
0.0121299996972084,702666.75,-460464.71875,-255730.59375
0.0121309999376535,702728.875,-460067.15625,-256174.21875
0.0121320001780987,702788.8125,-459668.4375,-256615.25
0.0121330004185438,702846.8125,-459269.3125,-257053.28125
0.0121339997276664,702902.875,-458870.5,-257487.90625
0.0121349999681115,702957.25,-458472.875,-257918.703125
0.0121360002085567,703010,-458077.28125,-258345.28125
0.0121370004490018,703061.4375,-457684.6875,-258767.21875
0.0121379997581244,703111.8125,-457295.9375,-259184.125
0.0121389999985695,703161.4375,-456912.0625,-259595.578125
0.0121400002390146,703210.5,-456533.9375,-260001.21875
0.0121409995481372,703259.375,-456162.5625,-260400.609375
0.0121419997885823,703308.25,-455798.8125,-260793.359375
0.0121430000290275,703357.375,-455443.625,-261179.0625
0.0121440002694726,703407.0625,-455097.875,-261557.296875
0.0121449995785952,703457.5,-454762.40625,-261927.59375
0.0121459998190403,703508.8125,-454438,-262289.53125
0.0121470000594854,703561.1875,-454125.40625,-262642.6875
0.0121480002999306,703614.5,-453825.125,-262986.65625
0.0121489996090531,703668.75,-453537.46875,-263321.125
0.0121499998494983,703723.625,-453262.59375,-263645.75
0.0121510000899434,703779,-453000.6875,-263960.3125
0.0121520003303885,703834.625,-452751.96875,-264264.4375
0.0121529996395111,703890.4375,-452516.875,-264557.625
0.0121539998799562,703946.5625,-452296.09375,-264839.3125
0.0121550001204014,704002.9375,-452090.28125,-265108.90625
0.0121560003608465,704059.6875,-451899.96875,-265365.90625
0.0121569996699691,704116.6875,-451725.375,-265609.875
0.0121579999104142,704173.5,-451566.3125,-265840.65625
0.0121590001508594,704229.75,-451422.1875,-266058.21875
0.0121600003913045,704284.875,-451292.1875,-266262.78125
0.0121609997004271,704338.4375,-451175.4375,-266454.53125
0.0121619999408722,704390.1875,-451071.375,-266633.71875
0.0121630001813173,704440.0625,-450979.59375,-266800.5625
0.0121640004217625,704488.375,-450900.1875,-266955.09375
0.012164999730885,704535.6875,-450833.5,-267097.34375
0.0121659999713302,704582.5,-450780.03125,-267227.28125
0.0121670002117753,704629.5625,-450740.21875,-267345
0.0121680004522204,704677.5,-450714.3125,-267450.625
0.012168999761343,704726.6875,-450702.09375,-267544.53125
0.0121700000017881,704777.375,-450703.125,-267627.3125
0.0121710002422333,704829.8125,-450716.5625,-267699.59375
0.0121719995513558,704883.875,-450741.375,-267762.21875
0.012172999791801,704939.625,-450776.4375,-267816.03125
0.0121740000322461,704997.125,-450820.6875,-267861.875
0.0121750002726912,705056.3125,-450873.15625,-267900.5
0.0121759995818138,705117.5,-450933.09375,-267932.625
0.0121769998222589,705180.8125,-450999.90625,-267958.875
0.0121780000627041,705246.5,-451073.09375,-267979.75
0.0121790003031492,705314.875,-451152.21875,-267995.78125
0.0121799996122718,705386.0625,-451236.8125,-268007.40625
0.0121809998527169,705460.1875,-451326.375,-268015.0625
0.0121820000931621,705537.25,-451420.21875,-268019.25
0.0121830003336072,705617,-451517.53125,-268020.4375
0.0121839996427298,705699.0625,-451617.3125,-268019.09375
0.0121849998831749,705783.125,-451718.46875,-268015.71875
0.01218600012362,705868.4375,-451819.90625,-268010.75
0.0121870003640652,705954.375,-451920.40625,-268004.65625
0.0121879996731877,706040.375,-452018.8125,-267997.8125
0.0121889999136329,706125.6875,-452114.0625,-267990.5625
0.012190000154078,706209.75,-452205.21875,-267983.21875
0.0121910003945231,706291.9375,-452291.5,-267976.03125
0.0121919997036457,706371.875,-452372.1875,-267969.21875
0.0121929999440908,706449.125,-452446.84375,-267962.96875
0.012194000184536,706523.5,-452515.03125,-267957.40625
0.0121950004249811,706594.6875,-452576.5,-267952.65625
0.0121959997341037,706662.625,-452631.0625,-267948.875
0.0121969999745488,706727.25,-452678.625,-267946.1875
0.012198000214994,706788.4375,-452719.09375,-267944.71875
0.0121990004554391,706846.3125,-452752.375,-267944.625
0.0121999997645617,706900.6875,-452778.4375,-267946.125
0.0122010000050068,706951.75,-452797.125,-267949.46875
0.0122020002454519,706999.4375,-452808.34375,-267954.875
0.0122029995545745,707043.875,-452811.96875,-267962.6875
0.0122039997950196,707085,-452807.75,-267973.3125
0.0122050000354648,707123,-452795.4375,-267987.1875
0.0122060002759099,707157.9375,-452774.8125,-268004.78125
0.0122069995850325,707189.875,-452745.53125,-268026.6875
0.0122079998254776,707219.0625,-452707.25,-268053.5
0.0122090000659227,707245.625,-452659.59375,-268085.9375
0.0122100003063679,707269.75,-452602.1875,-268124.6875
0.0122109996154904,707291.625,-452534.5625,-268170.53125
0.0122119998559356,707311.5625,-452456.34375,-268224.28125
0.0122130000963807,707329.75,-452367,-268286.78125
0.0122140003368258,707346.3125,-452265.90625,-268358.875
0.0122149996459484,707361.3125,-452152.375,-268441.59375
0.0122159998863935,707374.8125,-452025.59375,-268535.8125
0.0122170001268387,707386.8125,-451884.78125,-268642.46875
0.0122180003672838,707397.25,-451729.3125,-268762.28125
0.0122189996764064,707406.125,-451558.875,-268895.71875
0.0122199999168515,707413.5,-451373.40625,-269043
0.0122210001572967,707419.4375,-451173.09375,-269204.3125
0.0122220003977418,707424,-450958.0625,-269379.65625
0.0122229997068644,707427.25,-450728.28125,-269569.25
0.0122239999473095,707429.1875,-450483.59375,-269773.4375
0.0122250001877546,707429.5625,-450223.59375,-269992.5625
0.0122260004281998,707428.375,-449947.96875,-270226.9375
0.0122269997373223,707425.4375,-449656.75,-270476.53125
0.0122279999777675,707420.6875,-449350.3125,-270741.0625
0.0122290002182126,707414.0625,-449029.65625,-271019.75
0.0122300004586577,707405.75,-448696.03125,-271311.5
0.0122309997677803,707395.875,-448351,-271615.15625
0.0122320000082254,707384.6875,-447996.0625,-271929.5625
0.0122330002486706,707372.3125,-447632.53125,-272253.78125
0.0122339995577931,707359,-447261.375,-272587.09375
0.0122349997982383,707344.875,-446883.25,-272929.03125
0.0122360000386834,707329.875,-446498.65625,-273279.28125
0.0122370002791286,707314.125,-446107.875,-273637.5
0.0122379995882511,707297.375,-445711.34375,-274003.3125
0.0122389998286963,707279.4375,-445309.375,-274376.09375
0.0122400000691414,707260.0625,-444902.53125,-274755.1875
0.0122410003095865,707238.8125,-444491.34375,-275139.6875
0.0122419996187091,707215.3125,-444076.40625,-275528.6875
0.0122429998591542,707189.1875,-443658.28125,-275921.25
0.0122440000995994,707159.9375,-443237.3125,-276316.53125
0.0122450003400445,707127.125,-442813.875,-276713.84375
0.0122459996491671,707090.3125,-442388.0625,-277112.625
0.0122469998896122,707049.125,-441959.90625,-277512.46875
0.0122480001300573,707003.3125,-441529.375,-277913.0625
0.0122490003705025,706952.5,-441096.4375,-278314.28125
0.012249999679625,706896.6875,-440661,-278715.90625
0.0122509999200702,706835.8125,-440223.25,-279117.8125
0.0122520001605153,706769.9375,-439783.375,-279519.84375
0.0122530004009604,706699.3125,-439341.78125,-279921.75
0.012253999710083,706624.3125,-438899.0625,-280323.28125
0.0122549999505281,706545.4375,-438456,-280724.125
0.0122560001909733,706463.4375,-438013.40625,-281124.03125
0.0122570004314184,706379,-437572.3125,-281522.6875
0.012257999740541,706293.0625,-437133.71875,-281919.84375
0.0122589999809861,706206.625,-436698.59375,-282315.375
0.0122600002214313,706120.625,-436267.9375,-282709.1875
0.0122610004618764,706036.125,-435842.5625,-283101.34375
0.012261999770999,705954.0625,-435423.15625,-283491.90625
0.0122630000114441,705875.4375,-435010.25,-283881.125
0.0122640002518892,705801.0625,-434604.21875,-284269.21875
0.0122649995610118,705731.625,-434205.1875,-284656.53125
0.0122659998014569,705667.5625,-433813.125,-285043.34375
0.0122670000419021,705609.25,-433427.78125,-285430
0.0122680002823472,705556.75,-433048.75,-285816.8125
0.0122689995914698,705510.0625,-432675.46875,-286204.03125
0.0122699998319149,705468.875,-432307.1875,-286591.9375
0.01227100007236,705432.8125,-431943.09375,-286980.6875
0.0122720003128052,705401.1875,-431582.25,-287370.46875
0.0122729996219277,705373.375,-431223.65625,-287761.375
0.0122739998623729,705348.5625,-430866.28125,-288153.5625
0.012275000102818,705326,-430509.15625,-288547.125
0.0122760003432631,705304.875,-430151.21875,-288942.15625
0.0122769996523857,705284.5,-429791.5625,-289338.75
0.0122779998928308,705264.0625,-429429.34375,-289737.03125
0.012279000133276,705243.125,-429063.90625,-290137.125
0.0122800003737211,705221.3125,-428694.65625,-290539.15625
0.0122809996828437,705198.25,-428321.25,-290943.21875
0.0122819999232888,705173.9375,-427943.5,-291349.4375
0.012283000163734,705148.375,-427561.4375,-291757.90625
0.0122840004041791,705121.875,-427175.25,-292168.71875
0.0122849997133017,705094.8125,-426785.40625,-292581.84375
0.0122859999537468,705067.75,-426392.46875,-292997.34375
0.0122870001941919,705041.3125,-425997.25,-293415.09375
0.0122880004346371,705016.25,-425600.625,-293835
0.0122889997437596,704993.4375,-425203.65625,-294256.90625
0.0122899999842048,704973.75,-424807.4375,-294680.625
0.0122910002246499,704957.9375,-424413.09375,-295105.84375
0.012292000465095,704947,-424021.78125,-295532.3125
0.0122929997742176,704941.6875,-423634.65625,-295959.65625
0.0122940000146627,704942.6875,-423252.75,-296387.5
0.0122950002551079,704950.75,-422877.125,-296815.46875
0.0122959995642304,704966.375,-422508.6875,-297243.09375
0.0122969998046756,704990,-422148.28125,-297669.96875
0.0122980000451207,705022,-421796.625,-298095.5625
0.0122990002855659,705062.5625,-421454.3125,-298519.46875
0.0122999995946884,705111.75,-421121.84375,-298941.15625
0.0123009998351336,705169.4375,-420799.53125,-299360.125
0.0123020000755787,705235.5625,-420487.625,-299776
0.0123030003160238,705309.75,-420186.15625,-300188.25
0.0123039996251464,705391.625,-419895.1875,-300596.5
0.0123049998655915,705480.75,-419614.5625,-301000.375
0.0123060001060367,705576.5,-419344.125,-301399.4375
0.0123070003464818,705678.3125,-419083.65625,-301793.34375
0.0123079996556044,705785.625,-418832.84375,-302181.8125
0.0123089998960495,705897.8125,-418591.40625,-302564.53125
0.0123100001364946,706014.0625,-418359,-302941.1875
0.0123110003769398,706133.875,-418135.3125,-303311.59375
0.0123119996860623,706256.5,-417919.90625,-303675.53125
0.0123129999265075,706381.3125,-417712.40625,-304032.78125
0.0123140001669526,706507.5625,-417512.40625,-304383.21875
0.0123150004073977,706634.6875,-417319.46875,-304726.6875
0.0123159997165203,706761.9375,-417133.15625,-305063.09375
0.0123169999569654,706888.6875,-416953,-305392.28125
0.0123180001974106,707014.3125,-416778.625,-305714.15625
0.0123190004378557,707138.1875,-416609.53125,-306028.625
0.0123199997469783,707259.6875,-416445.3125,-306335.53125
0.0123209999874234,707378.125,-416285.59375,-306634.78125
0.0123220002278686,707493,-416129.9375,-306926.25
0.0123229995369911,707603.6875,-415978,-307209.75
0.0123239997774363,707709.625,-415829.3125,-307485.21875
0.0123250000178814,707810.3125,-415683.5625,-307752.46875
0.0123260002583265,707905.1875,-415540.3125,-308011.40625
0.0123269995674491,707993.8125,-415399.21875,-308261.9375
0.0123279998078942,708075.6875,-415259.875,-308504
0.0123290000483394,708150.4375,-415121.875,-308737.53125
0.0123300002887845,708217.6875,-414984.90625,-308962.53125
0.0123309995979071,708277.1875,-414848.5625,-309179
0.0123319998383522,708328.6875,-414712.5625,-309387.03125
0.0123330000787973,708372.0625,-414576.59375,-309586.71875
0.0123340003192425,708407.1875,-414440.375,-309778.1875
0.012334999628365,708434.0625,-414303.625,-309961.6875
0.0123359998688102,708452.75,-414166.1875,-310137.40625
0.0123370001092553,708463.375,-414027.8125,-310305.6875
0.0123380003497005,708466.25,-413888.40625,-310466.8125
0.012338999658823,708461.5625,-413747.8125,-310621.15625
0.0123399998992682,708449.5625,-413605.96875,-310769.125
0.0123410001397133,708430.8125,-413462.8125,-310911.09375
0.0123420003801584,708405.6875,-413318.53125,-311047.4375
0.012342999689281,708374.875,-413173.46875,-311178.40625
0.0123439999297261,708339.25,-413028.46875,-311304.09375
0.0123450001701713,708299.8125,-412884.71875,-311424.40625
0.0123460004106164,708257.625,-412743.1875,-311539.4375
0.012346999719739,708213.25,-412603.84375,-311649.75
0.0123479999601841,708166.25,-412464.34375,-311757.1875
0.0123490002006292,708114.875,-412319.875,-311864.6875
0.0123500004410744,708056.5,-412163.78125,-311976.09375
0.0123509997501969,707988.4375,-411990.09375,-312094.5625
0.0123519999906421,707909.1875,-411796.1875,-312221.28125
0.0123530002310872,707819.3125,-411584.9375,-312354.28125
0.0123539995402098,707721.9375,-411364.71875,-312488.5625
0.0123549997806549,707621.75,-411147.71875,-312617.34375
0.0123560000211,707524.5,-410946.34375,-312734.25
0.0123570002615452,707435.25,-410770.125,-312835.25
0.0123579995706677,707357.875,-410623.3125,-312919.90625
0.0123589998111129,707294.375,-410504.40625,-312991.46875
0.012360000051558,707245,-410407.21875,-313056.0625
0.0123610002920032,707208.5,-410322.8125,-313121.03125
0.0123619996011257,707182.875,-410241.78125,-313193.34375
0.0123629998415709,707165.625,-410156.0625,-313278.28125
0.012364000082016,707154.0625,-410060,-313378.71875
0.0123650003224611,707145.5,-409950.53125,-313495
0.0123659996315837,707137.125,-409826.875,-313625.34375
0.0123669998720288,707126.375,-409689.71875,-313766.46875
0.012368000112474,707110.5625,-409540.46875,-313914.625
0.0123690003529191,707087.1875,-409380.34375,-314066.15625
0.0123699996620417,707053.9375,-409209.96875,-314218.21875
0.0123709999024868,707008.75,-409029.0625,-314369.125
0.0123720001429319,706950.125,-408836.46875,-314518.53125
0.0123730003833771,706877.0625,-408630.5625,-314667.125
0.0123739996924996,706789.5,-408409.5,-314816.5625
0.0123749999329448,706688,-408171.78125,-314968.84375
0.0123760001733899,706573.9375,-407916.8125,-315126.09375
0.012377000413835,706449.5,-407645.0625,-315289.9375
0.0123779997229576,706317.5,-407358.4375,-315461.5
0.0123789999634027,706181.3125,-407060.125,-315641.03125
0.0123800002038479,706044.625,-406754.6875,-315827.9375
0.012381000444293,705911.5,-406447.5625,-316020.875
0.0123819997534156,705785.75,-406144.75,-316217.90625
0.0123829999938607,705671.0625,-405852.40625,-316416.75
0.0123840002343059,705570.8125,-405576.4375,-316614.9375
0.0123849995434284,705487.6875,-405321.875,-316810.1875
0.0123859997838736,705423.875,-405092.84375,-317000.5
0.0123870000243187,705380.625,-404892.125,-317184.28125
0.0123880002647638,705358.625,-404721,-317360.53125
0.0123889995738864,705357.5,-404579.4375,-317528.78125
0.0123899998143315,705376.25,-404465.90625,-317689.125
0.0123910000547767,705412.9375,-404377.65625,-317842.09375
0.0123920002952218,705465.125,-404310.84375,-317988.59375
0.0123929996043444,705529.625,-404260.78125,-318129.75
0.0123939998447895,705602.8125,-404222.28125,-318266.90625
0.0123950000852346,705680.8125,-404189.75,-318401.375
0.0123960003256798,705759.4375,-404157.53125,-318534.53125
0.0123969996348023,705834.6875,-404120.0625,-318667.59375
0.0123979998752475,705902.375,-404072.15625,-318801.75
0.0123990001156926,705959,-404009.03125,-318938.09375
0.0124000003561378,706001.125,-403926.5,-319077.53125
0.0124009996652603,706026.125,-403821.09375,-319220.96875
0.0124019999057055,706031.8125,-403690,-319369.28125
0.0124030001461506,706016.8125,-403531.1875,-319523.25
0.0124040003865957,705980.4375,-403343.375,-319683.6875
0.0124049996957183,705922.75,-403126.03125,-319851.4375
0.0124059999361634,705844.375,-402879.34375,-320027.21875
0.0124070001766086,705746.6875,-402604.03125,-320211.875
0.0124080004170537,705631.6875,-402301.59375,-320406.0625
0.0124089997261763,705501.6875,-401973.875,-320610.5
0.0124099999666214,705359.375,-401623.25,-320825.65625
0.0124110002070665,705207.8125,-401252.5,-321051.9375
0.0124120004475117,705050.125,-400864.625,-321289.53125
0.0124129997566342,704889.4375,-400462.84375,-321538.4375
0.0124139999970794,704728.9375,-400050.5,-321798.4375
0.0124150002375245,704571.5625,-399630.9375,-322069.125
0.0124159995466471,704420.0625,-399207.5,-322349.875
0.0124169997870922,704277,-398783.375,-322639.8125
0.0124180000275373,704144.5,-398361.65625,-322938
0.0124190002679825,704024.5,-397945.09375,-323243.375
0.012419999577105,703918.5625,-397536.28125,-323554.6875
0.0124209998175502,703827.9375,-397137.40625,-323870.78125
0.0124220000579953,703753.4375,-396750.4375,-324190.40625
0.0124230002984405,703695.8125,-396376.9375,-324512.4375
0.012423999607563,703655.4375,-396018.1875,-324835.78125
0.0124249998480082,703632.375,-395675.09375,-325159.4375
0.0124260000884533,703626.5625,-395348.34375,-325482.5625
0.0124270003288984,703637.8125,-395038.25,-325804.40625
0.012427999638021,703665.625,-394744.90625,-326124.4375
0.0124289998784661,703709.5625,-394468.21875,-326442.125
0.0124300001189113,703768.9375,-394207.84375,-326757.21875
0.0124310003593564,703843,-393963.25,-327069.5
0.012431999668479,703930.9375,-393733.75,-327378.875
0.0124329999089241,704031.75,-393518.5625,-327685.3125
0.0124340001493692,704144.5625,-393316.78125,-327988.90625
0.0124350003898144,704268.1875,-393127.40625,-328289.71875
0.0124359996989369,704401.5625,-392949.34375,-328587.9375
0.0124369999393821,704543.5625,-392781.46875,-328883.71875
0.0124380001798272,704692.875,-392622.53125,-329177.28125
0.0124390004202724,704848.25,-392471.34375,-329468.75
0.0124399997293949,705008.375,-392326.59375,-329758.40625
0.01244099996984,705171.9375,-392186.96875,-330046.34375
0.0124420002102852,705337.5625,-392051.1875,-330332.84375
0.0124430004507303,705503.875,-391917.9375,-330618
0.0124439997598529,705669.625,-391785.84375,-330902.03125
0.012445000000298,705833.5,-391653.65625,-331185.09375
0.0124460002407432,705994.25,-391520.125,-331467.3125
0.0124469995498657,706150.6875,-391384,-331748.84375
0.0124479997903109,706301.6875,-391244.15625,-332029.875
0.012449000030756,706446.25,-391099.46875,-332310.46875
0.0124500002712011,706583.375,-390949,-332590.78125
0.0124509995803237,706712.3125,-390791.75,-332870.90625
0.0124519998207688,706832.3125,-390627,-333150.9375
0.012453000061214,706942.75,-390454,-333430.96875
0.0124540003016591,707043.1875,-390272.1875,-333711.03125
0.0124549996107817,707133.25,-390081.125,-333991.1875
0.0124559998512268,707212.625,-389880.5,-334271.4375
0.0124570000916719,707281.1875,-389670.0625,-334551.75
0.0124580003321171,707338.875,-389449.75,-334832.125
0.0124589996412396,707385.8125,-389219.59375,-335112.46875
0.0124599998816848,707422.0625,-388979.75,-335392.71875
0.0124610001221299,707448,-388730.46875,-335672.78125
0.0124620003625751,707463.8125,-388472.125,-335952.53125
0.0124629996716976,707470,-388205.125,-336231.78125
0.0124639999121428,707466.9375,-387930,-336510.4375
0.0124650001525879,707455.1875,-387647.40625,-336788.28125
0.012466000393033,707435.3125,-387357.90625,-337065.1875
0.0124669997021556,707407.9375,-387062.3125,-337340.9375
0.0124679999426007,707373.6875,-386761.3125,-337615.34375
0.0124690001830459,707333.25,-386455.6875,-337888.25
0.012470000423491,707287.3125,-386146.3125,-338159.5
0.0124709997326136,707236.5625,-385833.96875,-338428.875
0.0124719999730587,707181.8125,-385519.53125,-338696.25
0.0124730002135038,707123.6875,-385203.8125,-338961.5
0.012474000453949,707063,-384887.71875,-339224.4375
0.0124749997630715,707000.5,-384572.1875,-339484.875
0.0124760000035167,706937.1875,-384258.625,-339742.46875
0.0124770002439618,706874.4375,-383949.125,-339996.46875
0.0124779995530844,706813.9375,-383646.78125,-340245.65625
0.0124789997935295,706757.8125,-383355.4375,-340488.3125
0.0124800000339746,706707.4375,-383077.9375,-340723.09375
0.0124810002744198,706662.125,-382813.3125,-340950.15625
0.0124819995835423,706617.9375,-382554.40625,-341172.5
0.0124829998239875,706567.625,-382287.34375,-341396.28125
0.0124840000644326,706502.875,-381994.96875,-341629.71875
0.0124850003048778,706417.9375,-381663.5,-341880.6875
0.0124859996140003,706313.8125,-381289.625,-342153.6875
0.0124869998544455,706200.1875,-380884.59375,-342447.75
0.0124880000948906,706093.875,-380473.21875,-342755.9375
0.0124890003353357,706014.5,-380088.09375,-343066.5625
0.0124899996444583,705978.75,-379761.03125,-343365.5
0.0124909998849034,705995.5625,-379515.28125,-343638.875
0.0124920001253486,706063.375,-379360.75,-343875.3125
0.0124930003657937,706171.3125,-379292.96875,-344067.8125
0.0124939996749163,706302.0625,-379295.59375,-344214.46875
0.0124949999153614,706436.25,-379344.96875,-344318.34375
0.0124960001558065,706556.0625,-379414.8125,-344387.09375
0.0124970003962517,706648.625,-379480.40625,-344431.46875
0.0124979997053742,706706.6875,-379521.40625,-344464.125
0.0124989999458194,706728.9375,-379523.15625,-344497.96875
0.0125000001862645,706718.5,-379476.71875,-344545.125
0.0125010004267097,706681.5625,-379378.21875,-344615.78125
0.0125019997358322,706625.75,-379227.84375,-344717.6875
0.0125029999762774,706559,-379028.78125,-344855.90625
0.0125040002167225,706488.4375,-378786.28125,-345032.84375
0.0125050004571676,706420.3125,-378506.96875,-345248.40625
0.0125059997662902,706359.5625,-378198.46875,-345500.46875
0.0125070000067353,706310.1875,-377869.0625,-345785.03125
0.0125080002471805,706275.125,-377527.40625,-346096.78125
0.012508999556303,706256.5,-377182.28125,-346429.375
0.0125099997967482,706255.875,-376842.375,-346775.875
0.0125110000371933,706273.875,-376515.8125,-347128.9375
0.0125120002776384,706310.5625,-376209.9375,-347481.34375
0.012512999586761,706365.125,-375930.875,-347826.0625
0.0125139998272061,706436.1875,-375683.46875,-348156.65625
0.0125150000676513,706521.75,-375470.96875,-348467.5
0.0125160003080964,706619.1875,-375295.21875,-348753.8125
0.012516999617219,706725.625,-375156.5,-349011.96875
0.0125179998576641,706837.9375,-375053.875,-349239.34375
0.0125190000981092,706953.0625,-374985.3125,-349434.53125
0.0125200003385544,707068.0625,-374947.9375,-349597.03125
0.0125209996476769,707180.125,-374938.1875,-349727.4375
0.0125219998881221,707286.875,-374952.09375,-349827.125
0.0125230001285672,707386.125,-374985.375,-349898.21875
0.0125240003690124,707476.1875,-375033.53125,-349943.46875
0.0125249996781349,707555.5,-375091.90625,-349966.0625
0.0125259999185801,707622.875,-375155.84375,-349969.5625
0.0125270001590252,707677.4375,-375220.6875,-349957.78125
0.0125280003994703,707718.4375,-375281.75,-349934.6875
0.0125289997085929,707745.4375,-375334.5,-349904.3125
0.012529999949038,707758.0625,-375374.65625,-349870.6875
0.0125310001894832,707756.375,-375398.03125,-349837.78125
0.0125320004299283,707740.5,-375400.875,-349809.40625
0.0125329997390509,707710.75,-375379.71875,-349789.15625
0.012533999979496,707667.75,-375331.5625,-349780.40625
0.0125350002199411,707612.3125,-375253.875,-349786.15625
0.0125360004603863,707545.25,-375144.625,-349809.09375
0.0125369997695088,707467.75,-375002.28125,-349851.59375
0.012538000009954,707380.9375,-374825.84375,-349915.59375
0.0125390002503991,707286.0625,-374614.78125,-350002.59375
0.0125399995595217,707184.5,-374369.0625,-350113.78125
0.0125409997999668,707077.5625,-374089.09375,-350249.90625
0.0125420000404119,706966.625,-373775.6875,-350411.375
0.0125430002808571,706852.875,-373430.09375,-350598.21875
0.0125439995899796,706737.625,-373053.84375,-350810.21875
0.0125449998304248,706622.125,-372648.78125,-351046.8125
0.0125460000708699,706507.4375,-372217.0625,-351307.1875
0.0125470003113151,706394.6875,-371761.0625,-351590.3125
0.0125479996204376,706284.6875,-371283.3125,-351894.96875
0.0125489998608828,706178.5,-370786.59375,-352219.71875
0.0125500001013279,706076.75,-370273.78125,-352563.0625
0.012551000341773,705980.3125,-369747.90625,-352923.25
0.0125519996508956,705889.75,-369212.09375,-353298.5625
0.0125529998913407,705805.625,-368669.5,-353687.03125
0.0125540001317859,705728.5,-368123.375,-354086.75
0.012555000372231,705658.75,-367576.96875,-354495.6875
0.0125559996813536,705596.75,-367033.4375,-354911.6875
0.0125569999217987,705542.8125,-366496,-355332.6875
0.0125580001622438,705497.125,-365967.71875,-355756.5625
0.012559000402689,705459.9375,-365451.53125,-356181.09375
0.0125599997118115,705431.1875,-364950.25,-356604.21875
0.0125609999522567,705411,-364466.4375,-357023.78125
0.0125620001927018,705399.25,-364002.5,-357437.8125
0.012563000433147,705395.875,-363560.53125,-357844.28125
0.0125639997422695,705400.625,-363142.375,-358241.375
0.0125649999827147,705413.25,-362749.53125,-358627.375
0.0125660002231598,705433.5,-362383.15625,-359000.65625
0.0125670004636049,705460.875,-362044.125,-359359.78125
0.0125679997727275,705495.0625,-361732.90625,-359703.5625
0.0125690000131726,705535.5,-361449.6875,-360030.9375
0.0125700002536178,705581.75,-361194.25,-360341.09375
0.0125709995627403,705633.3125,-360966.0625,-360633.40625
0.0125719998031855,705689.625,-360764.3125,-360907.5
0.0125730000436306,705750.125,-360587.875,-361163.21875
0.0125740002840757,705814.25,-360435.3125,-361400.625
0.0125749995931983,705881.5,-360305.03125,-361620.0625
0.0125759998336434,705951.3125,-360195.125,-361822
0.0125770000740886,706023.25,-360103.59375,-362007.1875
0.0125780003145337,706096.75,-360028.25,-362176.5625
0.0125789996236563,706171.375,-359966.78125,-362331.1875
0.0125799998641014,706246.625,-359916.75,-362472.34375
0.0125810001045465,706322.0625,-359875.71875,-362601.46875
0.0125820003449917,706397.375,-359841.1875,-362720.09375
0.0125829996541142,706472.125,-359810.625,-362829.9375
0.0125839998945594,706546,-359781.53125,-362932.71875
0.0125850001350045,706618.625,-359751.5,-363030.34375
0.0125860003754497,706689.6875,-359718.125,-363124.71875
0.0125869996845722,706758.9375,-359679.0625,-363217.78125
0.0125879999250174,706826.125,-359632.1875,-363311.5625
0.0125890001654625,706891.0625,-359575.375,-363408
0.0125900004059076,706953.4375,-359506.71875,-363509.0625
0.0125909997150302,707013.1875,-359424.4375,-363616.78125
0.0125919999554753,707070.125,-359326.90625,-363732.9375
0.0125930001959205,707124.1875,-359212.75,-363859.4375
0.0125940004363656,707175.25,-359080.71875,-363997.96875
0.0125949997454882,707223.25,-358929.78125,-364150.1875
0.0125959999859333,707268.25,-358759.09375,-364317.5625
0.0125970002263784,707310.25,-358568.0625,-364501.46875
0.012597999535501,707349.3125,-358356.28125,-364703.125
0.0125989997759461,707385.5625,-358123.5625,-364923.59375
0.0126000000163913,707419,-357869.90625,-365163.71875
0.0126010002568364,707449.9375,-357595.5625,-365424.25
0.012601999565959,707478.4375,-357300.96875,-365705.65625
0.0126029998064041,707504.8125,-356986.71875,-366008.25
0.0126040000468493,707529.1875,-356653.5625,-366332.15625
0.0126050002872944,707551.875,-356302.5,-366677.28125
0.012605999596417,707573.1875,-355934.65625,-367043.34375
0.0126069998368621,707593.375,-355551.21875,-367429.875
0.0126080000773072,707612.625,-355153.53125,-367836.21875
0.0126090003177524,707631.3125,-354742.875,-368261.65625
0.0126099996268749,707649.25,-354320.09375,-368705.5
0.0126109998673201,707666.125,-353885.28125,-369167.34375
0.0126120001077652,707680.8125,-353437.46875,-369647.125
0.0126130003482103,707692.375,-352975.34375,-370144.90625
0.0126139996573329,707700.375,-352499.375,-370659.875
0.012614999897778,707707,-352014.71875,-371188.8125
0.0126160001382232,707717.625,-351533.40625,-371725.25
0.0126170003786683,707740.5625,-351073.34375,-372259.71875
0.0126179996877909,707784.3125,-350653.4375,-372781.90625
0.012618999928236,707854.25,-350286.4375,-373283.90625
0.0126200001686811,707949,-349972.4375,-373763.4375
0.0126210004091263,708059.6875,-349696.75,-374224.75
0.0126219997182488,708171.6875,-349433,-374677.78125
0.012622999958694,708268.6875,-349150.46875,-375135.03125
0.0126240001991391,708337.125,-348822.28125,-375608.125
0.0126250004395843,708369.3125,-348431.9375,-376104.90625
0.0126259997487068,708365.0625,-347976.25,-376627.75
0.012626999989152,708330.875,-347464.5625,-377173.625
0.0126280002295971,708277.75,-346915.8125,-377734.84375
0.0126289995387197,708218.9375,-346354.1875,-378300.75
0.0126299997791648,708167.625,-345805.0625,-378859.03125
0.0126310000196099,708134.875,-345292.0625,-379397.375
0.0126320002600551,708129.3125,-344834.75,-379904.40625
0.0126329995691776,708156.1875,-344447.625,-380370.40625
0.0126339998096228,708217.75,-344139.875,-380787.71875
0.0126350000500679,708313.4375,-343915.59375,-381150.84375
0.012636000290513,708440.4375,-343774.21875,-381456.5
0.0126369995996356,708594.1875,-343711.625,-381703.375
0.0126379998400807,708769.0625,-343720.65625,-381891.84375
0.0126390000805259,708958.8125,-343792.25,-382023.90625
0.012640000320971,709157.1875,-343916.1875,-382102.65625
0.0126409996300936,709358.1875,-344081.5625,-382132.34375
0.0126419998705387,709556.5,-344277.4375,-382118.03125
0.0126430001109838,709747.5,-344493.03125,-382065.4375
0.012644000351429,709927.4375,-344718.09375,-381980.90625
0.0126449996605515,710093.4375,-344942.875,-381871.09375
0.0126459999009967,710243.25,-345158.3125,-381742.9375
0.0126470001414418,710375.3125,-345356.15625,-381603.34375
0.012648000381887,710488.5,-345529,-381459.03125
0.0126489996910095,710582.3125,-345670.5,-381316.25
0.0126499999314547,710656.5,-345775.375,-381180.625
0.0126510001718998,710711,-345839.625,-381056.9375
0.0126520004123449,710746.125,-345860.71875,-380948.84375
0.0126529997214675,710762.3125,-345837.4375,-380858.9375
0.0126539999619126,710760.3125,-345770.09375,-380788.46875
0.0126550002023578,710740.9375,-345660.53125,-380737.59375
0.0126560004428029,710705.375,-345511.90625,-380705.25
0.0126569997519255,710654.9375,-345328.71875,-380689.34375
0.0126579999923706,710591.25,-345116.53125,-380686.9375
0.0126590002328157,710516.1875,-344881.875,-380694.4375
0.0126599995419383,710431.6875,-344631.84375,-380707.84375
0.0126609997823834,710340.125,-344373.875,-380722.875
0.0126620000228286,710243.875,-344115.5,-380735.4375
0.0126630002632737,710145.25,-343863.96875,-380741.59375
0.0126639995723963,710046.875,-343625.96875,-380737.96875
0.0126649998128414,709950.9375,-343407.46875,-380721.71875
0.0126660000532866,709859.625,-343213.4375,-380690.84375
0.0126670002937317,709774.9375,-343047.65625,-380644.0625
0.0126679996028543,709698.375,-342912.71875,-380581.03125
0.0126689998432994,709631.125,-342809.84375,-380502.25
0.0126700000837445,709574.0625,-342739,-380409
0.0126710003241897,709527.5,-342698.875,-380303.34375
0.0126719996333122,709491.375,-342687,-380187.96875
0.0126729998737574,709465.1875,-342699.96875,-380066.09375
0.0126740001142025,709448.0625,-342733.375,-379941.375
0.0126750003546476,709438.8125,-342782.21875,-379817.6875
0.0126759996637702,709435.875,-342840.96875,-379699.125
0.0126769999042153,709437.5,-342903.8125,-379589.84375
0.0126780001446605,709441.9375,-342964.78125,-379493.875
0.0126790003851056,709447.125,-343017.84375,-379415.15625
0.0126799996942282,709451.1875,-343057.3125,-379357.34375
0.0126809999346733,709452.25,-343077.625,-379323.84375
0.0126820001751184,709448.5625,-343073.78125,-379317.78125
0.0126830004155636,709438.4375,-343041.125,-379341.8125
0.0126839997246861,709420.5625,-342975.625,-379398.28125
0.0126849999651313,709393.75,-342873.78125,-379489.1875
0.0126860002055764,709357.125,-342732.78125,-379616.0625
0.0126870004460216,709310,-342550.34375,-379780.09375
0.0126879997551441,709252.0625,-342324.8125,-379982.125
0.0126889999955893,709183.125,-342055.09375,-380222.65625
0.0126900002360344,709103.3125,-341740.6875,-380501.78125
0.012690999545157,709013,-341381.59375,-380819.34375
0.0126919997856021,708912.6875,-340978.40625,-381174.84375
0.0126930000260472,708803,-340532.03125,-381567.5625
0.0126940002664924,708684.875,-340043.875,-381996.40625
0.0126949995756149,708559.25,-339515.78125,-382460.15625
0.0126959998160601,708427.1875,-338949.875,-382957.1875
0.0126970000565052,708289.75,-338348.625,-383485.84375
0.0126980002969503,708148.1875,-337714.8125,-384044.0625
0.0126989996060729,708003.625,-337051.40625,-384629.75
0.012699999846518,707857.3125,-336361.6875,-385240.53125
0.0127010000869632,707710.5,-335649.0625,-385873.9375
0.0127020003274083,707564.3125,-334917.03125,-386527.34375
0.0127029996365309,707420,-334169.3125,-387198
0.012703999876976,707278.625,-333409.59375,-387883.125
0.0127050001174212,707141.375,-332641.65625,-388579.8125
0.0127060003578663,707009.25,-331869.28125,-389285.1875
0.0127069996669888,706883.25,-331096.125,-389996.34375
0.012707999907434,706764.3125,-330325.90625,-390710.34375
0.0127090001478791,706653.375,-329562.125,-391424.40625
0.0127100003883243,706551.1875,-328808.21875,-392135.71875
0.0127109996974468,706458.625,-328067.4375,-392841.59375
0.012711999937892,706376.25,-327342.8125,-393539.5
0.0127130001783371,706304.75,-326637.15625,-394226.9375
0.0127140004187822,706244.6875,-325953.125,-394901.71875
0.0127149997279048,706196.5,-325293.0625,-395561.625
0.0127159999683499,706160.5625,-324659.03125,-396204.8125
0.0127170002087951,706137.25,-324052.84375,-396829.5
0.0127180004492402,706126.75,-323476.03125,-397434.15625
0.0127189997583628,706129.1875,-322929.90625,-398017.375
0.0127199999988079,706144.75,-322415.4375,-398578
0.012721000239253,706173.375,-321933.3125,-399115.0625
0.0127219995483756,706214.9375,-321484.09375,-399627.8125
0.0127229997888207,706269.375,-321067.9375,-400115.59375
0.0127240000292659,706336.4375,-320684.8125,-400578.0625
0.012725000269711,706415.75,-320334.5625,-401014.9375
0.0127259995788336,706507.125,-320016.65625,-401426.15625
0.0127269998192787,706610,-319730.53125,-401811.8125
0.0127280000597239,706723.9375,-319475.34375,-402172.125
0.012729000300169,706848.375,-319250.15625,-402507.46875
0.0127299996092916,706982.875,-319053.84375,-402818.3125
0.0127309998497367,707126.6875,-318885.1875,-403105.28125
0.0127320000901818,707405.4375,-319004.5625,-403243.03125
0.012733000330627,707748.625,-319261.09375,-403305.0625
0.0127339996397495,708104.875,-319501.6875,-403387.09375
0.0127349998801947,708567.4375,-319739.5,-403569.59375
0.0127360001206398,709179.8125,-319988.15625,-403883.0625
0.0127370003610849,709900.125,-320246.71875,-404287.375
0.0127379996702075,710681.5,-320513.75,-404737.6875
0.0127389999106526,711492.3125,-320787.75,-405204.5
0.0127400001510978,712313.5625,-321067.21875,-405670.9375
0.0127410003915429,713134.0625,-321350.65625,-406127.78125
0.0127419997006655,713946.9375,-321636.59375,-406570.125
0.0127429999411106,714747.8125,-321923.5625,-406995.46875
0.0127440001815557,715533.5,-322210.0625,-407402.6875
0.0127450004220009,716301.8125,-322494.59375,-407791.625
0.0127459997311234,717051,-322775.5625,-408162.59375
0.0127469999715686,717779.8125,-323051.4375,-408516.25
0.0127480002120137,718487.125,-323320.96875,-408853.3125
0.0127490004524589,719172.5625,-323583.625,-409174.40625
0.0127499997615814,719835.9375,-323839.46875,-409479.8125
0.0127510000020266,720477.5,-324089.15625,-409769.71875
0.0127520002424717,721097.5625,-324333.15625,-410044.3125
0.0127529995515943,721695.9375,-324571.09375,-410304.34375
0.0127539997920394,722271.8125,-324801.1875,-410551.125
0.0127550000324845,722823.875,-325020.4375,-410786.625
0.0127560002729297,723350.4375,-325225.09375,-411013.21875
0.0127569995820522,723849.8125,-325411.6875,-411233.03125
0.0127579998224974,724321.125,-325577.875,-411447.6875
0.0127590000629425,724764.375,-325722.84375,-411657.75
0.0127600003033876,725180.5,-325847.4375,-411862.96875
0.0127609996125102,725571.25,-325953.71875,-412062.28125
0.0127619998529553,725938.75,-326044.03125,-412254.375
0.0127630000934005,726285,-326120.5,-412438.15625
0.0127640003338456,726611.75,-326184.0625,-412613
0.0127649996429682,726920,-326234.46875,-412778.875
0.0127659998834133,727210.125,-326270.15625,-412936.375
0.0127670001238585,727482,-326288.6875,-413086.5
0.0127680003643036,727735.1875,-326287.28125,-413230.3125
0.0127689996734262,727969.125,-326263.46875,-413368.78125
0.0127699999138713,728183.4375,-326215.4375,-413502.4375
0.0127710001543164,728378.125,-326142.4375,-413631.3125
0.0127720003947616,728553.625,-326044.75,-413755.125
0.0127729997038841,728710.875,-325923.65625,-413873.15625
0.0127739999443293,728851.125,-325781.1875,-413984.5625
0.0127750001847744,728976.125,-325619.78125,-414088.53125
0.0127760004252195,729087.4375,-325441.875,-414184.375
0.0127769997343421,729186.875,-325249.78125,-414271.75
0.0127779999747872,729275.875,-325045.375,-414350.5625
0.0127790002152324,729355.6875,-324829.90625,-414421.09375
0.0127800004556775,729427.25,-324604.125,-414483.875
0.0127809997648001,729491,-324368.21875,-414539.75
0.0127820000052452,729547.125,-324121.96875,-414589.59375
0.0127830002456903,729595.625,-323864.75,-414634.5625
0.0127839995548129,729636.3125,-323595.875,-414675.6875
0.012784999795258,729668.875,-323314.53125,-414714.125
0.0127860000357032,729693,-323020,-414751
0.0127870002761483,729708.625,-322711.65625,-414787.46875
0.0127879995852709,729715.6875,-322389,-414824.65625
0.012788999825716,729714.25,-322051.8125,-414863.65625
0.0127900000661612,729704.6875,-321699.90625,-414905.625
0.0127910003066063,729687.5,-321333.34375,-414951.6875
0.0127919996157289,729663.0625,-320952.21875,-415002.9375
0.012792999856174,729632.125,-320556.8125,-415060.375
0.0127940000966191,729595.3125,-320147.40625,-415124.96875
0.0127950003370643,729553.125,-319724.4375,-415197.5625
0.0127959996461868,729506.1875,-319288.34375,-415278.78125
0.012796999886632,729454.9375,-318839.78125,-415369.125
0.0127980001270771,729399.9375,-318379.4375,-415468.78125
0.0127990003675222,729341.375,-317908.25,-415577.8125
0.0127999996766448,729279.8125,-317427.3125,-415695.9375
0.0128009999170899,729215.4375,-316937.90625,-415822.6875
0.0128020001575351,729148.8125,-316441.53125,-415957.34375
0.0128030003979802,729080.3125,-315939.9375,-416099.09375
0.0128039997071028,729010.5,-315435.03125,-416246.9375
0.0128049999475479,728940.0625,-314928.90625,-416399.75
0.012806000187993,728869.8125,-314423.75,-416556.46875
0.0128070004284382,728800.5625,-313921.78125,-416716
0.0128079997375607,728733.375,-313425.28125,-416877.3125
0.0128089999780059,728669.375,-312936.375,-417039.5
0.012810000218451,728609.5625,-312457.09375,-417201.84375
0.0128110004588962,728555.1875,-311989.21875,-417363.75
0.0128119997680187,728507.25,-311534.34375,-417524.875
0.0128130000084639,728466.9375,-311093.6875,-417685.0625
0.012814000248909,728435.125,-310668.15625,-417844.40625
0.0128149995580316,728412.6875,-310258.28125,-418003.1875
0.0128159997984767,728400.375,-309864.25,-418161.84375
0.0128170000389218,728398.6875,-309485.9375,-418321
0.012818000279367,728407.9375,-309122.8125,-418481.4375
0.0128189995884895,728428.4375,-308774.0625,-418644.03125
0.0128199998289347,728460.0625,-308438.5625,-418809.75
0.0128210000693798,728502.5625,-308114.96875,-418979.59375
0.0128220003098249,728555.6875,-307801.78125,-419154.5625
0.0128229996189475,728618.75,-307497.375,-419335.59375
0.0128239998593926,728691.1875,-307200.03125,-419523.5625
0.0128250000998378,728772.125,-306908.09375,-419719.1875
0.0128260003402829,728860.6875,-306619.9375,-419923.125
0.0128269996494055,728955.875,-306333.9375,-420135.84375
0.0128279998898506,729056.6875,-306048.59375,-420357.65625
0.0128290001302958,729161.8125,-305762.46875,-420588.71875
0.0128300003707409,729270.1875,-305474.3125,-420829.09375
0.0128309996798635,729380.5,-305182.90625,-421078.5625
0.0128319999203086,729491.6875,-304887.3125,-421336.875
0.0128330001607537,729602.5,-304586.78125,-421603.5625
0.0128340004011989,729711.9375,-304280.78125,-421878
0.0128349997103214,729819,-303968.96875,-422159.53125
0.0128359999507666,729922.75,-303651.25,-422447.28125
0.0128370001912117,730022.5,-303327.65625,-422740.4375
0.0128380004316568,730117.625,-302998.3125,-423038.15625
0.0128389997407794,730207.4375,-302663.53125,-423339.53125
0.0128399999812245,730291.6875,-302323.59375,-423643.8125
0.0128410002216697,730369.9375,-301978.96875,-423950.1875
0.0128420004621148,730442.0625,-301630.125,-424257.96875
0.0128429997712374,730508.125,-301277.59375,-424566.5625
0.0128440000116825,730568.125,-300922.03125,-424875.34375
0.0128450002521276,730622.375,-300564.09375,-425183.84375
0.0128459995612502,730671.25,-300204.5,-425491.65625
0.0128469998016953,730715.0625,-299844,-425798.34375
0.0128480000421405,730754.4375,-299483.34375,-426103.71875
0.0128490002825856,730789.9375,-299123.25,-426407.46875
0.0128499995917082,730822.0625,-298764.34375,-426709.46875
0.0128509998321533,730851.4375,-298407.25,-427009.625
0.0128520000725985,730878.6875,-298052.5625,-427307.84375
0.0128530003130436,730904.25,-297700.78125,-427604.0625
0.0128539996221662,730928.75,-297352.34375,-427898.28125
0.0128549998626113,730952.5625,-297007.65625,-428190.5
0.0128560001030564,730976.125,-296667.0625,-428480.6875
0.0128570003435016,730999.8125,-296330.84375,-428768.8125
0.0128579996526241,731024,-295999.3125,-429054.875
0.0128589998930693,731048.9375,-295672.65625,-429338.84375
0.0128600001335144,731074.75,-295351.03125,-429620.65625
0.0128610003739595,731101.625,-295034.53125,-429900.25
0.0128619996830821,731129.625,-294723.21875,-430177.65625
0.0128629999235272,731158.875,-294417.125,-430452.75
0.0128640001639724,731189.3125,-294116.21875,-430725.53125
0.0128650004044175,731220.875,-293820.34375,-430995.9375
0.0128659997135401,731253.5,-293529.40625,-431264.03125
0.0128669999539852,731287.0625,-293243.25,-431529.71875
0.0128680001944304,731321.5,-292961.6875,-431793.03125
0.0128690004348755,731356.6875,-292684.5,-432054
0.0128699997439981,731392.375,-292411.4375,-432312.59375
0.0128709999844432,731428.5,-292142.375,-432568.875
0.0128720002248883,731464.875,-291877.03125,-432822.8125
0.0128730004653335,731501.375,-291615.25,-433074.4375
0.012873999774456,731537.9375,-291356.84375,-433323.6875
0.0128750000149012,731574.375,-291101.6875,-433570.625
0.0128760002553463,731610.5,-290849.59375,-433815.15625
0.0128769995644689,731646.25,-290600.5,-434057.25
0.012877999804914,731681.5,-290354.28125,-434296.84375
0.0128790000453591,731716,-290110.78125,-434533.84375
0.0128800002858043,731749.6875,-289869.9375,-434768.21875
0.0128809995949268,731782.375,-289631.65625,-434999.84375
0.012881999835372,731813.875,-289395.8125,-435228.625
0.0128830000758171,731844.0625,-289162.34375,-435454.4375
0.0128840003162622,731872.625,-288931.0625,-435677.21875
0.0128849996253848,731899.5,-288701.90625,-435896.84375
0.0128859998658299,731924.4375,-288474.71875,-436113.28125
0.0128870001062751,731947.125,-288249.25,-436326.4375
0.0128880003467202,731967.375,-288025.25,-436536.3125
0.0128889996558428,731984.875,-287802.3125,-436743
0.0128899998962879,731999.375,-287580.09375,-436946.5625
0.0128910001367331,732010.625,-287358.25,-437147.125
0.0128920003771782,732018.4375,-287136.375,-437344.75
0.0128929996863008,732022.5,-286914.1875,-437539.5625
0.0128939999267459,732022.875,-286691.375,-437731.78125
0.012895000167191,732019.3125,-286467.71875,-437921.5
0.0128960004076362,732011.8125,-286242.84375,-438109
0.0128969997167587,732000.3125,-286016.46875,-438294.5
0.0128979999572039,731984.8125,-285788.15625,-438478.375
0.012899000197649,731965.125,-285557.46875,-438661
0.0129000004380941,731941.25,-285323.9375,-438842.78125
0.0129009997472167,731913.3125,-285087.125,-439024.125
0.0129019999876618,731881.1875,-284846.75,-439205.40625
0.012903000228107,731845.125,-284602.53125,-439387
0.0129039995372295,731805.1875,-284354.46875,-439569.125
0.0129049997776747,731761.75,-284102.59375,-439752
0.0129060000181198,731715.125,-283847.09375,-439935.75
0.0129070002585649,731665.5,-283588.1875,-440120.5
0.0129079995676875,731613.375,-283326.1875,-440306.34375
0.0129089998081326,731558.9375,-283061.3125,-440493.3125
0.0129100000485778,731502.625,-282793.875,-440681.46875
0.0129110002890229,731444.5625,-282524.09375,-440870.84375
0.0129119995981455,731385.125,-282252.25,-441061.375
0.0129129998385906,731324.375,-281978.59375,-441253.03125
0.0129140000790358,731262.625,-281703.46875,-441445.6875
0.0129150003194809,731200,-281427.25,-441639.15625
0.0129159996286035,731136.75,-281150.40625,-441833.15625
0.0129169998690486,731073.125,-280873.4375,-442027.4375
0.0129180001094937,731009.3125,-280596.9375,-442221.6875
0.0129190003499389,730945.5625,-280321.46875,-442415.5625
0.0129199996590614,730882.25,-280047.625,-442608.78125
0.0129209998995066,730819.5,-279775.96875,-442800.96875
0.0129220001399517,730757.6875,-279507.03125,-442991.9375
0.0129230003803968,730697.0625,-279241.28125,-443181.375
0.0129239996895194,730637.75,-278979.09375,-443369.15625
0.0129249999299645,730580.0625,-278720.875,-443555.0625
0.0129260001704097,730524.1875,-278466.875,-443739.03125
0.0129270004108548,730470.25,-278217.34375,-443920.9375
0.0129279997199774,730418.5,-277972.5,-444100.75
0.0129289999604225,730369,-277732.53125,-444278.40625
0.0129300002008677,730322.0625,-277497.59375,-444453.9375
0.0129310004413128,730277.8125,-277267.78125,-444627.34375
0.0129319997504354,730236.5,-277043.25,-444798.65625
0.0129329999908805,730198.1875,-276824.09375,-444967.96875
0.0129340002313256,730163.125,-276610.34375,-445135.375
0.0129349995404482,730131.5,-276402.03125,-445300.96875
0.0129359997808933,730103.5,-276199.1875,-445464.90625
0.0129370000213385,730079.125,-276001.71875,-445627.3125
0.0129380002617836,730058.5625,-275809.59375,-445788.28125
0.0129389995709062,730041.8125,-275622.65625,-445947.96875
0.0129399998113513,730028.8125,-275440.75,-446106.5
0.0129410000517964,730019.5,-275263.6875,-446263.9375
0.0129420002922416,730013.75,-275091.21875,-446420.34375
0.0129429996013641,730011.3125,-274923.0625,-446575.75
0.0129439998418093,730012,-274758.90625,-446730.21875
0.0129450000822544,730015.375,-274598.40625,-446883.75
0.0129460003226995,730021.1875,-274441.125,-447036.3125
0.0129469996318221,730028.9375,-274286.78125,-447187.875
0.0129479998722672,730038.3125,-274135.125,-447338.25
0.0129490001127124,730049.125,-273986.34375,-447487.09375
0.0129500003531575,730061.3125,-273840.84375,-447633.90625
0.0129509996622801,730074.8125,-273699.34375,-447778.0625
0.0129519999027252,730089.75,-273562.28125,-447919
0.0129530001431704,730105.6875,-273429.75,-448056.4375
0.0129540003836155,730122.0625,-273301.0625,-448190.375
0.0129549996927381,730138,-273174.8125,-448321.1875
0.0129559999331832,730152.3125,-273049.3125,-448449.4375
0.0129570001736283,730164.0625,-272923.03125,-448575.65625
0.0129580004140735,730172.625,-272795.03125,-448700.0625
0.012958999723196,730177.75,-272665.25,-448822.5625
0.0129599999636412,730179.625,-272534.4375,-448942.625
0.0129610002040863,730178.75,-272403.71875,-449059.59375
0.0129620004445314,730175.4375,-272274.15625,-449172.90625
0.012962999753654,730169.9375,-272146.28125,-449282.25
0.0129639999940991,730162.125,-272019.84375,-449387.71875
0.0129650002345443,730151.625,-271893.90625,-449489.78125
0.0129659995436668,730137.8125,-271767.15625,-449589.21875
0.012966999784112,730120.0625,-271638.09375,-449686.8125
0.0129680000245571,730098.125,-271505.5625,-449783.3125
0.0129690002650023,730071.8125,-271369,-449879.28125
0.0129699995741248,730041.5,-271228.4375,-449974.96875
0.01297099981457,730007.75,-271084.53125,-450070.34375
0.0129720000550151,729971.375,-270938.40625,-450165.25
0.0129730002954602,729933.375,-270791.34375,-450259.375
0.0129739996045828,729894.6875,-270644.625,-450352.40625
0.0129749998450279,729856,-270499.21875,-450444.125
0.0129760000854731,729817.9375,-270355.8125,-450534.46875
0.0129770003259182,729780.625,-270214.40625,-450623.59375
0.0129779996350408,729744.1875,-270074.65625,-450711.875
0.0129789998754859,729708.3125,-269935.71875,-450799.875
0.012980000115931,729672.5,-269796.3125,-450888.28125
0.0129810003563762,729636.1875,-269654.96875,-450978
0.0129819996654987,729598.6875,-269510.03125,-451069.875
0.0129829999059439,729559.25,-269359.78125,-451164.84375
0.012984000146389,729517.125,-269202.5625,-451263.875
0.0129850003868341,729471.625,-269036.8125,-451367.71875
0.0129859996959567,729422,-268861.09375,-451477.21875
0.0129869999364018,729367.75,-268674.15625,-451592.96875
0.012988000176847,729308.25,-268474.875,-451715.5625
0.0129890004172921,729243.125,-268262.40625,-451845.4375
0.0129899997264147,729171.875,-268036.03125,-451983
0.0129909999668598,729094.375,-267795.25,-452128.5
0.012992000207305,729010.5,-267539.875,-452282.125
0.0129930004477501,728920.25,-267269.8125,-452444.0625
0.0129939997568727,728823.875,-266985.34375,-452614.3125
0.0129949999973178,728721.875,-266686.96875,-452792.84375
0.0129960002377629,728614.6875,-266375.5625,-452979.5
0.0129969995468855,728503.25,-266052.21875,-453174.0625
0.0129979997873306,728388.4375,-265718.3125,-453376.125
0.0129990000277758,728271.3125,-265375.5,-453585.1875
0.0130000002682209,728153,-265025.625,-453800.625
0.0130009995773435,728034.75,-264670.71875,-454021.65625
0.0130019998177886,727917.6875,-264312.8125,-454247.4375
0.0130030000582337,727802.875,-263954.03125,-454477.03125
0.0130040002986789,727691.375,-263596.375,-454709.375
0.0130049996078014,727583.875,-263241.6875,-454943.53125
0.0130059998482466,727481.0625,-262891.625,-455178.375
0.0130070000886917,727383.3125,-262547.5,-455413
0.0130080003291368,727290.75,-262210.375,-455646.5
0.0130089996382594,727203.3125,-261880.859375,-455878.03125
0.0130099998787045,727120.6875,-261559.296875,-456107
0.0130110001191497,727042.3125,-261245.5625,-456332.875
0.0130120003595948,726967.5625,-260939.234375,-456555.3125
0.0130129996687174,726895.5,-260639.546875,-456774.09375
0.0130139999091625,726825.1875,-260345.484375,-456989.21875
0.0130150001496077,726755.5,-260055.796875,-457200.78125
0.0130160003900528,726685.5,-259769.046875,-457409.0625
0.0130169996991754,726613.9375,-259483.703125,-457614.40625
0.0130179999396205,726539.8125,-259198.171875,-457817.28125
0.0130190001800656,726462.1875,-258910.890625,-458018.21875
0.0130200004205108,726380.125,-258620.3125,-458217.875
0.0130209997296333,726292.875,-258324.96875,-458416.84375
0.0130219999700785,726199.75,-258023.578125,-458615.78125
0.0130230002105236,726100.375,-257714.953125,-458815.375
0.0130240004509687,725994.3125,-257398.109375,-459016.28125
0.0130249997600913,725881.4375,-257072.25,-459219.09375
0.0130260000005364,725761.6875,-256736.765625,-459424.375
0.0130270002409816,725635.125,-256391.25,-459632.71875
0.0130279995501041,725502,-256035.46875,-459844.5625
0.0130289997905493,725362.625,-255669.390625,-460060.28125
0.0130300000309944,725217.4375,-255293.125,-460280.25
0.0130310002714396,725067,-254906.96875,-460504.71875
0.0130319995805621,724911.75,-254511.3125,-460733.875
0.0130329998210073,724752.25,-254106.703125,-460967.78125
0.0130340000614524,724589.25,-253693.75,-461206.5
0.0130350003018975,724423.3125,-253273.15625,-461449.96875
0.0130359996110201,724255.0625,-252845.71875,-461698.03125
0.0130369998514652,724085.0625,-252412.25,-461950.5625
0.0130380000919104,723913.9375,-251973.59375,-462207.3125
0.0130390003323555,723742.25,-251530.65625,-462467.9375
0.0130399996414781,723570.5625,-251084.296875,-462732.1875
0.0130409998819232,723399.4375,-250635.40625,-462999.65625
0.0130420001223683,723229.25,-250184.828125,-463270.03125
0.0130430003628135,723060.5625,-249733.421875,-463542.9375
0.013043999671936,722893.8125,-249281.984375,-463818
0.0130449999123812,722729.375,-248831.296875,-464094.90625
0.0130460001528263,722567.75,-248382.125,-464373.28125
0.0130470003932714,722409.375,-247935.140625,-464652.84375
0.013047999702394,722254.5625,-247491.03125,-464933.3125
0.0130489999428391,722103.75,-247050.40625,-465214.4375
0.0130500001832843,721957.375,-246613.875,-465496.03125
0.0130510004237294,721815.75,-246181.96875,-465777.90625
0.013051999732852,721679.25,-245755.15625,-466059.875
0.0130529999732971,721548.25,-245333.890625,-466341.875
0.0130540002137423,721423.0625,-244918.546875,-466623.8125
0.0130550004541874,721304,-244509.46875,-466905.625
0.01305599976331,721191.3125,-244106.921875,-467187.28125
0.0130570000037551,721085.3125,-243711.140625,-467468.78125
0.0130580002442002,720986.125,-243322.265625,-467750.15625
0.0130589995533228,720893.9375,-242940.40625,-468031.4375
0.0130599997937679,720808.9375,-242565.625,-468312.65625
0.0130610000342131,720731.1875,-242197.921875,-468593.90625
0.0130620002746582,720660.75,-241837.25,-468875.25
0.0130629995837808,720597.625,-241483.484375,-469156.8125
0.0130639998242259,720541.8125,-241136.46875,-469438.71875
0.013065000064671,720493.1875,-240796,-469721.0625
0.0130660003051162,720451.8125,-240461.828125,-470004
0.0130669996142387,720417.4375,-240133.65625,-470287.6875
0.0130679998546839,720389.875,-239811.15625,-470572.25
0.013069000095129,720369.0625,-239493.96875,-470857.875
0.0130700003355742,720354.625,-239181.71875,-471144.6875
0.0130709996446967,720346.4375,-238874,-471432.8125
0.0130719998851418,720344.1875,-238570.40625,-471722.4375
0.013073000125587,720347.625,-238270.484375,-472013.625
0.0130740003660321,720356.3125,-237973.859375,-472306.53125
0.0130749996751547,720369.9375,-237680.03125,-472601.21875
0.0130759999155998,720388.125,-237388.453125,-472897.8125
0.013077000156045,720410.3125,-237098.3125,-473196.5625
0.0130780003964901,720435.5,-236808.296875,-473497.9375
0.0130789997056127,720462.6875,-236516.5625,-473802.5625
0.0130799999460578,720490.625,-236221.015625,-474111.25
0.0130810001865029,720518.3125,-235920.515625,-474424.28125
0.0130820004269481,720546.1875,-235616.40625,-474740.78125
0.0130829997360706,720576.5,-235314.03125,-475057.875
0.0130839999765158,720613.3125,-235022.609375,-475370.75
0.0130850002169609,720661.5625,-234753.109375,-475673.8125
0.013086000457406,720725.125,-234514.078125,-475962.53125
0.0130869997665286,720804.4375,-234307.125,-476235.625
0.0130880000069737,720895.375,-234124.203125,-476496.625
0.0130890002474189,720989.1875,-233947.875,-476753.46875
0.0130899995565414,721074.375,-233754.984375,-477016.96875
0.0130909997969866,721139.25,-233522.265625,-477298.125
0.0130920000374317,721174.8125,-233231.96875,-477605.25
0.0130930002778769,721176.6875,-232875.9375,-477942.1875
0.0130939995869994,721145.6875,-232457.078125,-478307.40625
0.0130949998274446,721087.5625,-231988.390625,-478694.46875
0.0130960000678897,721011.5625,-231490.0625,-479093.375
0.0130970003083348,720928.5625,-230985.828125,-479492.3125
0.0130979996174574,720849.5,-230499.203125,-479879.4375
0.0130989998579025,720783.625,-230050.390625,-480244.4375
0.0131000000983477,720738,-229654.28125,-480579.71875
0.0131010003387928,720716.625,-229319.34375,-480880.75
0.0131019996479154,720720.8125,-229047.6875,-481146.4375
0.0131029998883605,720749.375,-228835.734375,-481378.59375
0.0131040001288056,720799.0625,-228675.484375,-481581.53125
0.0131050003692508,720865.5625,-228555.96875,-481761.03125
0.0131059996783733,720943.6875,-228464.78125,-481923.8125
0.0131069999188185,721028.125,-228389.328125,-482076.5625
0.0131080001592636,721113.625,-228317.828125,-482225.3125
0.0131090003997087,721195.3125,-228240.046875,-482375.21875
0.0131099997088313,721268.8125,-228147.546875,-482530.125
0.0131109999492764,721330.25,-228033.78125,-482692.59375
0.0131120001897216,721376.3125,-227893.96875,-482864.15625
0.0131130004301667,721404.0625,-227724.765625,-483045.28125
0.0131139997392893,721411.1875,-227524.09375,-483235.9375
0.0131149999797344,721395.8125,-227290.75,-483435.59375
0.0131160002201796,721356.75,-227024.359375,-483643.59375
0.0131170004606247,721293.3125,-226725.203125,-483859.25
0.0131179997697473,721205.6875,-226394.21875,-484081.96875
0.0131190000101924,721094.75,-226033.09375,-484311.25
0.0131200002506375,720962.25,-225644.1875,-484546.625
0.0131209995597601,720810.6875,-225230.765625,-484787.5625
0.0131219998002052,720643.1875,-224796.84375,-485033.40625
0.0131230000406504,720463.5625,-224347.296875,-485283.3125
0.0131240002810955,720275.9375,-223887.671875,-485536.125
0.0131249995902181,720084.875,-223424.109375,-485790.375
0.0131259998306632,719894.8125,-222963.09375,-486044.1875
0.0131270000711083,719710.0625,-222511.28125,-486295.5
0.0131280003115535,719534.8125,-222075.203125,-486541.9375
0.013128999620676,719372.5625,-221661.03125,-486780.96875
0.0131299998611212,719226.375,-221274.34375,-487010.03125
0.0131310001015663,719098.625,-220919.9375,-487226.6875
0.0131320003420115,718990.9375,-220601.625,-487428.6875
0.013132999651134,718904.125,-220322.109375,-487614.0625
0.0131339998915792,718838.4375,-220082.953125,-487781.28125
0.0131350001320243,718793.375,-219884.515625,-487929.25
0.0131360003724694,718767.875,-219726,-488057.46875
0.013136999681592,718760.25,-219605.53125,-488165.9375
0.0131379999220371,718768.5,-219520.25,-488255.21875
0.0131390001624823,718790.25,-219466.453125,-488326.34375
0.0131400004029274,718822.875,-219439.765625,-488380.875
0.01314099971205,718863.75,-219435.328125,-488420.6875
0.0131419999524951,718910,-219447.90625,-488448
0.0131430001929402,718959,-219472.140625,-488465.3125
0.0131440004333854,719008.125,-219502.65625,-488475.1875
0.0131449997425079,719054.8125,-219534.25,-488480.1875
0.0131459999829531,719096.75,-219561.953125,-488482.9375
0.0131470002233982,719131.9375,-219581.15625,-488485.84375
0.0131480004638433,719158.4375,-219587.71875,-488491.21875
0.0131489997729659,719174.625,-219577.953125,-488501.0625
0.013150000013411,719179.125,-219548.734375,-488517.1875
0.0131510002538562,719170.6875,-219497.4375,-488541.09375
0.0131519995629787,719148.3125,-219421.96875,-488573.96875
0.0131529998034239,719111.375,-219320.78125,-488616.8125
0.013154000043869,719059.25,-219192.796875,-488670.21875
0.0131550002843142,718991.625,-219037.421875,-488734.65625
0.0131559995934367,718908.3125,-218854.46875,-488810.28125
0.0131569998338819,718809.375,-218644.171875,-488897.09375
0.013158000074327,718695.125,-218407.078125,-488994.9375
0.0131590003147721,718565.875,-218144.09375,-489103.4375
0.0131599996238947,718422.3125,-217856.421875,-489222.21875
0.0131609998643398,718265.0625,-217545.5,-489350.6875
0.013162000104785,718095.0625,-217212.96875,-489488.21875
0.0131630003452301,717913.4375,-216860.703125,-489634.15625
0.0131639996543527,717721.1875,-216490.703125,-489787.75
0.0131649998947978,717519.75,-216105.140625,-489948.25
0.0131660001352429,717310.375,-215706.25,-490114.8125
0.0131670003756881,717094.5,-215296.390625,-490286.6875
0.0131679996848106,716873.6875,-214877.90625,-490463.03125
0.0131689999252558,716649.4375,-214453.203125,-490643
0.0131700001657009,716423.1875,-214024.671875,-490825.8125
0.013171000406146,716196.5,-213594.65625,-491010.65625
0.0131719997152686,715970.8125,-213165.421875,-491196.75
0.0131729999557137,715747.6875,-212739.171875,-491383.375
0.0131740001961589,715528.3125,-212317.96875,-491569.75
0.013175000436604,715314.125,-211903.75,-491755.25
0.0131759997457266,715106.25,-211498.296875,-491939.28125
0.0131769999861717,714905.75,-211103.21875,-492121.25
0.0131780002266169,714713.6875,-210719.921875,-492300.6875
0.0131789995357394,714530.8125,-210349.640625,-492477.1875
0.0131799997761846,714358,-209993.390625,-492650.375
0.0131810000166297,714195.8125,-209651.984375,-492820
0.0131820002570748,714044.6875,-209326.03125,-492985.90625
0.0131829995661974,713905.0625,-209015.90625,-493147.96875
0.0131839998066425,713777.25,-208721.8125,-493306.15625
0.0131850000470877,713661.3125,-208443.75,-493460.5625
0.0131860002875328,713557.25,-208181.53125,-493611.3125
0.0131869995966554,713465.125,-207934.78125,-493758.625
0.0131879998371005,713384.625,-207702.984375,-493902.75
0.0131890000775456,713315.625,-207485.453125,-494044.0625
0.0131900003179908,713257.6875,-207281.375,-494182.90625
0.0131909996271133,713210.4375,-207089.828125,-494319.78125
0.0131919998675585,713173.375,-206909.765625,-494455.125
0.0131930001080036,713146,-206740.09375,-494589.46875
0.0131940003484488,713127.625,-206579.59375,-494723.375
0.0131949996575713,713117.6875,-206427.015625,-494857.34375
0.0131959998980165,713115.5,-206281.09375,-494991.96875
0.0131970001384616,713120.375,-206140.5,-495127.84375
0.0131980003789067,713131.5,-206003.90625,-495265.53125
0.0131989996880293,713148.125,-205869.984375,-495405.53125
0.0131999999284744,713169.5625,-205737.40625,-495548.46875
0.0132010001689196,713195,-205604.90625,-495694.78125
0.0132020004093647,713223.6875,-205471.203125,-495845
0.0132029997184873,713254.8125,-205335.09375,-495999.59375
0.0132039999589324,713287.6875,-205195.40625,-496158.9375
0.0132050001993775,713321.5625,-205051.046875,-496323.46875
0.0132060004398227,713355.625,-204900.96875,-496493.46875
0.0132069997489452,713389.3125,-204744.21875,-496669.3125
0.0132079999893904,713421.875,-204579.921875,-496851.1875
0.0132090002298355,713452.75,-204407.34375,-497039.3125
0.0132099995389581,713481.4375,-204225.953125,-497233.71875
0.0132109997794032,713507.625,-204035.734375,-497434.25
0.0132120000198483,713531.375,-203837.265625,-497640.40625
0.0132130002602935,713553.0625,-203631.90625,-497851.3125
0.013213999569416,713573.125,-203421.0625,-498066.125
0.0132149998098612,713591.375,-203204.921875,-498284.53125
0.0132160000503063,713606.125,-202980.515625,-498507.71875
0.0132170002907515,713613.6875,-202740.5625,-498739
0.013217999599874,713608.4375,-202474.171875,-498983.4375
0.0132189998403192,713584.6875,-202170.046875,-499246.3125
0.0132200000807643,713538.8125,-201821.15625,-499530.90625
0.0132210003212094,713471.1875,-201429.265625,-499836.3125
0.013221999630332,713387.5,-201006.609375,-500156.4375
0.0132229998707771,713297.5,-200574.109375,-500481.125
0.0132240001112223,713212.875,-200156.375,-500798.21875
0.0132250003516674,713144,-199775.46875,-501096.71875
0.01322599966079,713097.625,-199445.59375,-501369.46875
0.0132269999012351,713075.5625,-199170.328125,-501614.28125
0.0132280001416802,713074.4375,-198942.625,-501834.40625
0.0132290003821254,713087.3125,-198747.34375,-502037.1875
0.0132299996912479,713105.375,-198564.859375,-502232.40625
0.0132309999316931,713119.5,-198374.8125,-502430.6875
0.0132320001721382,713121.9375,-198159.234375,-502641.5625
0.0132330004125834,713106.8125,-197904.28125,-502872.65625
0.0132339997217059,713070.1875,-197601.140625,-503128.84375
0.0132349999621511,713009.9375,-197245.859375,-503412.03125
0.0132360002025962,712925.3125,-196838.765625,-503721.46875
0.0132370004430413,712816.375,-196383.546875,-504053.96875
0.0132379997521639,712684,-195886.46875,-504404.53125
0.013238999992609,712529.625,-195355.546875,-504767.125
0.0132400002330542,712355.375,-194799.984375,-505135.15625
0.0132409995421767,712164.375,-194229.546875,-505502.375
0.0132419997826219,711960.5625,-193654.140625,-505863.09375
0.013243000023067,711748.6875,-193083.453125,-506212.78125
0.0132440002635121,711534.375,-192526.59375,-506548.0625
0.0132449995726347,711323.5,-191991.71875,-506866.8125
0.0132459998130798,711122.1875,-191485.921875,-507168.09375
0.013247000053525,710936.25,-191014.96875,-507451.90625
0.0132480002939701,710770.875,-190583.21875,-507718.875
0.0132489996030927,710630.3125,-190193.5625,-507970.25
0.0132499998435378,710517.75,-189847.484375,-508207.46875
0.0132510000839829,710435.0625,-189545.125,-508432.03125
0.0132520003244281,710382.9375,-189285.40625,-508645.40625
0.0132529996335506,710360.8125,-189066.15625,-508848.9375
0.0132539998739958,710367.125,-188884.34375,-509043.6875
0.0132550001144409,710399.1875,-188736.1875,-509230.53125
0.0132560003548861,710453.6875,-188617.453125,-509410.09375
0.0132569996640086,710526.625,-188523.5,-509582.8125
0.0132579999044538,710613.6875,-188449.515625,-509748.9375
0.0132590001448989,710710.375,-188390.671875,-509908.5625
0.013260000385344,710812.0625,-188342.1875,-510061.8125
0.0132609996944666,710914.4375,-188299.484375,-510208.71875
0.0132619999349117,711013.25,-188258.25,-510349.375
0.0132630001753569,711104.8125,-188214.5,-510484
0.013264000415802,711185.875,-188164.625,-510612.875
0.0132649997249246,711253.625,-188105.5,-510736.40625
0.0132659999653697,711305.9375,-188034.4375,-510855.1875
0.0132670002058148,711341.25,-187949.203125,-510969.9375
0.01326800044626,711358.5,-187848.109375,-511081.40625
0.0132689997553825,711357.4375,-187729.921875,-511190.59375
0.0132699999958277,711338.0625,-187593.875,-511298.5
0.0132710002362728,711301,-187439.65625,-511406.125
0.0132719995453954,711247.3125,-187267.359375,-511514.5625
0.0132729997858405,711178.375,-187077.4375,-511624.84375
0.0132740000262856,711095.8125,-186870.6875,-511737.96875
0.0132750002667308,711001.5625,-186648.1875,-511854.90625
0.0132759995758533,710897.5,-186411.21875,-511976.4375
0.0132769998162985,710785.8125,-186161.28125,-512103.34375
0.0132780000567436,710668.625,-185900.03125,-512236.125
0.0132790002971888,710548,-185629.203125,-512375.28125
0.0132799996063113,710425.9375,-185350.640625,-512521.03125
0.0132809998467565,710304.3125,-185066.234375,-512673.46875
0.0132820000872016,710184.875,-184777.875,-512832.53125
0.0132830003276467,710069.25,-184487.484375,-512997.9375
0.0132839996367693,709958.8125,-184196.984375,-513169.25
0.0132849998772144,709854.875,-183908.265625,-513345.8125
0.0132860001176596,709758.375,-183623.15625,-513526.84375
0.0132870003581047,709670.1875,-183343.46875,-513711.46875
0.0132879996672273,709591,-183070.921875,-513898.59375
0.0132889999076724,709521.3125,-182807.171875,-514087.03125
0.0132900001481175,709461.375,-182553.78125,-514275.5625
0.0132910003885627,709411.375,-182312.15625,-514462.84375
0.0132919996976852,709371.3125,-182083.640625,-514647.5625
0.0132929999381304,709340.9375,-181869.34375,-514828.3125
0.0132940001785755,709319.9375,-181670.25,-515003.84375
0.0132950004190207,709308,-181487.140625,-515172.8125
0.0132959997281432,709304.375,-181320.5625,-515334.0625
0.0132969999685884,709308.5,-181170.84375,-515486.5
0.0132980002090335,709319.4375,-181038.0625,-515629.15625
0.0132990004494786,709336.3125,-180922.046875,-515761.1875
0.0132999997586012,709358.0625,-180822.328125,-515881.9375
0.0133009999990463,709383.5625,-180738.234375,-515990.90625
0.0133020002394915,709411.625,-180668.75,-516087.71875
0.013302999548614,709440.875,-180612.6875,-516172.28125
0.0133039997890592,709470,-180568.578125,-516244.5625
0.0133050000295043,709497.625,-180534.71875,-516304.84375
0.0133060002699494,709522.25,-180509.234375,-516353.4375
0.013306999579072,709542.5,-180490.046875,-516390.9375
0.0133079998195171,709556.9375,-180474.984375,-516418.03125
0.0133090000599623,709564.0625,-180461.703125,-516435.59375
0.0133100003004074,709562.625,-180447.796875,-516444.625
0.01331099960953,709551.3125,-180430.796875,-516446.21875
0.0133119998499751,709528.8125,-180408.21875,-516441.6875
0.0133130000904202,709494.125,-180377.59375,-516432.34375
0.0133140003308654,709446.1875,-180336.46875,-516419.59375
0.0133149996399879,709384.1875,-180282.484375,-516405
0.0133159998804331,709307.3125,-180213.34375,-516390.125
0.0133170001208782,709215.0625,-180126.890625,-516376.5625
0.0133180003613234,709106.9375,-180021.0625,-516366
0.0133189996704459,708982.8125,-179894.015625,-516360.09375
0.0133199999108911,708842.5,-179744.03125,-516360.53125
0.0133210001513362,708686.0625,-179569.59375,-516368.9375
0.0133220003917813,708513.8125,-179369.390625,-516386.9375
0.0133229997009039,708326.0625,-179142.328125,-516416.125
0.013323999941349,708123.4375,-178887.515625,-516458.03125
0.0133250001817942,707906.625,-178604.3125,-516514.0625
0.0133260004222393,707676.5,-178292.296875,-516585.5625
0.0133269997313619,707433.9375,-177951.3125,-516673.8125
0.013327999971807,707180.0625,-177581.40625,-516779.875
0.0133290002122521,706916.0625,-177182.90625,-516904.78125
0.0133300004526973,706643.1875,-176756.34375,-517049.3125
0.0133309997618198,706362.9375,-176302.515625,-517214.1875
0.013332000002265,706076.5625,-175822.390625,-517399.96875
0.0133330002427101,705785.6875,-175317.21875,-517606.9375
0.0133339995518327,705491.8125,-174788.421875,-517835.375
0.0133349997922778,705196.5,-174237.625,-518085.25
0.0133360000327229,704901.3125,-173666.625,-518356.40625
0.0133370002731681,704607.8125,-173077.390625,-518648.59375
0.0133379995822906,704317.5625,-172472.046875,-518961.25
0.0133389998227358,704032.125,-171852.8125,-519293.75
0.0133400000631809,703753,-171222.046875,-519645.3125
0.0133410003036261,703481.625,-170582.1875,-520015
0.0133419996127486,703219.375,-169935.734375,-520401.6875
0.0133429998531938,702967.5625,-169285.25,-520804.1875
0.0133440000936389,702727.5,-168633.421875,-521221.0625
0.013345000334084,702500.375,-167983.109375,-521650.8125
0.0133459996432066,702287.625,-167337.4375,-522091.5625
0.0133469998836517,702090.4375,-166699.671875,-522541.34375
0.0133480001240969,701910,-166072.90625,-522998.21875
0.013349000364542,701746.875,-165459.328125,-523460.5
0.0133499996736646,701600.75,-164859.4375,-523927.25
0.0133509999141097,701470.3125,-164271.765625,-524398.5
0.0133520001545548,701353.625,-163693.5625,-524874.75
0.013353000395,701248.6875,-163122.484375,-525356.1875
0.0133539997041225,701154.8125,-162558.703125,-525841.9375
0.0133549999445677,701073.0625,-162006.3125,-526329
0.0133560001850128,701006.5625,-161473.46875,-526812.5625
0.013357000425458,700959.4375,-160970.890625,-527286.375
0.0133579997345805,700936.125,-160509.265625,-527744.1875
0.0133589999750257,700939.5625,-160096.734375,-528181.0625
0.0133600002154708,700970.75,-159737.03125,-528594.0625
0.0133610004559159,701028.25,-159428.9375,-528982.5625
0.0133619997650385,701108.4375,-159167,-529348.125
0.0133630000054836,701206.5,-158943.109375,-529693.375
0.0133640002459288,701316.9375,-158748.296875,-530021.5
0.0133649995550513,701434.75,-158574.40625,-530335.125
0.0133659997954965,701555.8125,-158415.265625,-530636.125
0.0133670000359416,701677.125,-158267.140625,-530925.1875
0.0133680002763867,701797.25,-158128.65625,-531202.125
0.0133689995855093,701915.6875,-158000.34375,-531466.0625
0.0133699998259544,702032.9375,-157883.84375,-531715.9375
0.0133710000663996,702149.875,-157781.265625,-531950.5625
0.0133720003068447,702267.5625,-157694.421875,-532169.3125
0.0133729996159673,702386.75,-157624.484375,-532371.875
0.0133739998564124,702507.875,-157571.609375,-532558.375
0.0133750000968575,702630.6875,-157535.03125,-532729.5
0.0133760003373027,702754.4375,-157513.15625,-532885.8125
0.0133769996464252,702877.75,-157503.796875,-533028.3125
0.0133779998868704,702999.125,-157504.625,-533157.5
0.0133790001273155,703116.625,-157513.375,-533273.8125
0.0133800003677607,703228.5625,-157528.234375,-533377.375
0.0133809996768832,703333.3125,-157548,-533467.75
0.0133819999173284,703429.75,-157572.15625,-533544.375
0.0133830001577735,703517.125,-157600.859375,-533606.4375
0.0133840003982186,703595.3125,-157634.890625,-533653.0625
0.0133849997073412,703664.5625,-157675.375,-533683.5
0.0133859999477863,703725.5625,-157723.65625,-533697.1875
0.0133870001882315,703779.25,-157780.921875,-533693.9375
0.0133880004286766,703826.875,-157848.078125,-533674.125
0.0133889997377992,703869.5625,-157925.46875,-533638.625
0.0133899999782443,703908.4375,-158012.734375,-533588.8125
0.0133910002186894,703944.4375,-158108.703125,-533526.75
0.0133920004591346,703978.125,-158211.359375,-533455.0625
0.0133929997682571,704009.6875,-158317.859375,-533376.5625
0.0133940000087023,704039.0625,-158424.578125,-533294.8125
0.0133950002491474,704065.6875,-158527.296875,-533213.3125
0.01339599955827,704088.625,-158621.296875,-533135.75
0.0133969997987151,704106.75,-158701.546875,-533066.0625
0.0133980000391603,704118.75,-158762.953125,-533007.75
0.0133990002796054,704123,-158800.484375,-532964.4375
0.013399999588728,704118,-158809.359375,-532939.1875
0.0134009998291731,704102.1875,-158785.265625,-532934.875
0.0134020000696182,704074.0625,-158724.4375,-532953.8125
0.0134030003100634,704032.3125,-158623.78125,-532997.9375
0.0134039996191859,703975.875,-158481,-533068.5
0.0134049998596311,703903.75,-158294.5625,-533166.3125
0.0134060001000762,703815.375,-158063.78125,-533291.625
0.0134070003405213,703710.4375,-157788.8125,-533444.125
0.0134079996496439,703588.75,-157470.578125,-533623.0625
0.013408999890089,703450.5625,-157110.734375,-533827.1875
0.0134100001305342,703296.3125,-156711.65625,-534054.75
0.0134110003709793,703126.75,-156276.25,-534303.875
0.0134119996801019,702942.8125,-155807.96875,-534572.3125
0.013412999920547,702745.6875,-155310.625,-534857.5625
0.0134140001609921,702536.8125,-154788.375,-535157.125
0.0134150004014373,702317.75,-154245.546875,-535468.4375
0.0134159997105598,702090.3125,-153686.546875,-535789
0.013416999951005,701856.3125,-153115.8125,-536116.4375
0.0134180001914501,701617.875,-152537.671875,-536448.4375
0.0134190004318953,701377.0625,-151956.28125,-536783.0625
0.0134199997410178,701135.9375,-151375.59375,-537118.5625
0.013420999981463,700896.6875,-150799.203125,-537453.375
0.0134220002219081,700661.4375,-150230.421875,-537786.3125
0.0134230004623532,700432.0625,-149672.140625,-538116.4375
0.0134239997714758,700210.5625,-149126.84375,-538443.0625
0.0134250000119209,699998.5625,-148596.609375,-538765.6875
0.0134260002523661,699797.625,-148083.09375,-539084.125
0.0134269995614886,699609,-147587.53125,-539398.25
0.0134279998019338,699433.6875,-147110.8125,-539708.0625
0.0134290000423789,699272.4375,-146653.421875,-540013.75
0.013430000282824,699125.8125,-146215.578125,-540315.375
0.0134309995919466,698993.875,-145797.15625,-540613.125
0.0134319998323917,698876.6875,-145397.828125,-540907.1875
0.0134330000728369,698773.8125,-145017.0625,-541197.625
0.013434000313282,698684.8125,-144654.125,-541484.4375
0.0134349996224046,698608.8125,-144308.15625,-541767.625
0.0134359998628497,698544.9375,-143978.234375,-542047.0625
0.0134370001032948,698492,-143663.34375,-542322.625
0.01343800034374,698448.875,-143362.421875,-542593.9375
0.0134389996528625,698414.1875,-143074.4375,-542860.8125
0.0134399998933077,698386.6875,-142798.359375,-543122.8125
0.0134410001337528,698365,-142533.203125,-543379.5625
0.013442000374198,698347.75,-142277.96875,-543630.6875
0.0134429996833205,698333.6875,-142031.75,-543875.6875
0.0134439999237657,698321.5,-141793.671875,-544114.25
0.0134450001642108,698310.0625,-141562.875,-544345.9375
0.0134460004046559,698298.1875,-141338.578125,-544570.4375
0.0134469997137785,698284.8125,-141120.015625,-544787.4375
0.0134479999542236,698269.0625,-140906.515625,-544996.75
0.0134490001946688,698250.125,-140697.421875,-545198.125
0.0134500004351139,698227.125,-140492.140625,-545391.375
0.0134509997442365,698199.5,-140290.15625,-545576.375
0.0134519999846816,698166.5625,-140090.96875,-545753.125
0.0134530002251267,698128,-139894.171875,-545921.4375
0.0134540004655719,698083.25,-139699.390625,-546081.4375
0.0134549997746944,698032.0625,-139506.296875,-546233.125
0.0134560000151396,697974.1875,-139314.640625,-546376.4375
0.0134570002555847,697909.5,-139124.1875,-546511.5
0.0134579995647073,697837.8125,-138934.796875,-546638.3125
0.0134589998051524,697759.0625,-138746.359375,-546757.0625
0.0134600000455976,697673.4375,-138558.8125,-546867.75
0.0134610002860427,697580.875,-138372.15625,-546970.5625
0.0134619995951653,697481.625,-138186.453125,-547065.5625
0.0134629998356104,697375.875,-138001.78125,-547152.9375
0.0134640000760555,697263.9375,-137818.296875,-547232.8125
0.0134650003165007,697146.0625,-137636.125,-547305.375
0.0134659996256232,697059.3125,-137531.25,-547334.3125
0.0134669998660684,697023.75,-137544.21875,-547300.1875
0.0134680001065135,697008.375,-137609.34375,-547234.75
0.0134690003469586,696983.375,-137663.859375,-547168.375
0.0134699996560812,696942.4375,-137693.78125,-547108.375
0.0134709998965263,696887.125,-137701.578125,-547054.125
0.0134720001369715,696818.625,-137689.140625,-547005.1875
0.0134730003774166,696737.9375,-137657.421875,-546961.8125
0.0134739996865392,696646.0625,-137607.3125,-546924.25
0.0134749999269843,696544.6875,-137539.65625,-546893.5625
0.0134760001674294,696436.875,-137455.296875,-546872.125
0.0134770004078746,696327.875,-137355.046875,-546864.375
0.0134779997169971,696224.8125,-137239.6875,-546876.8125
0.0134789999574423,696135.375,-137109.921875,-546916.4375
0.0134800001978874,696066,-136966.453125,-546989.0625
0.0134810004383326,696020.4375,-136809.859375,-547097.875
0.0134819997474551,695999,-136640.671875,-547242.8125
0.0134829999879003,695998.9375,-136459.3125,-547420.625
0.0134840002283454,696015.0625,-136266.125,-547626.0625
0.013484999537468,696040.9375,-136061.28125,-547852.5
0.0134859997779131,696069.6875,-135844.90625,-548093
0.0134870000183582,696094.6875,-135617.109375,-548340.9375
0.0134880002588034,696110.1875,-135378.03125,-548590.4375
0.0134889995679259,696111.3125,-135127.921875,-548836.5625
0.0134899998083711,696094.375,-134867.078125,-549075.375
0.0134910000488162,696056.6875,-134595.78125,-549303.875
0.0134920002892613,695996.375,-134314.234375,-549520
0.0134929995983839,695912.25,-134022.484375,-549722.6875
0.013493999838829,695803.625,-133720.375,-549911.3125
0.0134950000792742,695670.375,-133407.59375,-550086.125
0.0134960003197193,695512.5625,-133083.75,-550247.5625
0.0134969996288419,695330.625,-132748.5,-550396.4375
0.013497999869287,695125.4375,-132401.65625,-550533.8125
0.0134990001097322,694897.9375,-132043.265625,-550660.5625
0.0135000003501773,694649.375,-131673.59375,-550777.8125
0.0135009996592999,694381.125,-131293.109375,-550886.5
0.013501999899745,694094.8125,-130902.3359375,-550987.625
0.0135030001401901,693791.75,-130501.828125,-551082.0625
0.0135040003806353,693473.375,-130091.984375,-551171
0.0135049996897578,693141.125,-129673.046875,-551255.4375
0.013505999930203,692796,-129245.0625,-551336.5
0.0135070001706481,692439.125,-128807.9453125,-551415.375
0.0135080004110932,692071.5625,-128361.515625,-551493.1875
0.0135089997202158,691694.125,-127905.6015625,-551571.125
0.0135099999606609,691307.75,-127440.1171875,-551650.1875
0.0135110002011061,690913.375,-126965.0859375,-551731.25
0.0135120004415512,690512,-126480.7109375,-551815.0625
0.0135129997506738,690104.5,-125987.3125,-551902.375
0.0135139999911189,689691.875,-125485.3359375,-551993.75
0.013515000231564,689275.125,-124975.296875,-552089.625
0.0135159995406866,688855.1875,-124457.703125,-552190.5
0.0135169997811317,688432.9375,-123933.0703125,-552296.75
0.0135180000215769,688009.25,-123401.8359375,-552408.8125
0.013519000262022,687584.875,-122864.390625,-552527.125
0.0135199995711446,687160.5,-122321.0390625,-552652.125
0.0135209998115897,686736.875,-121772.0859375,-552784.125
0.0135220000520349,686314.625,-121217.796875,-552923.5
0.01352300029248,685894.3125,-120658.4765625,-553070.625
0.0135239996016026,685476.5,-120094.4921875,-553225.6875
0.0135249998420477,685061.875,-119526.265625,-553388.875
0.0135260000824928,684651,-118954.3515625,-553560.25
0.013527000322938,684244.4375,-118379.3828125,-553739.8125
0.0135279996320605,683842.875,-117802.0859375,-553927.4375
0.0135289998725057,683446.9375,-117223.3046875,-554122.9375
0.0135300001129508,683057.125,-116643.9140625,-554325.9375
0.0135310003533959,682674.0625,-116064.84375,-554536.1875
0.0135319996625185,682298.25,-115487.0546875,-554753.1875
0.0135329999029636,681930.25,-114911.46875,-554976.5625
0.0135340001434088,681570.375,-114339.015625,-555205.75
0.0135350003838539,681219.0625,-113770.546875,-555440.1875
0.0135359996929765,680876.5625,-113206.859375,-555679.375
0.0135369999334216,680543.125,-112648.703125,-555922.8125
0.0135380001738667,680218.8125,-112096.7265625,-556169.875
0.0135390004143119,679903.75,-111551.5078125,-556420
0.0135399997234344,679597.8125,-111013.5625,-556672.625
0.0135409999638796,679301.125,-110483.3359375,-556927.25
0.0135420002043247,679013.375,-109961.1875,-557183.25
0.0135430004447699,678734.4375,-109447.453125,-557440.0625
0.0135439997538924,678464.125,-108942.390625,-557697.25
0.0135449999943376,678202.25,-108446.21875,-557954.25
0.0135460002347827,677948.4375,-107959.1328125,-558210.625
0.0135469995439053,677702.5625,-107481.2890625,-558465.75
0.0135479997843504,677464.1875,-107012.796875,-558719.375
0.0135490000247955,677233.1875,-106553.7109375,-558971
0.0135500002652407,677009.1875,-106104.0546875,-559220.25
0.0135509995743632,676791.875,-105663.7734375,-559466.875
0.0135519998148084,676581.0625,-105232.8046875,-559710.5625
0.0135530000552535,676376.375,-104811.125,-559951.0625
0.0135540002956986,676177.6875,-104398.8125,-560188.0625
0.0135549996048212,675985,-103996.0625,-560421.25
0.0135559998452663,675798.1875,-103603.21875,-560650.25
0.0135570000857115,675617.3125,-103220.6640625,-560874.75
0.0135580003261566,675442.5,-102848.765625,-561094.3125
0.0135589996352792,675273.75,-102487.8046875,-561308.6875
0.0135599998757243,675111,-102137.9453125,-561517.625
0.0135610001161695,674954.3125,-101799.2734375,-561721.0625
0.0135620003566146,674803.625,-101471.8828125,-561918.8125
0.0135629996657372,674659,-101155.9921875,-562110.75
0.0135639999061823,674520.625,-100851.9921875,-562296.5
0.0135650001466274,674388.75,-100560.453125,-562475.75
0.0135660003870726,674263.6875,-100282.0703125,-562648.1875
0.0135669996961951,674145.6875,-100017.546875,-562813.3125
0.0135679999366403,674035.0625,-99767.4765625,-562970.875
0.0135690001770854,673932,-99532.234375,-563120.5
0.0135700004175305,673836.5,-99311.921875,-563262.1875
0.0135709997266531,673748.375,-99106.4140625,-563395.8125
0.0135719999670982,673667.4375,-98915.3359375,-563521.5
0.0135730002075434,673593.3125,-98738.203125,-563639.25
0.0135740004479885,673525.625,-98574.46875,-563749.3125
0.0135749997571111,673464,-98423.5546875,-563851.75
0.0135759999975562,673407.9375,-98284.90625,-563946.625
0.0135770002380013,673357,-98157.9765625,-564034.0625
0.0135779995471239,673310.75,-98042.203125,-564114.125
0.013578999787569,673268.6875,-97936.9921875,-564186.875
0.0135800000280142,673230.25,-97841.671875,-564252.4375
0.0135810002684593,673194.8125,-97755.515625,-564310.875
0.0135819995775819,673161.8125,-97677.7109375,-564362.4375
0.013582999818027,673130.4375,-97607.421875,-564407.1875
0.0135840000584722,673100.1875,-97543.7734375,-564445.375
0.0135850002989173,673070.25,-97485.9296875,-564477.1875
0.0135859996080399,673040.0625,-97433.109375,-564502.75
0.013586999848485,673009.0625,-97384.640625,-564522.25
0.0135880000889301,672976.6875,-97339.9609375,-564535.6875
0.0135890003293753,672942.625,-97298.6015625,-564543.1875
0.0135899996384978,672906.5,-97260.2578125,-564544.8125
0.013590999878943,672868,-97224.6796875,-564540.5
0.0135920001193881,672827.0625,-97191.7109375,-564530.375
0.0135930003598332,672783.375,-97161.2109375,-564514.3125
0.0135939996689558,672736.875,-97133.0546875,-564492.4375
0.0135949999094009,672687.4375,-97107.0703125,-564464.75
0.0135960001498461,672634.875,-97083.0078125,-564431.5
0.0135970003902912,672579.0625,-97060.5390625,-564392.8125
0.0135979996994138,672519.8125,-97039.2265625,-564348.9375
0.0135989999398589,672456.8125,-97018.5078125,-564300.25
0.0136000001803041,672389.9375,-96997.7265625,-564247.1875
0.0136010004207492,672318.875,-96976.09375,-564190.3125
0.0136019997298717,672243.3125,-96952.7578125,-564130.25
0.0136029999703169,672163,-96926.7734375,-564067.5625
0.013604000210762,672077.6875,-96897.140625,-564003.125
0.0136050004512072,671987.125,-96862.8671875,-563937.625
0.0136059997603297,671891.0625,-96822.9140625,-563872
0.0136070000007749,671789.3125,-96776.2890625,-563807
0.01360800024122,671681.8125,-96722.0546875,-563743.4375
0.0136089995503426,671568.4375,-96659.3203125,-563682.3125
0.0136099997907877,671449.1875,-96587.3125,-563624.3125
0.0136110000312328,671324.0625,-96505.34375,-563570.1875
0.013612000271678,671193.25,-96412.875,-563520.75
0.0136129995808005,671056.9375,-96309.5078125,-563476.625
0.0136139998212457,670915.3125,-96194.9921875,-563438.375
0.0136150000616908,670768.8125,-96069.25,-563406.5
0.0136160003021359,670617.75,-95932.34375,-563381.3125
0.0136169996112585,670462.6875,-95784.5234375,-563363.25
0.0136179998517036,670304.0625,-95626.1796875,-563352.4375
0.0136190000921488,670142.375,-95457.828125,-563348.9375
0.0136200003325939,669978.3125,-95280.140625,-563352.8125
0.0136209996417165,669812.3125,-95093.8515625,-563363.875
0.0136219998821616,669645.0625,-94899.8046875,-563382
0.0136230001226068,669477.0625,-94698.8828125,-563406.875
0.0136240003630519,669308.75,-94491.96875,-563438.1875
0.0136249996721745,669140.5625,-94279.9609375,-563475.5625
0.0136259999126196,668973,-94063.7109375,-563518.5
0.0136270001530647,668806.25,-93844,-563566.625
0.0136280003935099,668640.5625,-93621.5078125,-563619.5
0.0136289997026324,668476.0625,-93396.8359375,-563676.75
0.0136299999430776,668312.8125,-93170.4453125,-563738
0.0136310001835227,668150.875,-92942.671875,-563802.8125
0.0136320004239678,667990.125,-92713.734375,-563871.0625
0.0136329997330904,667830.375,-92483.7265625,-563942.4375
0.0136339999735355,667671.5,-92252.6015625,-564016.875
0.0136350002139807,667513.25,-92020.203125,-564094.25
0.0136360004544258,667355.4375,-91786.2734375,-564174.625
0.0136369997635484,667197.6875,-91550.4453125,-564258.0625
0.0136380000039935,667039.6875,-91312.2890625,-564344.75
0.0136390002444386,666881.25,-91071.2890625,-564434.875
0.0136399995535612,666722.0625,-90826.8984375,-564528.6875
0.0136409997940063,666561.75,-90578.546875,-564626.5
0.0136420000344515,666400.0625,-90325.65625,-564728.625
0.0136430002748966,666236.75,-90067.65625,-564835.4375
0.0136439995840192,666071.5625,-89804.0234375,-564947.125
0.0136449998244643,665904.3125,-89534.2421875,-565064.125
0.0136460000649095,665734.8125,-89257.875,-565186.625
0.0136470003053546,665562.8125,-88974.5078125,-565314.9375
0.0136479996144772,665388.1875,-88683.796875,-565449.25
0.0136489998549223,665210.75,-88385.4296875,-565589.75
0.0136500000953674,665030.375,-88079.1640625,-565736.5625
0.0136510003358126,664846.9375,-87764.8125,-565889.8125
0.0136519996449351,664660.1875,-87442.2265625,-566049.4375
0.0136529998853803,664470.125,-87111.3359375,-566215.5
0.0136540001258254,664276.5,-86772.109375,-566387.875
0.0136550003662705,664079.25,-86424.59375,-566566.5
0.0136559996753931,663878.3125,-86068.875,-566751.25
0.0136569999158382,663673.5,-85705.0859375,-566941.8125
0.0136580001562834,663464.8125,-85333.4140625,-567138.125
0.0136590003967285,663252.1875,-84954.09375,-567339.75
0.0136599997058511,663035.5625,-84567.375,-567546.5625
0.0136609999462962,662814.9375,-84173.5546875,-567758.1875
0.0136620001867414,662590.25,-83772.953125,-567974.4375
0.0136630004271865,662361.625,-83365.90625,-568194.875
0.0136639997363091,662129.0625,-82952.78125,-568419.3125
0.0136649999767542,661892.625,-82533.9453125,-568647.5
0.0136660002171993,661652.4375,-82109.796875,-568879.0625
0.0136670004576445,661408.6875,-81680.7578125,-569113.8125
0.013667999766767,661161.5625,-81247.25,-569351.5
0.0136690000072122,660911.25,-80809.71875,-569591.875
0.0136700002476573,660658,-80368.6328125,-569834.75
0.0136709995567799,660402.0625,-79924.453125,-570079.9375
0.013671999797225,660143.8125,-79477.6640625,-570327.1875
0.0136730000376701,659883.5625,-79028.75,-570576.4375
0.0136740002781153,659621.625,-78578.203125,-570827.4375
0.0136749995872378,659358.4375,-78126.5,-571080.0625
0.013675999827683,659094.3125,-77674.1484375,-571334.25
0.0136770000681281,658829.75,-77221.6796875,-571589.8125
0.0136780003085732,658565.1875,-76769.6796875,-571846.625
0.0136789996176958,658301.125,-76318.875,-572104.5
0.0136799998581409,658038.25,-75870.0859375,-572363.125
0.0136810000985861,657777.125,-75424.1171875,-572622.375
0.0136820003390312,657518.25,-74981.46875,-572882.0625
0.0136829996481538,657261.6875,-74541.875,-573142.5625
0.0136839998885989,657007.125,-74104.0234375,-573404.6875
0.0136850001290441,656753.5625,-73665.6015625,-573669.6875
0.0136860003694892,656500.0625,-73223.984375,-573939.125
0.0136869996786118,656245.9375,-72777.3046875,-574213.9375
0.0136879999190569,655991.5625,-72325.7265625,-574494.4375
0.013689000159502,655738.4375,-71872.0859375,-574779.4375
0.0136900003999472,655489.5,-71421.71875,-575066.5625
0.0136909997090697,655248.1875,-70981.3359375,-575352.8125
0.0136919999495149,655017.875,-70557.3046875,-575635.25
0.01369300018996,654800.875,-70153.9765625,-575911.875
0.0136940004304051,654598.25,-69772.6171875,-576182.375
0.0136949997395277,654409.125,-69411.171875,-576447.6875
0.0136959999799728,654231.5625,-69064.9375,-576710.3125
0.013697000220418,654062.8125,-68727.7109375,-576973.3125
0.0136980004608631,653899.9375,-68393.140625,-577239.875
0.0136989997699857,653740.5625,-68055.8828125,-577512.625
0.0137000000104308,653582.875,-67712.234375,-577793.5
0.0137010002508759,653426.1875,-67360.3828125,-578083.4375
0.0137019995599985,653270.375,-67000.1484375,-578382.5625
0.0137029998004436,653115.875,-66632.546875,-578690.4375
0.0137040000408888,652963.375,-66259.1875,-579006.1875
0.0137050002813339,652813.625,-65881.7734375,-579328.875
0.0137059995904565,652667.125,-65501.7109375,-579657.625
0.0137069998309016,652524.0625,-65119.95703125,-579991.75
0.0137080000713468,652384.5,-64736.9921875,-580330.8125
0.0137090003117919,652248.25,-64352.9921875,-580674.4375
0.0137099996209145,652115.0625,-63968.0703125,-581022.3125
0.0137109998613596,651985,-63582.55078125,-581374.0625
0.0137120001018047,651858.1875,-63197.203125,-581729.0625
0.0137130003422499,651735.375,-62813.41796875,-582086.6875
0.0137139996513724,651617.3125,-62433.26171875,-582445.6875
0.0137149998918176,651505.4375,-62059.41015625,-582804.8125
0.0137160001322627,651401.125,-61695.00390625,-583162.375
0.0137170003727078,651305.875,-61343.41015625,-583516.625
0.0137179996818304,651221.1875,-61007.91796875,-583865.6875
0.0137189999222755,651148.125,-60691.46875,-584207.625
0.0137200001627207,651087.25,-60396.36328125,-584540.875
0.0137210004031658,651038.8125,-60124.05078125,-584863.9375
0.0137219997122884,651002.25,-59874.98046875,-585175.8125
0.0137229999527335,650976.4375,-59648.52734375,-585475.875
0.0137240001931787,650959.875,-59443.01171875,-585764.0625
0.0137250004336238,650950.3125,-59255.77734375,-586040.625
0.0137259997427464,650945.5,-59083.36328125,-586306.5625
0.0137269999831915,650942.8125,-58921.66796875,-586563.125
0.0137280002236366,650939.5625,-58766.19921875,-586812
0.0137290004640818,650933.125,-58612.296875,-587055.0625
0.0137299997732043,650921.1875,-58455.3515625,-587294.4375
0.0137310000136495,650901.6875,-58291.0234375,-587532.25
0.0137320002540946,650872.6875,-58115.4140625,-587770.5
0.0137329995632172,650832.9375,-57925.20703125,-588011.1875
0.0137339998036623,650781.375,-57717.78515625,-588255.875
0.0137350000441074,650717.4375,-57491.2734375,-588505.9375
0.0137360002845526,650640.9375,-57244.5859375,-588762.25
0.0137369995936751,650551.875,-56977.4140625,-589025.4375
0.0137379998341203,650450.8125,-56690.1953125,-589295.5625
0.0137390000745654,650338.4375,-56384.0390625,-589572.4375
0.0137400003150105,650215.625,-56060.68359375,-589855.3125
0.0137409996241331,650083.5,-55722.3671875,-590143.25
0.0137419998645782,649943.25,-55371.76171875,-590435
0.0137430001050234,649796.25,-55011.86328125,-590728.9375
0.0137440003454685,649643.875,-54645.87109375,-591023.375
0.0137449996545911,649487.3125,-54277.11328125,-591316.375
0.0137459998950362,649328,-53908.9375,-591606.125
0.0137470001354814,649167.1875,-53544.6171875,-591890.5625
0.0137480003759265,649005.875,-53187.28125,-592167.75
0.0137489996850491,648845.25,-52839.83203125,-592435.9375
0.0137499999254942,648686.0625,-52504.875,-592693.25
0.0137510001659393,648529.0625,-52184.68359375,-592938.1875
0.0137520004063845,648374.9375,-51881.1484375,-593169.5
0.013752999715507,648224,-51595.75390625,-593385.9375
0.0137539999559522,648076.5625,-51329.546875,-593586.8125
0.0137550001963973,647932.875,-51083.15234375,-593771.5
0.0137560004368424,647793,-50856.765625,-593939.75
0.013756999745965,647656.8125,-50650.1796875,-594091.75
0.0137579999864101,647524.25,-50462.796875,-594227.75
0.0137590002268553,647395.1875,-50293.68359375,-594348.4375
0.0137599995359778,647269.375,-50141.59375,-594454.8125
0.013760999776423,647146.6875,-50005.01953125,-594548
0.0137620000168681,647026.75,-49882.2421875,-594629.3125
0.0137630002573133,646909.375,-49771.37890625,-594700.375
0.0137639995664358,646794.375,-49670.42578125,-594762.8125
0.013764999806881,646681.375,-49577.31640625,-594818.3125
0.0137660000473261,646570.125,-49489.94921875,-594868.625
0.0137670002877712,646460.375,-49406.2421875,-594915.5625
0.0137679995968938,646351.75,-49324.15234375,-594960.6875
0.0137689998373389,646243.9375,-49241.7109375,-595005.625
0.0137700000777841,646136.5,-49157.0546875,-595051.875
0.0137710003182292,646029,-49068.42578125,-595100.6875
0.0137719996273518,645920.9375,-48974.20703125,-595153.1875
0.0137729998677969,645811.8125,-48872.92578125,-595210.375
0.013774000108242,645701,-48763.2578125,-595273.0625
0.0137750003486872,645587.9375,-48644.03125,-595341.75
0.0137759996578097,645471.875,-48514.23828125,-595416.8125
0.0137769998982549,645352.1875,-48373.0234375,-595498.625
0.0137780001387,645228.25,-48219.69921875,-595587.1875
0.0137790003791451,645099.375,-48053.7265625,-595682.4375
0.0137799996882677,644964.875,-47874.73046875,-595784.25
0.0137809999287128,644824.1875,-47682.48828125,-595892.25
0.013782000169158,644676.8125,-47476.9140625,-596006
0.0137830004096031,644522.125,-47258.08203125,-596125.1875
0.0137839997187257,644359.9375,-47026.19921875,-596249.125
0.0137849999591708,644189.75,-46781.609375,-596377.375
0.013786000199616,644011.375,-46524.77734375,-596509.1875
0.0137870004400611,643824.75,-46256.296875,-596643.9375
0.0137879997491837,643629.8125,-45976.86328125,-596781
0.0137889999896288,643426.5625,-45687.2734375,-596919.625
0.0137900002300739,643215.1875,-45388.41796875,-597059.25
0.0137909995391965,642995.875,-45081.25,-597199.0625
0.0137919997796416,642769,-44766.796875,-597338.5
0.0137930000200868,642534.875,-44446.12109375,-597476.9375
0.0137940002605319,642294,-44120.32421875,-597613.625
0.0137949995696545,642046.8125,-43790.53125,-597748.0625
0.0137959998100996,641793.875,-43457.859375,-597879.6875
0.0137970000505447,641535.8125,-43123.421875,-598007.9375
0.0137980002909899,641273.1875,-42788.30859375,-598132.4375
0.0137989996001124,641006.625,-42453.5703125,-598252.75
0.0137999998405576,640736.8125,-42120.2109375,-598368.4375
0.0138010000810027,640464.375,-41789.171875,-598479.25
0.0138020003214478,640189.9375,-41461.33984375,-598585
0.0138029996305704,639914.25,-41137.51171875,-598685.5
0.0138039998710155,639637.875,-40818.4140625,-598780.5625
0.0138050001114607,639361.5,-40504.68359375,-598870.3125
0.0138060003519058,639085.6875,-40196.86328125,-598954.6875
0.0138069996610284,638811.125,-39895.41796875,-599033.8125
0.0138079999014735,638538.3125,-39600.71484375,-599107.875
0.0138090001419187,638267.8125,-39313.0390625,-599177.125
0.0138100003823638,638000.1875,-39032.640625,-599241.75
0.0138109996914864,637736.0625,-38759.79296875,-599302.125
0.0138119999319315,637476,-38494.94140625,-599358.3125
0.0138130001723766,637220.875,-38238.8125,-599410.4375
0.0138140004128218,636971.625,-37992.35546875,-599458.5
0.0138149997219443,636729,-37756.3125,-599502.4375
0.0138159999623895,636493.25,-37530.3125,-599542.875
0.0138170002028346,636263.5625,-37311.78125,-599581.4375
0.0138180004432797,636037.8125,-37095.30859375,-599621.125
0.0138189997524023,635812.5625,-36873.22265625,-599666
0.0138199999928474,635584.4375,-36637.66015625,-599720.1875
0.0138210002332926,635351.3125,-36383.6953125,-599786.5
0.0138219995424151,635113.875,-36112.2265625,-599864.8125
0.0138229997828603,634876.125,-35831.28125,-599951.625
0.0138240000233054,634645.25,-35554.94140625,-600040.5
0.0138250002637506,634429.5,-35300.0234375,-600123.4375
0.0138259995728731,634236.4375,-35081.7109375,-600193.3125
0.0138269998133183,634071.0625,-34909.52734375,-600245.625
0.0138280000537634,633934.1875,-34784.9453125,-600279.625
0.0138290002942085,633822.75,-34701.046875,-600298.625
0.0138299996033311,633730.375,-34644.14453125,-600309.1875
0.0138309998437762,633648.5,-34596.58203125,-600319.8125
0.0138320000842214,633568.3125,-34539.85546875,-600339.4375
0.0138330003246665,633481.625,-34457.375,-600376
0.0138339996337891,633382.0625,-34336.328125,-600435.75
0.0138349998742342,633265.5625,-34168.609375,-600522.625
0.0138360001146793,633130.125,-33950.85546875,-600638.3125
0.0138370003551245,632976,-33683.875,-600782.5
0.013837999664247,632805,-33371.76953125,-600953.375
0.0138389999046922,632620.0625,-33020.953125,-601147.875
0.0138400001451373,632424.875,-32639.2578125,-601362.5
0.0138410003855824,632223.6875,-32235.21484375,-601593.25
0.013841999694705,632020.625,-31817.5,-601835.9375
0.0138429999351501,631819.625,-31394.533203125,-602086.5
0.0138440001755953,631624.1875,-30974.185546875,-602340.875
0.0138450004160404,631437.3125,-30563.537109375,-602595
0.013845999725163,631261.25,-30168.68359375,-602845.25
0.0138469999656081,631097.4375,-29794.564453125,-603088.0625
0.0138480002060533,630946.625,-29444.8203125,-603320.625
0.0138490004464984,630808.8125,-29121.70703125,-603540.5
0.013849999755621,630683.375,-28826.076171875,-603746.125
0.0138509999960661,630569.375,-28557.419921875,-603936.875
0.0138520002365112,630465.5625,-28313.990234375,-604113
0.0138529995456338,630370.4375,-28092.978515625,-604275.5625
0.0138539997860789,630282.5625,-27890.744140625,-604426.625
0.0138550000265241,630200.625,-27703.056640625,-604568.75
0.0138560002669692,630123.375,-27525.33203125,-604705
0.0138569995760918,630049.6875,-27352.86328125,-604838.875
0.0138579998165369,629978.375,-27181.001953125,-604973.625
0.013859000056982,629908.5,-27005.318359375,-605112.625
0.0138600002974272,629838.9375,-26821.7109375,-605258.8125
0.0138609996065497,629768.5625,-26626.48828125,-605414.5625
0.0138619998469949,629696.1875,-26416.41796875,-605582
0.01386300008744,629620.375,-26188.7734375,-605762.4375
0.0138640003278852,629539.75,-25941.345703125,-605956.6875
0.0138649996370077,629452.6875,-25672.462890625,-606164.9375
0.0138659998774529,629357.6875,-25380.994140625,-606386.875
0.013867000117898,629253.25,-25066.353515625,-606621.6875
0.0138680003583431,629137.9375,-24728.494140625,-606868.1875
0.0138689996674657,629010.5,-24367.89453125,-607124.6875
0.0138699999079108,628869.875,-23985.53125,-607389.4375
0.013871000148356,628715.375,-23582.85546875,-607660.375
0.0138720003888011,628546.5625,-23161.734375,-607935.375
0.0138729996979237,628363.5,-22724.416015625,-608212.3125
0.0138739999383688,628166.4375,-22273.45703125,-608489.125
0.0138750001788139,627956.0625,-21811.6640625,-608763.8125
0.0138760004192591,627733.5,-21342.025390625,-609034.6875
0.0138769997283816,627500.1875,-20867.6484375,-609300
0.0138779999688268,627257.75,-20391.6875,-609558.5
0.0138790002092719,627008.25,-19917.287109375,-609809
0.013880000449717,626753.6875,-19447.53125,-610050.625
0.0138809997588396,626496.5,-18985.384765625,-610282.8125
0.0138819999992847,626239,-18533.66015625,-610505
0.0138830002397299,625983.625,-18094.978515625,-610717.125
0.0138839995488524,625732.8125,-17671.744140625,-610919.0625
0.0138849997892976,625488.8125,-17266.1171875,-611110.9375
0.0138860000297427,625253.9375,-16880.009765625,-611293.0625
0.0138870002701879,625030.125,-16515.0625,-611465.6875
0.0138879995793104,624819.375,-16172.6435546875,-611629.3125
0.0138889998197556,624623.3125,-15853.849609375,-611784.375
0.0138900000602007,624443.3125,-15559.49609375,-611931.375
0.0138910003006458,624280.5,-15290.123046875,-612070.8125
0.0138919996097684,624135.8125,-15045.9990234375,-612203.1875
0.0138929998502135,624009.875,-14827.119140625,-612329.0625
0.0138940000906587,623902.875,-14633.2119140625,-612448.8125
0.0138950003311038,623815,-14463.7431640625,-612562.875
0.0138959996402264,623745.8125,-14317.92578125,-612671.75
0.0138969998806715,623694.875,-14194.720703125,-612775.75
0.0138980001211166,623661.375,-14092.85546875,-612875.3125
0.0138990003615618,623644.1875,-14010.8291015625,-612970.6875
0.0138999996706843,623642.125,-13946.9287109375,-613062.3125
0.0139009999111295,623653.625,-13899.25,-613150.4375
0.0139020001515746,623677.0625,-13865.7158203125,-613235.4375
0.0139030003920197,623710.5625,-13844.0986328125,-613317.6875
0.0139039997011423,623752.1875,-13832.048828125,-613397.375
0.0139049999415874,623799.875,-13827.1181640625,-613475
0.0139060001820326,623851.5,-13826.798828125,-613550.8125
0.0139070004224777,623905,-13828.5439453125,-613625.1875
0.0139079997316003,623958.0625,-13829.8076171875,-613698.5625
0.0139089999720454,624008.625,-13828.0732421875,-613771.25
0.0139100002124906,624054.625,-13820.8837890625,-613843.6875
0.0139110004529357,624094,-13805.8720703125,-613916.1875
0.0139119997620583,624124.9375,-13780.7900390625,-613989.1875
0.0139130000025034,624145.5,-13743.5283203125,-614063.0625
0.0139140002429485,624154.1875,-13692.1455078125,-614138.0625
0.0139149995520711,624149.4375,-13624.8818359375,-614214.625
0.0139159997925162,624129.9375,-13540.17578125,-614293
0.0139170000329614,624094.5625,-13436.6796875,-614373.5625
0.0139180002734065,624042.3125,-13313.2666015625,-614456.4375
0.0139189995825291,623972.5,-13169.037109375,-614542
0.0139199998229742,623884.5625,-13003.3212890625,-614630.375
0.0139210000634193,623778.125,-12815.68359375,-614721.8125
0.0139220003038645,623653,-12605.9169921875,-614816.375
0.013922999612987,623509.3125,-12374.0419921875,-614914.3125
0.0139239998534322,623347.1875,-12120.2978515625,-615015.625
0.0139250000938773,623167.125,-11845.13671875,-615120.4375
0.0139260003343225,622969.6875,-11549.2158203125,-615228.75
0.013926999643445,622755.6875,-11233.3818359375,-615340.625
0.0139279998838902,622526,-10898.6640625,-615456.0625
0.0139290001243353,622281.75,-10546.2578125,-615574.9375
0.0139300003647804,622024.125,-10177.5087890625,-615697.3125
0.013930999673903,621754.375,-9793.900390625,-615823.0625
0.0139319999143481,621474.0625,-9397.0380859375,-615952.0625
0.0139330001547933,621184.5625,-8988.6259765625,-616084.125
0.0139340003952384,620887.5,-8570.453125,-616219.1875
0.013934999704361,620584.5,-8144.37646484375,-616357
0.0139359999448061,620277.1875,-7712.29638671875,-616497.375
0.0139370001852512,619967.3125,-7276.140625,-616640.0625
0.0139380004256964,619656.375,-6837.8447265625,-616784.75
0.0139389997348189,619346.1875,-6399.33203125,-616931.25
0.0139399999752641,619038.1875,-5962.49462890625,-617079.125
0.0139410002157092,618733.9375,-5529.17626953125,-617228.1875
0.0139420004561543,618434.9375,-5101.14990234375,-617378.0625
0.0139429997652769,618142.5,-4680.09033203125,-617528.375
0.013944000005722,617857.9375,-4267.513671875,-617678.875
0.0139450002461672,617582.1875,-3864.67456054688,-617829.1875
0.0139459995552897,617316.125,-3472.41357421875,-617979.3125
0.0139469997957349,617060.1875,-3091.05883789062,-618129.1875
0.01394800003618,616814.625,-2720.56811523438,-618279.125
0.0139490002766252,616579.6875,-2361.12109375,-618429.0625
0.0139499995857477,616356.125,-2014.14526367188,-618578.375
0.0139509998261929,616145.8125,-1683.36389160156,-618725.25
0.013952000066638,615951.8125,-1375.10119628906,-618866.4375
0.0139530003070831,615777.8125,-1097.17297363281,-618998
0.0139539996162057,615626.9375,-856.316223144531,-619116.5625
0.0139549998566508,615500.1875,-654.990478515625,-619220.4375
0.013956000097096,615395.4375,-488.961029052734,-619311.3125
0.0139570003375411,615306.875,-346.911285400391,-619394.25
0.0139579996466637,615226.25,-212.492645263672,-619476.6875
0.0139589998871088,615144.6875,-68.1660308837891,-619566.6875
0.0139600001275539,615054.6875,100.51163482666,-619670.6875
0.0139610003679991,614951.8125,301.5517578125,-619792.25
0.0139619996771216,614835.3125,535.03125,-619931
0.0139629999175668,614708.125,793.56494140625,-620082.9375
0.0139640001580119,614575.875,1064.283203125,-620241.5
0.0139650003984571,614445.5625,1331.55261230469,-620398.5625
0.0139659997075796,614324.0625,1579.70153808594,-620546.0625
0.0139669999480247,614217.5625,1795.23937988281,-620677
0.0139680001884699,614130.25,1968.32897949219,-620786
0.013969000428915,614064.5,2093.5,-620869.75
0.0139699997380376,614020.4375,2169.71997070312,-620927.25
0.0139709999784827,613996.25,2199.99462890625,-620959.375
0.0139720002189279,613988.5,2190.66796875,-620968.5625
0.013973000459373,613992.5625,2150.56909179688,-620958.5625
0.0139739997684956,614003.125,2090.12158203125,-620934.0625
0.0139750000089407,614014.4375,2020.50756835938,-620899.9375
0.0139760002493858,614020.75,1952.94372558594,-620861.4375
0.0139769995585084,614016.6875,1898.10766601562,-620823.5
0.0139779997989535,613997.3125,1865.72058105469,-620790.8125
0.0139790000393987,613958.4375,1864.27770996094,-620767.5625
0.0139800002798438,613896.75,1900.8974609375,-620757.5
0.0139809995889664,613809.625,1981.26049804688,-620763.75
0.0139819998294115,613695.125,2109.60473632812,-620788.875
0.0139830000698566,613552.25,2288.75244140625,-620834.8125
0.0139840003103018,613380.5625,2520.15234375,-620902.8125
0.0139849996194243,613180.25,2803.92895507812,-620993.5625
0.0139859998598695,612952.1875,3138.93872070312,-621106.9375
0.0139870001003146,612697.6875,3522.83544921875,-621242.3125
0.0139880003407598,612418.4375,3952.15063476562,-621398.25
0.0139889996498823,612116.6875,4422.39453125,-621572.875
0.0139899998903275,611795.125,4928.1826171875,-621763.75
0.0139910001307726,611456.5625,5463.38623046875,-621968
0.0139920003712177,611104.375,6021.31201171875,-622182.4375
0.0139929996803403,610742,6594.9013671875,-622403.75
0.0139939999207854,610373.125,7176.94921875,-622628.6875
0.0139950001612306,610001.4375,7760.33154296875,-622853.9375
0.0139960004016757,609630.75,8338.232421875,-623076.625
0.0139969997107983,609264.6875,8904.36328125,-623294.25
0.0139979999512434,608906.75,9453.1611328125,-623504.625
0.0139990001916885,608560.1875,9979.962890625,-623706.3125
0.0140000004321337,608227.875,10481.134765625,-623898.5
0.0140009997412562,607912.1875,10954.1650390625,-624080.875
0.0140019999817014,607615.125,11397.708984375,-624253.9375
0.0140030002221465,607338.0625,11811.5849609375,-624418.6875
0.0140040004625916,607081.9375,12196.7216796875,-624576.5625
0.0140049997717142,606846.875,12555.0712890625,-624729.5625
0.0140060000121593,606632.6875,12889.4765625,-624879.9375
0.0140070002526045,606438.5,13203.5146484375,-625030.25
0.014007999561727,606263.125,13501.3203125,-625183.0625
0.0140089998021722,606104.8125,13787.3916015625,-625340.9375
0.0140100000426173,605961.6875,14066.404296875,-625506.375
0.0140110002830625,605831.4375,14343.0234375,-625681.6875
0.014011999592185,605711.8125,14621.7275390625,-625868.875
0.0140129998326302,605600.4375,14906.6572265625,-626069.625
0.0140140000730753,605494.9375,15201.4873046875,-626285.1875
0.0140150003135204,605393.1875,15509.3173828125,-626516.5
0.014015999622643,605293.25,15832.6025390625,-626764.0625
0.0140169998630881,605193.4375,16173.099609375,-627028
0.0140180001035333,605092.3125,16531.853515625,-627308.125
0.0140190003439784,604988.9375,16909.19921875,-627603.75
0.014019999653101,604882.625,17304.78515625,-627914.125
0.0140209998935461,604773.125,17717.623046875,-628238
0.0140220001339912,604660.5,18146.14453125,-628574.125
0.0140230003744364,604545.125,18588.271484375,-628920.9375
0.0140239996835589,604427.6875,19041.490234375,-629276.75
0.0140249999240041,604309.1875,19502.939453125,-629639.8125
0.0140260001644492,604190.8125,19969.484375,-630008.3125
0.0140270004048944,604073.8125,20437.794921875,-630380.375
0.0140279997140169,603959.6875,20904.431640625,-630754
0.0140289999544621,603849.875,21365.908203125,-631127.4375
0.0140300001949072,603745.9375,21818.759765625,-631498.625
0.0140310004353523,603649.375,22259.599609375,-631865.875
0.0140319997444749,603561.5,22685.17578125,-632227.1875
0.01403299998492,603483.625,23092.40625,-632580.9375
0.0140340002253652,603417.0625,23478.4296875,-632925.375
0.0140349995344877,603362.625,23840.626953125,-633258.8125
0.0140359997749329,603321.3125,24176.654296875,-633579.8125
0.014037000015378,603293.75,24484.46484375,-633886.8125
0.0140380002558231,603280.375,24762.326171875,-634178.5625
0.0140389995649457,603281.5,25008.833984375,-634453.8125
0.0140399998053908,603297.125,25222.923828125,-634711.4375
0.014041000045836,603327.1875,25403.875,-634950.5
0.0140420002862811,603371.3125,25551.314453125,-635170.1875
0.0140429995954037,603429.125,25665.2109375,-635369.875
0.0140439998358488,603499.75,25745.875,-635549.0625
0.0140450000762939,603582.5,25793.9453125,-635707.4375
0.0140460003167391,603676.375,25810.380859375,-635844.75
0.0140469996258616,603780.125,25796.451171875,-635961.0625
0.0140479998663068,603892.5,25753.7109375,-636056.5
0.0140490001067519,604012.125,25683.98828125,-636131.375
0.0140500003471971,604137.5625,25589.35546875,-636186.1875
0.0140509996563196,604267.0625,25472.11328125,-636221.5
0.0140519998967648,604399.0625,25334.755859375,-636238.0625
0.0140530001372099,604531.875,25179.94921875,-636236.6875
0.014054000377655,604663.5625,25010.48828125,-636218.375
0.0140549996867776,604792.5,24829.28515625,-636184.125
0.0140559999272227,604916.8125,24639.318359375,-636135.0625
0.0140570001676679,605034.6875,24443.6171875,-636072.4375
0.014058000408113,605144.4375,24245.2265625,-635997.5
0.0140589997172356,605244.25,24047.169921875,-635911.5
0.0140599999576807,605332.5625,23852.4375,-635815.8125
0.0140610001981258,605407.75,23663.947265625,-635711.75
0.014062000438571,605468.3125,23484.521484375,-635600.75
0.0140629997476935,605512.875,23316.873046875,-635484.0625
0.0140639999881387,605540.25,23163.572265625,-635363.1875
0.0140650002285838,605549.25,23027.037109375,-635239.375
0.0140659995377064,605545.8125,22895.333984375,-635107.1875
0.0140669997781515,605543.8125,22739.78125,-634953.0625
0.0140680000185966,605549.6875,22548.1640625,-634771.375
0.0140690002590418,605552.3125,22344.044921875,-634573.6875
0.0140699995681643,605534.5625,22164.060546875,-634378.125
0.0140709998086095,605485.1875,22032.21875,-634196.75
0.0140720000490546,605400.4375,21957.12890625,-634034.375
0.0140730002894998,605280,21939.96484375,-633892.3125
0.0140739995986223,605124.875,21979.771484375,-633770.875
0.0140749998390675,604936.3125,22075.025390625,-633670.125
0.0140760000795126,604715.6875,22223.892578125,-633590.0625
0.0140770003199577,604464.5625,22424.3046875,-633530.4375
0.0140779996290803,604184.6875,22674.005859375,-633491.0625
0.0140789998695254,603877.8125,22970.619140625,-633471.625
0.0140800001099706,603545.875,23311.6953125,-633471.8125
0.0140810003504157,603190.75,23694.740234375,-633491.3125
0.0140819996595383,602814.5,24117.224609375,-633529.75
0.0140829998999834,602419.5,24576.51953125,-633587.0625
0.0140840001404285,602008.25,25069.802734375,-633663.25
0.0140850003808737,601584.0625,25593.994140625,-633758.5625
0.0140859996899962,601150.75,26145.779296875,-633873.5625
0.0140869999304414,600712.375,26721.79296875,-634009.1875
0.0140880001708865,600273.125,27318.923828125,-634166.5625
0.0140890004113317,599836.625,27934.625,-634346.8125
0.0140899997204542,599405.6875,28567.0703125,-634550.8125
0.0140909999608994,598981.6875,29215.072265625,-634778.875
0.0140920002013445,598564.9375,29877.736328125,-635030.3125
0.0140930004417896,598154.75,30554.001953125,-635303.4375
0.0140939997509122,597749.75,31242.205078125,-635595.125
0.0140949999913573,597348.1875,31939.8515625,-635901.3125
0.0140960002318025,596948.5,32643.634765625,-636216.9375
0.014096999540925,596549,33349.74609375,-636536.8125
0.0140979997813702,596148.3125,34054.30078125,-636855.625
0.0140990000218153,595745.1875,34753.828125,-637168.75
0.0141000002622604,595338.5625,35445.6015625,-637472.3125
0.014100999571383,594927.4375,36127.82421875,-637763.375
0.0141019998118281,594510.9375,36799.5546875,-638040.1875
0.0141030000522733,594088.5625,37460.5,-638301.6875
0.0141040002927184,593660.125,38110.65625,-638547.625
0.014104999601841,593225.9375,38749.98046875,-638778.125
0.0141059998422861,592786.875,39378.12109375,-638993.625
0.0141070000827312,592344.4375,39994.234375,-639194.5625
0.0141080003231764,591900.4375,40596.96875,-639381.5625
0.0141089996322989,591457.25,41184.55859375,-639555
0.0141099998727441,591017.375,41754.98828125,-639715.4375
0.0141110001131892,590583.625,42306.2265625,-639863.5
0.0141120003536344,590158.4375,42836.4140625,-639999.75
0.0141129996627569,589744.375,43344.07421875,-640125.1875
0.0141139999032021,589343.5,43828.19921875,-640240.75
0.0141150001436472,588957.6875,44288.32421875,-640347.8125
0.0141160003840923,588588.5,44724.51171875,-640447.75
0.0141169996932149,588237.125,45137.27734375,-640542.1875
0.01411799993366,587904.4375,45527.5,-640632.8125
0.0141190001741052,587591.25,45896.28515625,-640721.3125
0.0141200004145503,587298,46244.8828125,-640809.375
0.0141209997236729,587025.125,46574.54296875,-640898.4375
0.014121999964118,586772.9375,46886.44921875,-640989.9375
0.0141230002045631,586541.5625,47181.67578125,-641085.0625
0.0141240004450083,586331.3125,47461.1328125,-641184.9375
0.0141249997541308,586142.25,47725.5703125,-641290.3125
0.014125999994576,585974.5625,47975.59375,-641401.875
0.0141270002350211,585828.1875,48211.67578125,-641520.1875
0.0141279995441437,585703.3125,48434.17578125,-641645.5625
0.0141289997845888,585599.875,48643.37890625,-641778.375
0.014130000025034,585517.75,48839.49609375,-641918.6875
0.0141310002654791,585457,49022.69921875,-642066.625
0.0141319995746017,585417.5,49193.1015625,-642222.1875
0.0141329998150468,585399,49350.76953125,-642385.375
0.0141340000554919,585401.5,49495.71875,-642555.9375
0.0141350002959371,585424.75,49627.90625,-642733.75
0.0141359996050596,585468.5,49747.23046875,-642918.4375
0.0141369998455048,585532.625,49853.52734375,-643109.6875
0.0141380000859499,585616.875,49946.58984375,-643307.0625
0.014139000326395,585720.875,50026.1640625,-643510.0625
0.0141399996355176,585844.5,50092.00390625,-643718.0625
0.0141409998759627,585987.3125,50143.875,-643930.5625
0.0141420001164079,586148.875,50181.59375,-644146.9375
0.014143000356853,586328.8125,50205.0859375,-644366.6875
0.0141439996659756,586526.5,50214.3984375,-644589.3125
0.0141449999064207,586741.375,50209.75390625,-644814.25
0.0141460001468658,586972.5625,50191.5703125,-645041.3125
0.014147000387311,587219.3125,50160.48828125,-645270.0625
0.0141479996964335,587480.4375,50117.3828125,-645500.375
0.0141489999368787,587754.9375,50063.37109375,-645732.25
0.0141500001773238,588041.5,49999.79296875,-645965.625
0.014151000417769,588338.6875,49928.1953125,-646200.625
0.0141519997268915,588644.9375,49850.30859375,-646437.4375
0.0141529999673367,588958.6875,49768.015625,-646676.25
0.0141540002077818,589278.1875,49683.296875,-646917.3125
0.0141550004482269,589601.75,49598.2109375,-647160.9375
0.0141559997573495,589927.5,49514.8203125,-647407.3125
0.0141569999977946,590253.6875,49435.16015625,-647656.8125
0.0141580002382398,590578.5625,49361.18359375,-647909.5
0.0141589995473623,590900.5,49294.70703125,-648165.625
0.0141599997878075,591217.9375,49237.375,-648425.25
0.0141610000282526,591529.3125,49190.62890625,-648688.5
0.0141620002686977,591833.5,49155.68359375,-648955.25
0.0141629995778203,592129.1875,49133.52734375,-649225.4375
0.0141639998182654,592415.5,49124.91796875,-649498.9375
0.0141650000587106,592691.625,49130.38671875,-649775.5
0.0141660002991557,592956.9375,49150.23046875,-650054.875
0.0141669996082783,593210.875,49184.52734375,-650336.8125
0.0141679998487234,593453.1875,49233.140625,-650620.8125
0.0141690000891685,593683.6875,49295.70703125,-650906.5625
0.0141700003296137,593902.375,49371.6796875,-651193.5625
0.0141709996387362,594109.375,49460.34765625,-651481.25
0.0141719998791814,594304.9375,49560.86328125,-651769.125
0.0141730001196265,594489.25,49672.2890625,-652056.5625
0.0141740003600717,594662.625,49793.62890625,-652342.9375
0.0141749996691942,594825.5,49923.87109375,-652627.75
0.0141759999096394,594978.1875,50061.99609375,-652910.3125
0.0141770001500845,595121,50207,-653190
0.0141780003905296,595254.25,50357.91796875,-653466.25
0.0141789996996522,595378.3125,50513.80859375,-653738.4375
0.0141799999400973,595493.3125,50673.77734375,-654005.9375
0.0141810001805425,595599.5625,50836.99609375,-654268.1875
0.0141820004209876,595697.25,51002.68359375,-654524.5625
0.0141829997301102,595786.4375,51170.15625,-654774.5625
0.0141839999705553,595867.25,51338.8046875,-655017.625
0.0141850002110004,595939.625,51508.12109375,-655253.3125
0.0141860004514456,596003.625,51677.703125,-655481.1875
0.0141869997605681,596059.1875,51847.24609375,-655700.8125
0.0141880000010133,596106.1875,52016.5390625,-655911.9375
0.0141890002414584,596144.5,52185.47265625,-656114.3125
0.014189999550581,596174.0625,52354.0078125,-656307.8125
0.0141909997910261,596194.6875,52522.19140625,-656492.25
0.0141920000314713,596206.375,52690.1171875,-656667.6875
0.0141930002719164,596208.9375,52857.9453125,-656834.1875
0.014193999581039,596202.375,53025.875,-656991.875
0.0141949998214841,596186.6875,53194.14453125,-657141
0.0141960000619292,596161.9375,53363.02734375,-657281.75
0.0141970003023744,596128.125,53532.82421875,-657414.625
0.0141979996114969,596085.5,53703.859375,-657540.0625
0.0141989998519421,596034.125,53876.4765625,-657658.4375
0.0142000000923872,595974.25,54051.01953125,-657770.5
0.0142010003328323,595906.1875,54227.8515625,-657876.6875
0.0142019996419549,595830.1875,54407.3203125,-657977.8125
0.0142029998824,595746.625,54589.76953125,-658074.5
0.0142040001228452,595655.875,54775.5234375,-658167.375
0.0142050003632903,595558.3125,54964.875,-658257.25
0.0142059996724129,595454.4375,55158.09375,-658344.8125
0.014206999912858,595344.5625,55355.40625,-658430.625
0.0142080001533031,595229.25,55557.00390625,-658515.4375
0.0142090003937483,595108.9375,55763.03515625,-658599.875
0.0142099997028708,594984,55973.61328125,-658684.4375
0.014210999943316,594854.9375,56188.80078125,-658769.625
0.0142120001837611,594722.1875,56408.63671875,-658856
0.0142130004242063,594586.0625,56633.1171875,-658943.9375
0.0142139997333288,594447.0625,56862.2265625,-659033.8125
0.014214999973774,594305.4375,57095.9140625,-659125.875
0.0142160002142191,594161.5625,57334.1171875,-659220.5
0.0142170004546642,594015.75,57576.765625,-659317.875
0.0142179997637868,593868.1875,57823.765625,-659418.1875
0.0142190000042319,593719.125,58075.0234375,-659521.5
0.0142200002446771,593568.8125,58330.4453125,-659628.0625
0.0142209995537996,593417.4375,58589.92578125,-659737.875
0.0142219997942448,593265.0625,58853.39453125,-659851
0.0142230000346899,593111.8125,59120.78515625,-659967.5625
0.014224000275135,592957.8125,59392.06640625,-660087.5
0.0142249995842576,592803.0625,59667.20703125,-660210.875
0.0142259998247027,592647.6875,59946.18359375,-660337.6875
0.0142270000651479,592491.625,60228.9609375,-660468
0.014228000305593,592335,60515.46875,-660601.75
0.0142289996147156,592177.75,60805.59765625,-660738.875
0.0142299998551607,592020.0625,61099.21875,-660879.3125
0.0142310000956059,591861.9375,61396.17578125,-661022.9375
0.014232000336051,591703.4375,61696.328125,-661169.6875
0.0142329996451735,591544.625,61999.5234375,-661319.4375
0.0142339998856187,591385.5,62305.64453125,-661472.0625
0.0142350001260638,591226.1875,62614.56640625,-661627.5625
0.014236000366509,591066.5625,62926.16015625,-661785.75
0.0142369996756315,590906.875,63240.24609375,-661946.5625
0.0142379999160767,590747.0625,63556.60546875,-662109.8125
0.0142390001565218,590587.25,63874.93359375,-662275.3125
0.0142400003969669,590427.6875,64194.8515625,-662442.8125
0.0142409997060895,590268.5625,64515.92578125,-662612.125
0.0142419999465346,590110,64837.67578125,-662783
0.0142430001869798,589952.3125,65159.609375,-662955.125
0.0142440004274249,589795.6875,65481.25,-663128.1875
0.0142449997365475,589640.375,65802.1484375,-663302.0625
0.0142459999769926,589486.5,66121.8984375,-663476.4375
0.0142470002174377,589334.375,66440.1484375,-663651.25
0.0142480004578829,589184.1875,66756.578125,-663826.25
0.0142489997670054,589036,67070.890625,-664001.3125
0.0142500000074506,588890.0625,67382.8125,-664176.3125
0.0142510002478957,588746.5,67692.0859375,-664351.125
0.0142519995570183,588605.5625,67998.4453125,-664525.75
0.0142529997974634,588467.4375,68301.6484375,-664700
0.0142540000379086,588332.1875,68601.46875,-664873.8125
0.0142550002783537,588200.0625,68897.703125,-665047.125
0.0142559995874763,588071.1875,69190.2265625,-665219.9375
0.0142569998279214,587945.625,69478.921875,-665392.1875
0.0142580000683665,587823.4375,69763.7890625,-665563.875
0.0142590003088117,587704.625,70044.859375,-665735.125
0.0142599996179342,587589.25,70322.25,-665905.875
0.0142609998583794,587477.1875,70596.125,-666076.25
0.0142620000988245,587368.3125,70866.71875,-666246.4375
0.0142630003392696,587262.5625,71134.2890625,-666416.375
0.0142639996483922,587159.6875,71399.125,-666586.3125
0.0142649998888373,587059.5,71661.5546875,-666756.25
0.0142660001292825,586961.875,71921.890625,-666926.25
0.0142670003697276,586866.5,72180.46875,-667096.5
0.0142679996788502,586773.0625,72437.625,-667267
0.0142689999192953,586681.4375,72693.6796875,-667437.8125
0.0142700001597404,586591.1875,72948.984375,-667609
0.0142710004001856,586502.125,73203.859375,-667780.5
0.0142719997093081,586413.875,73458.640625,-667952.4375
0.0142729999497533,586326.1875,73713.65625,-668124.75
0.0142740001901984,586238.6875,73969.234375,-668297.5
0.0142750004306436,586151.0625,74225.703125,-668470.75
0.0142759997397661,586063.0625,74483.375,-668644.375
0.0142769999802113,585974.375,74742.546875,-668818.4375
0.0142780002206564,585884.6875,75003.515625,-668993.0625
0.0142790004611015,585793.6875,75266.5546875,-669168.125
0.0142799997702241,585701.1875,75531.9375,-669343.625
0.0142810000106692,585606.9375,75799.90625,-669519.75
0.0142820002511144,585510.75,76070.65625,-669696.3125
0.0142829995602369,585412.375,76344.3203125,-669873.375
0.0142839998006821,585311.75,76620.8671875,-670050.875
0.0142850000411272,585209,76900.1171875,-670228.6875
0.0142860002815723,585104.0625,77181.734375,-670406.5
0.0142869995906949,584997.125,77465.359375,-670584.125
0.01428799983114,584888.3125,77750.7109375,-670761.4375
0.0142890000715852,584777.4375,78037.7890625,-670938.3125
0.0142900003120303,584664.4375,78326.890625,-671114.9375
0.0142909996211529,584548.9375,78618.625,-671291.5
0.014291999861598,584430.625,78913.6640625,-671468.375
0.0142930001020432,584309.0625,79212.5390625,-671645.75
0.0142940003424883,584184.25,79515.390625,-671823.6875
0.0142949996516109,584056.1875,79821.921875,-672001.9375
0.014295999892056,583925.25,80131.421875,-672180.125
0.0142970001325011,583791.75,80442.9921875,-672357.875
0.0142980003729463,583656,80755.8046875,-672534.625
0.0142989996820688,583518.25,81069.3046875,-672710.0625
0.014299999922514,583378.4375,81383.3203125,-672884
0.0143010001629591,583236.5,81698.0546875,-673056.5
0.0143020004034042,583092,82013.9140625,-673227.6875
0.0143029997125268,582944.8125,82331.34375,-673397.625
0.0143039999529719,582794.625,82650.5859375,-673566.4375
0.0143050001934171,582641.4375,82971.578125,-673734
0.0143060004338622,582485.4375,83293.875,-673900
0.0143069997429848,582326.8125,83616.7109375,-674064
0.0143079999834299,582166.0625,83939.1015625,-674225.5625
0.014309000223875,582003.6875,84260,-674384.0625
0.0143100004643202,581840.125,84578.4609375,-674539.0625
0.0143109997734427,581675.6875,84893.7578125,-674690.25
0.0143120000138879,581510.6875,85205.46875,-674837.375
0.014313000254333,581345.125,85513.515625,-674980.4375
0.0143139995634556,581179,85818.171875,-675119.5625
0.0143149998039007,581012.125,86119.9609375,-675255.1875
0.0143160000443459,580844.25,86419.625,-675387.625
0.014317000284791,580675.0625,86718.0078125,-675517.5625
0.0143179995939136,580504.3125,87015.9765625,-675645.375
0.0143189998343587,580331.75,87314.3359375,-675771.625
0.0143200000748038,580157.125,87613.75,-675896.9375
0.014321000315249,579980.5,87914.7421875,-676021.5625
0.0143219996243715,579801.75,88217.6328125,-676145.9375
0.0143229998648167,579621.125,88522.546875,-676270.3125
0.0143240001052618,579438.75,88829.4140625,-676394.875
0.0143250003457069,579255,89137.9765625,-676519.625
0.0143259996548295,579070.1875,89447.8046875,-676644.625
0.0143269998952746,578884.875,89758.3203125,-676769.75
0.0143280001357198,578699.5,90068.8046875,-676894.8125
0.0143290003761649,578514.6875,90378.3984375,-677019.625
0.0143299996852875,578331.0625,90686.1171875,-677143.8125
0.0143309999257326,578149.1875,90990.8828125,-677266.9375
0.0143320001661777,577969.8125,91291.53125,-677388.5
0.0143330004066229,577793.625,91586.8125,-677508.0625
0.0143339997157454,577621.25,91875.4609375,-677625.0625
0.0143349999561906,577453.375,92156.203125,-677738.75
0.0143360001966357,577290.625,92427.8125,-677848.625
0.0143370004370809,577133.5625,92689.1484375,-677954.125
0.0143379997462034,576982.6875,92939.203125,-678054.625
0.0143389999866486,576838.25,93177.1796875,-678149.6875
0.0143400002270937,576700.625,93402.4609375,-678239
0.0143409995362163,576569.875,93614.7421875,-678322.1875
0.0143419997766614,576446,93813.96875,-678399.1875
0.0143430000171065,576328.6875,94000.390625,-678469.9375
0.0143440002575517,576217.6875,94174.578125,-678534.625
0.0143449995666742,576112.4375,94337.359375,-678593.5
0.0143459998071194,576012.4375,94489.8359375,-678647
0.0143470000475645,575916.8125,94633.328125,-678695.6875
0.0143480002880096,575824.875,94769.3359375,-678740.0625
0.0143489995971322,575735.75,94899.484375,-678780.9375
0.0143499998375773,575648.5,95025.4609375,-678819
0.0143510000780225,575562.25,95148.984375,-678855.0625
0.0143520003184676,575476.0625,95271.7109375,-678889.8125
0.0143529996275902,575389.25,95395.2265625,-678924
0.0143539998680353,575300.875,95520.9765625,-678958.25
0.0143550001084805,575210.375,95650.2265625,-678993.1875
0.0143560003489256,575117.0625,95784.0703125,-679029.3125
0.0143569996580482,575020.5,95923.3671875,-679067
0.0143579998984933,574920.1875,96068.7578125,-679106.4375
0.0143590001389384,574815.875,96220.65625,-679147.75
0.0143600003793836,574707.3125,96379.2578125,-679191
0.0143609996885061,574594.3125,96544.5546875,-679236.125
0.0143619999289513,574476.875,96716.3359375,-679282.8125
0.0143630001693964,574355,96894.234375,-679330.75
0.0143640004098415,574228.6875,97077.734375,-679379.625
0.0143649997189641,574098.1875,97266.203125,-679428.9375
0.0143659999594092,573963.625,97458.9140625,-679478.1875
0.0143670001998544,573825.1875,97655.0859375,-679526.875
0.0143680004402995,573683.1875,97853.890625,-679574.5
0.0143689997494221,573537.875,98054.5078125,-679620.5
0.0143699999898672,573389.625,98256.109375,-679664.375
0.0143710002303123,573238.75,98457.90625,-679705.75
0.0143719995394349,573085.5,98659.140625,-679744.125
0.01437299977988,572930.3125,98859.1328125,-679779.3125
0.0143740000203252,572773.5625,99057.265625,-679810.9375
0.0143750002607703,572615.5625,99253.015625,-679838.8125
0.0143759995698929,572456.625,99445.921875,-679862.875
0.014376999810338,572297.1875,99635.6328125,-679883.125
0.0143780000507832,572137.5,99821.8984375,-679899.5
0.0143790002912283,571977.9375,100004.5390625,-679912.1875
0.0143799996003509,571818.75,100183.4765625,-679921.375
0.014380999840796,571660.1875,100358.7265625,-679927.25
0.0143820000812411,571502.5625,100530.3671875,-679930.1875
0.0143830003216863,571346,100698.546875,-679930.4375
0.0143839996308088,571190.6875,100863.515625,-679928.4375
0.014384999871254,571036.8125,101025.53125,-679924.5
0.0143860001116991,570884.5,101184.9609375,-679919
0.0143870003521442,570733.6875,101342.1796875,-679912.5
0.0143879996612668,570584.4375,101497.6328125,-679905.25
0.0143889999017119,570436.6875,101651.78125,-679897.8125
0.0143900001421571,570290.4375,101805.1328125,-679890.4375
0.0143910003826022,570145.5,101958.21875,-679883.5625
0.0143919996917248,570001.75,102111.5859375,-679877.625
0.0143929999321699,569858.9375,102265.8125,-679872.8125
0.0143940001726151,569716.8125,102421.4609375,-679869.625
0.0143950004130602,569575.1875,102579.109375,-679868.1875
0.0143959997221828,569433.625,102739.3515625,-679868.875
0.0143969999626279,569291.875,102902.75,-679871.875
0.014398000203073,569149.6875,103069.875,-679877.4375
0.0143990004435182,569006.5625,103241.2734375,-679885.75
0.0143999997526407,568862.1875,103417.46875,-679897
0.0144009999930859,568716.3125,103598.9765625,-679911.3125
0.014402000233531,568568.4375,103786.265625,-679928.9375
0.0144029995426536,568418.375,103979.796875,-679949.875
0.0144039997830987,568265.75,104179.96875,-679974.25
0.0144050000235438,568110.1875,104387.15625,-680002.25
0.014406000263989,567951.5,104601.6875,-680033.8125
0.0144069995731115,567789.4375,104823.8359375,-680069.0625
0.0144079998135567,567623.75,105053.84375,-680107.9375
0.0144090000540018,567454.25,105291.8828125,-680150.625
0.0144100002944469,567280.75,105538.1015625,-680196.9375
0.0144109996035695,567103.125,105792.6328125,-680246.9375
0.0144119998440146,566921.1875,106055.6328125,-680300.6875
0.0144130000844598,566734.75,106327.3828125,-680358.1875
0.0144140003249049,566543.5,106608.328125,-680419.6875
0.0144149996340275,566347.0625,106898.9765625,-680485.25
0.0144159998744726,566145.25,107199.6171875,-680555
0.0144170001149178,565938.25,107509.7265625,-680628.6875
0.0144180003553629,565726.875,107827.3671875,-680705.3125
0.0144189996644855,565512.9375,108148.8515625,-680783
0.0144199999049306,565298.6875,108469.2109375,-680859.3125
0.0144210001453757,565086.4375,108783.5625,-680931.8125
0.0144220003858209,564877.625,109089.0546875,-680999.0625
0.0144229996949434,564671.625,109386.7734375,-681061.5
0.0144239999353886,564465.625,109682.5859375,-681121.8125
0.0144250001758337,564254.75,109986.484375,-681184.8125
0.0144260004162788,564033.1875,110310.4765625,-681256.125
0.0144269997254014,563795.5,110665.5625,-681341.1875
0.0144279999658465,563538.125,111058.828125,-681443.4375
0.0144290002062917,563260.4375,111491.4375,-681563.4375
0.0144300004467368,562964.75,111958.078125,-681698.625
0.0144309997558594,562656.375,112447.796875,-681843.9375
0.0144319999963045,562342.1875,112945.9296875,-681992.1875
0.0144330002367496,562030,113436.5546875,-682135.75
0.0144339995458722,561726.8125,113904.921875,-682267.375
0.0144349997863173,561438.4375,114339.4140625,-682381.375
0.0144360000267625,561168.375,114732.796875,-682474.1875
0.0144370002672076,560918,115082.7109375,-682544.5
0.0144379995763302,560686.3125,115391.421875,-682593.25
0.0144389998167753,560470.5,115665.0859375,-682623.3125
0.0144400000572205,560266.3125,115912.6171875,-682638.875
0.0144410002976656,560068.875,116144.5,-682645.0625
0.0144419996067882,559873,116371.578125,-682647
0.0144429998472333,559673.8125,116604.0546875,-682649.6875
0.0144440000876784,559467.0625,116850.7578125,-682657.5625
0.0144450003281236,559249.4375,117118.6640625,-682674.0625
0.0144459996372461,559018.5625,117412.71875,-682701.75
0.0144469998776913,558773.0625,117735.8828125,-682742.25
0.0144480001181364,558512.3125,118089.3203125,-682796.3125
0.0144490003585815,558236.5625,118472.6875,-682864.0625
0.0144499996677041,557946.625,118884.453125,-682944.9375
0.0144509999081492,557643.6875,119322.1953125,-683038
0.0144520001485944,557329.375,119782.84375,-683142
0.0144530003890395,557005.5,120262.8515625,-683255.4375
0.0144539996981621,556674.0625,120758.3515625,-683376.6875
0.0144549999386072,556337.3125,121265.1953125,-683504
0.0144560001790524,555997.5625,121779.0546875,-683635.5625
0.0144570004194975,555657.1875,122295.4296875,-683769.4375
0.0144579997286201,555318.8125,122809.7265625,-683903.75
0.0144589999690652,554985,123317.34375,-684036.5
0.0144600002095103,554658.1875,123813.765625,-684165.8125
0.0144610004499555,554340.9375,124294.6953125,-684289.9375
0.014461999759078,554035.4375,124756.1953125,-684407.0625
0.0144629999995232,553743.625,125194.828125,-684515.875
0.0144640002399683,553467.1875,125607.828125,-684615
0.0144649995490909,553207.3125,125993.1640625,-684703.625
0.014465999789536,552964.625,126349.71875,-684781.1875
0.0144670000299811,552739.375,126677.265625,-684847.5625
0.0144680002704263,552531.25,126976.546875,-684902.875
0.0144689995795488,552339.375,127249.2265625,-684947.875
0.014469999819994,552162.625,127497.8515625,-684983.6875
0.0144710000604391,551999.3125,127725.734375,-685011.75
0.0144720003008842,551847.5,127936.84375,-685033.9375
0.0144729996100068,551705.0625,128135.640625,-685052.375
0.0144739998504519,551569.75,128326.9140625,-685069.4375
0.0144750000908971,551439.3125,128515.6328125,-685087.625
0.0144760003313422,551311.5625,128706.734375,-685109.625
0.0144769996404648,551184.25,128905.0078125,-685137.875
0.0144779998809099,551055.5625,129114.890625,-685174.9375
0.0144790001213551,550923.8125,129340.4140625,-685223.125
0.0144800003618002,550787.4375,129585.0234375,-685284.4375
0.0144809996709228,550645.375,129851.5625,-685360.5
0.0144819999113679,550496.625,130142.1875,-685452.8125
0.014483000151813,550340.625,130458.375,-685562.1875
0.0144840003922582,550176.9375,130800.8828125,-685689.1875
0.0144849997013807,550005.375,131169.8125,-685833.9375
0.0144859999418259,549826.0625,131564.65625,-685996.125
0.014487000182271,549639.25,131984.296875,-686175.0625
0.0144880004227161,549445.3125,132427.125,-686369.8125
0.0144889997318387,549244.8125,132891.140625,-686578.9375
0.0144899999722838,549038.5,133373.921875,-686801.0625
0.014491000212729,548827.0625,133872.8125,-687034.375
0.0144920004531741,548611.375,134384.9375,-687277.0625
0.0144929997622967,548392.4375,134907.296875,-687527.125
0.0144940000027418,548171.1875,135436.828125,-687782.6875
0.014495000243187,547948.6875,135970.453125,-688041.8125
0.0144959995523095,547726,136505.109375,-688302.5625
0.0144969997927547,547504.25,137037.859375,-688563.125
0.0144980000331998,547284.4375,137565.890625,-688821.8125
0.0144990002736449,547067.625,138086.515625,-689077
0.0144999995827675,546854.9375,138597.265625,-689327.375
0.0145009998232126,546647.3125,139095.875,-689571.5
0.0145020000636578,546445.625,139580.328125,-689808.3125
0.0145030003041029,546250.8125,140048.796875,-690036.875
0.0145039996132255,546063.5625,140499.78125,-690256.3125
0.0145049998536706,545884.625,140932.015625,-690465.9375
0.0145060000941157,545714.5,141344.46875,-690665.25
0.0145070003345609,545553.625,141736.4375,-690853.8125
0.0145079996436834,545402.25,142107.453125,-691031.5
0.0145089998841286,545260.625,142457.328125,-691198.125
0.0145100001245737,545128.75,142786.125,-691353.6875
0.0145110003650188,545006.625,143094.15625,-691498.3125
0.0145119996741414,544893.875,143381.984375,-691632.3125
0.0145129999145865,544790.375,143650.375,-691756
0.0145140001550317,544695.5625,143900.3125,-691869.8125
0.0145150003954768,544608.9375,144132.953125,-691974.375
0.0145159997045994,544529.9375,144349.625,-692070.25
0.0145169999450445,544457.8125,144551.796875,-692158.125
0.0145180001854897,544391.9375,144741.046875,-692238.875
0.0145190004259348,544331.375,144919.0625,-692313.1875
0.0145199997350574,544275.375,145087.5625,-692382
0.0145209999755025,544223,145248.34375,-692446.125
0.0145220002159476,544173.5,145403.234375,-692506.5625
0.0145230004563928,544125.9375,145554.015625,-692564.125
0.0145239997655153,544079.375,145702.46875,-692619.75
0.0145250000059605,544033.0625,145850.3125,-692674.25
0.0145260002464056,543986.0625,145999.21875,-692728.4375
0.0145269995555282,543937.6875,146150.765625,-692783.1875
0.0145279997959733,543887,146306.4375,-692839.125
0.0145290000364184,543833.375,146467.59375,-692897
0.0145300002768636,543776.125,146635.484375,-692957.3125
0.0145309995859861,543714.5,146811.234375,-693020.625
0.0145319998264313,543648,146995.8125,-693087.375
0.0145330000668764,543576.125,147190.046875,-693157.9375
0.0145340003073215,543498.3125,147394.625,-693232.5
0.0145349996164441,543414.125,147610.109375,-693311.375
0.0145359998568892,543323.3125,147836.859375,-693394.625
0.0145370000973344,543225.5,148075.15625,-693482.1875
0.0145380003377795,543120.4375,148325.09375,-693574.125
0.0145389996469021,543008,148586.65625,-693670.1875
0.0145399998873472,542888.0625,148859.703125,-693770.3125
0.0145410001277924,542760.5625,149143.953125,-693874.1875
0.0145420003682375,542625.4375,149439.015625,-693981.5
0.0145429996773601,542482.8125,149744.40625,-694091.875
0.0145439999178052,542332.8125,150059.515625,-694204.8125
0.0145450001582503,542175.5625,150383.59375,-694319.9375
0.0145460003986955,542011.375,150715.71875,-694436.625
0.014546999707818,541840.6875,151054.6875,-694554.125
0.0145479999482632,541664,151399.046875,-694671.6875
0.0145490001887083,541482.0625,151747.171875,-694788.3125
0.0145500004291534,541295.3125,152097.78125,-694903.375
0.014550999738276,541103.875,152450.578125,-695016.5
0.0145519999787211,540906.9375,152806.875,-695128.3125
0.0145530002191663,540702.9375,153169.734375,-695240.125
0.0145540004596114,540489.875,153543.25,-695353.875
0.014554999768734,540266.0625,153930.75,-695471.125
0.0145560000091791,540031.125,154332.75,-695592.0625
0.0145570002496243,539787,154745.140625,-695714.75
0.0145579995587468,539538,155159,-695834.8125
0.014558999799192,539290.125,155561.828125,-695946.3125
0.0145600000396371,539049.875,155940.34375,-696042.6875
0.0145610002800822,538822.5,156283.6875,-696118.625
0.0145619995892048,538611,156586.0625,-696171.375
0.0145629998296499,538415.1875,156848.09375,-696201
0.0145640000700951,538232.0625,157076.546875,-696210.8125
0.0145650003105402,538056.1875,157282.796875,-696206.125
0.0145659996196628,537881.1875,157480.46875,-696193.6875
0.0145669998601079,537700.5625,157683.03125,-696179.9375
0.014568000100553,537509,157901.84375,-696170.5625
0.0145690003409982,537302.625,158144.828125,-696169.5
0.0145699996501207,537079.625,158416.09375,-696178.9375
0.0145709998905659,536839.75,158715.921875,-696199.3125
0.014572000131011,536584.5625,159041.40625,-696229.3125
0.0145730003714561,536316.625,159387.21875,-696266.75
0.0145739996805787,536039.5,159746.4375,-696308.4375
0.0145749999210238,535756.9375,160111.265625,-696350.8125
0.014576000161469,535473.125,160473.703125,-696390.1875
0.0145770004019141,535191.875,160826.046875,-696423.0625
0.0145779997110367,534916.75,161161.3125,-696446.25
0.0145789999514818,534651,161473.53125,-696456.9375
0.014580000191927,534397.1875,161757.9375,-696452.9375
0.0145810004323721,534157.25,162011.140625,-696432.875
0.0145819997414947,533932.4375,162231.171875,-696395.9375
0.0145829999819398,533723.375,162417.484375,-696342
0.0145840002223849,533530.0625,162570.890625,-696271.625
0.0145850004628301,533351.9375,162693.453125,-696186.0625
0.0145859997719526,533187.6875,162788.328125,-696087.0625
0.0145870000123978,533035.8125,162859.5625,-695976.8125
0.0145880002528429,532894.25,162911.921875,-695857.75
0.0145889995619655,532760.6875,162950.59375,-695732.5625
0.0145899998024106,532632.5625,162981.046875,-695604
0.0145910000428557,532507.3125,163008.8125,-695474.75
0.0145920002833009,532382.1875,163039.265625,-695347.375
0.0145929995924234,532254.625,163077.5,-695224.375
0.0145939998328686,532122.25,163128.171875,-695107.8125
0.0145950000733137,531982.8125,163195.421875,-694999.8125
0.0145960003137589,531834.625,163282.8125,-694902
0.0145969996228814,531676.1875,163393.203125,-694815.9375
0.0145979998633265,531506.4375,163528.84375,-694742.9375
0.0145990001037717,531324.8125,163691.28125,-694684.0625
0.0146000003442168,531131.25,163881.4375,-694640.25
0.0146009996533394,530925.9375,164099.578125,-694612.1875
0.0146019998937845,530709.625,164345.40625,-694600.3125
0.0146030001342297,530483.0625,164618.0625,-694605
0.0146040003746748,530247.625,164916.234375,-694626.1875
0.0146049996837974,530004.4375,165238.1875,-694663.625
0.0146059999242425,529755,165581.84375,-694716.8125
0.0146070001646876,529500.6875,165944.859375,-694784.9375
0.0146080004051328,529242.875,166324.65625,-694867
0.0146089997142553,528982.8125,166718.546875,-694961.5625
0.0146099999547005,528721.5625,167123.78125,-695067.1875
0.0146110001951456,528460.1875,167537.578125,-695182.1875
0.0146120004355907,528199.4375,167957.234375,-695304.625
0.0146129997447133,527939.875,168380.125,-695432.6875
0.0146139999851584,527682.125,168803.765625,-695564.3125
0.0146150002256036,527426.4375,169225.84375,-695697.6875
0.0146159995347261,527173.1875,169644.25,-695830.9375
0.0146169997751713,526922.5,170057.078125,-695962.3125
0.0146180000156164,526674.5,170462.671875,-696090.3125
0.0146190002560616,526429.4375,170859.578125,-696213.5625
0.0146199995651841,526187.375,171246.578125,-696331
0.0146209998056293,525948.5625,171622.703125,-696441.6875
0.0146220000460744,525713.125,171987.1875,-696545.125
0.0146230002865195,525481.4375,172339.484375,-696640.875
0.0146239995956421,525253.6875,172679.28125,-696728.8125
0.0146249998360872,525030.375,173006.4375,-696809.125
0.0146260000765324,524811.6875,173321.03125,-696882.1875
0.0146270003169775,524598.125,173623.296875,-696948.5
0.0146279996261001,524390.0625,173913.6875,-697008.75
0.0146289998665452,524187.8125,174192.78125,-697063.8125
0.0146300001069903,523991.6875,174461.359375,-697114.6875
0.0146310003474355,523801.875,174720.328125,-697162.4375
0.014631999656558,523618.53125,174970.75,-697208.0625
0.0146329998970032,523441.65625,175213.8125,-697252.8125
0.0146340001374483,523271.15625,175450.796875,-697297.75
0.0146350003778934,523106.84375,175683.109375,-697344
0.014635999687016,522948.3125,175912.25,-697392.625
0.0146369999274611,522795.09375,176139.71875,-697444.5625
0.0146380001679063,522646.5625,176367.109375,-697500.875
0.0146390004083514,522502,176595.984375,-697562.25
0.014639999717474,522360.59375,176827.921875,-697629.4375
0.0146409999579191,522221.375,177064.453125,-697703.0625
0.0146420001983643,522083.375,177307.015625,-697783.5
0.0146430004388094,521945.5625,177556.984375,-697871.1875
0.014643999747932,521806.9375,177815.609375,-697966.3125
0.0146449999883771,521666.375,178084,-698069
0.0146460002288222,521522.90625,178363.09375,-698179.125
0.0146469995379448,521375.5625,178653.671875,-698296.5625
0.0146479997783899,521223.4375,178956.3125,-698421.0625
0.0146490000188351,521065.71875,179271.421875,-698552.3125
0.0146500002592802,520901.6875,179599.140625,-698689.75
0.0146509995684028,520730.78125,179939.46875,-698832.9375
0.0146519998088479,520552.53125,180292.171875,-698981.125
0.014653000049293,520366.65625,180656.78125,-699133.75
0.0146540002897382,520172.96875,181032.65625,-699290
0.0146549995988607,519971.46875,181419,-699449.125
0.0146559998393059,519762.28125,181814.75,-699610.3125
0.014657000079751,519545.71875,182218.78125,-699772.75
0.0146580003201962,519322.1875,182629.75,-699935.6875
0.0146589996293187,519092.28125,183046.203125,-700098.125
0.0146599998697639,518856.625,183466.59375,-700259.375
0.014661000110209,518616.125,183889.21875,-700418.625
0.0146620003506541,518371.59375,184312.390625,-700575.0625
0.0146629996597767,518124.15625,184734.28125,-700727.9375
0.0146639999002218,517874.8125,185153.0625,-700876.5
0.014665000140667,517624.78125,185566.890625,-701020.125
0.0146660003811121,517375.25,185973.9375,-701158.1875
0.0146669996902347,517127.46875,186372.375,-701290.125
0.0146679999306798,516882.6875,186760.421875,-701415.375
0.0146690001711249,516642.25,187136.34375,-701533.5
0.0146700004115701,516407.34375,187498.546875,-701644.0625
0.0146709997206926,516179.25,187845.453125,-701746.8125
0.0146719999611378,515959.1875,188175.640625,-701841.4375
0.0146730002015829,515748.25,188487.84375,-701927.6875
0.014674000442028,515547.5,188780.875,-702005.4375
0.0146749997511506,515357.96875,189053.734375,-702074.6875
0.0146759999915957,515180.53125,189305.625,-702135.3125
0.0146770002320409,515015.96875,189535.84375,-702187.375
0.0146779995411634,514864.96875,189743.9375,-702231.0625
0.0146789997816086,514728.03125,189929.5625,-702266.4375
0.0146800000220537,514605.625,190092.546875,-702293.75
0.0146810002624989,514498.09375,190232.796875,-702313.0625
0.0146819995716214,514405.65625,190350.34375,-702324.6875
0.0146829998120666,514328.4375,190445.40625,-702328.75
0.0146840000525117,514266.21875,190518.609375,-702325.6875
0.0146850002929568,514218.4375,190571.3125,-702316.125
0.0146859996020794,514184,190605.75,-702301.0625
0.0146869998425245,514161.34375,190625.015625,-702281.875
0.0146880000829697,514148.6875,190632.5,-702260.125
0.0146890003234148,514144.40625,190631.09375,-702236.9375
0.0146899996325374,514147.5,190622.25,-702212.75
0.0146909998729825,514157.84375,190605.484375,-702187.0625
0.0146920001134276,514176.125,190578.578125,-702158.375
0.0146930003538728,514203.40625,190538.375,-702124.8125
0.0146939996629953,514240.53125,190482.125,-702084.5
0.0146949999034405,514287.53125,190408.734375,-702036.375
0.0146960001438856,514343.09375,190319.671875,-701980.625
0.0146970003843307,514404.6875,190219.09375,-701918.625
0.0146979996934533,514468.5625,190113.375,-701852.875
0.0146989999338984,514530.40625,190010.171875,-701786.4375
0.0147000001743436,514585.78125,189917.21875,-701722.375
0.0147010004147887,514630.6875,189841.359375,-701663.5625
0.0147019997239113,514661.875,189787.765625,-701611.8125
0.0147029999643564,514677.09375,189759.71875,-701568.25
0.0147040002048016,514674.90625,189758.640625,-701533
0.0147050004452467,514654.6875,189784.421875,-701505.5625
0.0147059997543693,514616.34375,189835.96875,-701484.875
0.0147069999948144,514559.96875,189911.734375,-701469.875
0.0147080002352595,514485.8125,190010.171875,-701459.3125
0.0147089995443821,514393.9375,190130.09375,-701452.25
0.0147099997848272,514284.25,190270.796875,-701448.0625
0.0147110000252724,514156.4375,190432.09375,-701446.375
0.0147120002657175,514010.09375,190614.265625,-701447.0625
0.0147129995748401,513844.71875,190817.8125,-701450.25
0.0147139998152852,513659.84375,191043.265625,-701456.0625
0.0147150000557303,513455.1875,191290.96875,-701464.625
0.0147160002961755,513230.71875,191560.90625,-701475.9375
0.014716999605298,512986.625,191852.609375,-701489.8125
0.0147179998457432,512723.5,192165.125,-701506
0.0147190000861883,512442.09375,192497.0625,-701523.9375
0.0147200003266335,512143.5,192846.65625,-701543.0625
0.014720999635756,511828.90625,193212.03125,-701562.8125
0.0147219998762012,511499.625,193591.21875,-701582.5625
0.0147230001166463,511156.96875,193982.453125,-701601.875
0.0147240003570914,510802.1875,194384.234375,-701620.625
0.014724999666214,510436.375,194795.484375,-701638.8125
0.0147259999066591,510060.5,195215.640625,-701656.75
0.0147270001471043,509675.3125,195644.59375,-701675.1875
0.0147280003875494,509281.34375,196082.75,-701694.9375
0.014728999696672,508878.96875,196530.9375,-701717.1875
0.0147299999371171,508468.4375,196990.265625,-701743.1875
0.0147310001775622,508049.875,197462.046875,-701774.3125
0.0147320004180074,507623.25,197947.625,-701811.875
0.0147329997271299,507188.71875,198448.28125,-701857.125
0.0147339999675751,506746.34375,198965,-701911.3125
0.0147350002080202,506296.40625,199498.46875,-701975.1875
0.0147360004484653,505839.34375,200048.890625,-702049.4375
0.0147369997575879,505375.8125,200615.90625,-702134.5
0.014737999998033,504906.71875,201198.625,-702230.375
0.0147390002384782,504433.3125,201795.578125,-702336.875
0.0147399995476007,503957.03125,202404.65625,-702453.4375
0.0147409997880459,503479.71875,203023.265625,-702579.375
0.014742000028491,503003.375,203648.296875,-702713.6875
0.0147430002689362,502530.28125,204276.296875,-702855.1875
0.0147439995780587,502062.875,204903.421875,-703002.6875
0.0147449998185039,501603.71875,205525.671875,-703154.75
0.014746000058949,501155.40625,206138.9375,-703309.875
0.0147470002993941,500720.625,206739.09375,-703466.6875
0.0147479996085167,500301.875,207322.125,-703623.625
0.0147489998489618,499901.5625,207884.21875,-703779.375
0.014750000089407,499521.9375,208421.828125,-703932.5
0.0147510003298521,499164.9375,208931.78125,-704081.75
0.0147519996389747,498832.25,209411.359375,-704226
0.0147529998794198,498525.21875,209858.25,-704364.1875
0.0147540001198649,498244.84375,210270.703125,-704495.4375
0.0147550003603101,497991.6875,210647.5,-704619
0.0147559996694326,497766.03125,210987.96875,-704734.25
0.0147569999098778,497567.6875,211291.9375,-704840.75
0.0147580001503229,497396.1875,211559.8125,-704938.1875
0.0147590003907681,497250.65625,211792.46875,-705026.375
0.0147599996998906,497129.90625,211991.25,-705105.4375
0.0147609999403358,497032.5,212157.890625,-705175.3125
0.0147620001807809,496956.71875,212294.5,-705236.4375
0.014763000421226,496900.6875,212403.5,-705289
0.0147639997303486,496862.3125,212487.546875,-705333.5625
0.0147649999707937,496839.46875,212549.484375,-705370.625
0.0147660002112389,496829.90625,212592.21875,-705400.75
0.014767000451684,496831.34375,212618.796875,-705424.6875
0.0147679997608066,496841.625,212632.203125,-705443
0.0147690000012517,496858.5,212635.40625,-705456.5625
0.0147700002416968,496879.96875,212631.296875,-705466.0625
0.0147709995508194,496904,212622.625,-705472.25
0.0147719997912645,496928.84375,212611.96875,-705475.9375
0.0147730000317097,496952.8125,212601.765625,-705477.875
0.0147740002721548,496974.4375,212594.203125,-705478.875
0.0147749995812774,496992.4375,212591.28125,-705479.5625
0.0147759998217225,497005.71875,212594.78125,-705480.75
0.0147770000621676,497013.28125,212606.234375,-705483
0.0147780003026128,497014.375,212627,-705487.0625
0.0147789996117353,497008.375,212658.1875,-705493.375
0.0147799998521805,496994.8125,212700.71875,-705502.5625
0.0147810000926256,496973.28125,212755.375,-705515.0625
0.0147820003330708,496943.53125,212822.71875,-705531.1875
0.0147829996421933,496905.3125,212903.15625,-705551.375
0.0147839998826385,496858.5625,212996.984375,-705575.6875
0.0147850001230836,496803.125,213104.34375,-705604.4375
0.0147860003635287,496739,213225.234375,-705637.5625
0.0147869996726513,496666.125,213359.5625,-705675.0625
0.0147879999130964,496584.5625,213507.15625,-705716.8125
0.0147890001535416,496494.25,213667.71875,-705762.625
0.0147900003939867,496395.21875,213840.90625,-705812.25
0.0147909997031093,496287.5,214026.28125,-705865.25
0.0147919999435544,496171.09375,214223.390625,-705921.375
0.0147930001839995,496046.03125,214431.671875,-705980.0625
0.0147940004244447,495912.40625,214650.59375,-706040.9375
0.0147949997335672,495770.25,214879.546875,-706103.5
0.0147959999740124,495619.65625,215117.90625,-706167.25
0.0147970002144575,495460.75,215365.015625,-706231.6875
0.0147980004549026,495293.6875,215620.234375,-706296.3125
0.0147989997640252,495118.65625,215882.921875,-706360.8125
0.0148000000044703,494937.875,216148.296875,-706422.6875
0.0148010002449155,494758.125,216402.3125,-706475.1875
0.014801999554038,494587.15625,216629.046875,-706510.625
0.0148029997944832,494425.84375,216826.9375,-706528.125
0.0148040000349283,494266.5625,217012.328125,-706535.6875
0.0148050002753735,494099.03125,217206.890625,-706543.8125
0.014805999584496,493916.28125,217425.53125,-706559.875
0.0148069998249412,493715.65625,217674.125,-706587.125
0.0148080000653863,493497.3125,217952.828125,-706625.9375
0.0148090003058314,493262.59375,218259.359375,-706675.6875
0.014809999614954,493013.28125,218590.6875,-706735.25
0.0148109998553991,492751.28125,218943.546875,-706803.5625
0.0148120000958443,492478.5,219314.78125,-706879.625
0.0148130003362894,492196.8125,219701.296875,-706962.25
0.014813999645412,491908,220100.203125,-707050.5625
0.0148149998858571,491613.84375,220508.84375,-707143.75
0.0148160001263022,491315.90625,220924.75,-707241
0.0148170003667474,491015.6875,221345.703125,-707341.6875
0.0148179996758699,490714.625,221769.734375,-707445.25
0.0148189999163151,490413.96875,222195.078125,-707551.25
0.0148200001567602,490114.8125,222620.21875,-707659.3125
0.0148210003972054,489818.25,223043.84375,-707769.125
0.0148219997063279,489525.125,223464.8125,-707880.4375
0.0148229999467731,489236.34375,223882.109375,-707993.0625
0.0148240001872182,488952.625,224294.828125,-708106.8125
0.0148250004276633,488674.71875,224702.125,-708221.5625
0.0148259997367859,488403.375,225103.203125,-708337.1875
0.014826999977231,488139.1875,225497.390625,-708453.6875
0.0148280002176762,487882.875,225884.15625,-708571.125
0.0148290004581213,487635.03125,226263.125,-708689.6875
0.0148299997672439,487396.375,226634.046875,-708809.75
0.014831000007689,487167.46875,226996.8125,-708931.75
0.0148320002481341,486948.96875,227351.421875,-709056.3125
0.0148329995572567,486741.4375,227697.8125,-709183.875
0.0148339997977018,486545.3125,228035.9375,-709314.8125
0.014835000038147,486360.90625,228365.609375,-709449.125
0.0148360002785921,486188.25,228686.59375,-709586.6875
0.0148369995877147,486027.03125,228998.578125,-709726.75
0.0148379998281598,485876.5625,229301.234375,-709868.375
0.0148390000686049,485735.75,229594.34375,-710010.25
0.0148400003090501,485603.1875,229877.734375,-710150.6875
0.0148409996181726,485477.09375,230151.453125,-710288
0.0148419998586178,485355.53125,230415.609375,-710420.3125
0.0148430000990629,485236.375,230670.453125,-710545.75
0.0148440003395081,485117.625,230916.328125,-710662.5625
0.0148449996486306,484997.40625,231153.546875,-710769.3125
0.0148459998890758,484874.0625,231382.4375,-710864.5625
0.0148470001295209,484746.3125,231603.234375,-710947.25
0.014848000369966,484613.21875,231816.109375,-711016.625
0.0148489996790886,484474.1875,232021.1875,-711072.25
0.0148499999195337,484329,232218.546875,-711113.875
0.0148510001599789,484177.8125,232408.21875,-711141.75
0.014852000400424,484020.96875,232590.296875,-711156.3125
0.0148529997095466,483859.09375,232764.921875,-711158.25
0.0148539999499917,483693.03125,232932.234375,-711148.5625
0.0148550001904368,483523.625,233092.515625,-711128.375
0.014856000430882,483351.9375,233246.03125,-711099.0625
0.0148569997400045,483179,233393.171875,-711061.875
0.0148579999804497,483005.875,233534.265625,-711018.25
0.0148590002208948,482833.65625,233669.703125,-710969.625
0.01486000046134,482663.34375,233799.8125,-710917.375
0.0148609997704625,482495.9375,233924.9375,-710862.8125
0.0148620000109076,482332.34375,234045.328125,-710807.0625
0.0148630002513528,482173.46875,234161.21875,-710751.1875
0.0148639995604753,482020,234272.8125,-710696.25
0.0148649998009205,481872.65625,234380.296875,-710643
0.0148660000413656,481731.9375,234483.828125,-710592.125
0.0148670002818108,481598.28125,234583.609375,-710544.25
0.0148679995909333,481471.96875,234679.8125,-710499.875
0.0148689998313785,481353.15625,234772.71875,-710459.4375
0.0148700000718236,481241.875,234862.640625,-710423.1875
0.0148710003122687,481138,234949.90625,-710391.4375
0.0148719996213913,481041.3125,235034.953125,-710364.3125
0.0148729998618364,480951.46875,235118.296875,-710342
0.0148740001022816,480867.96875,235200.46875,-710324.5625
0.0148750003427267,480790.28125,235282.0625,-710312.0625
0.0148759996518493,480717.78125,235363.734375,-710304.4375
0.0148769998922944,480649.75,235446.15625,-710301.75
0.0148780001327395,480585.40625,235530.015625,-710303.8125
0.0148790003731847,480523.9375,235616.046875,-710310.5625
0.0148799996823072,480464.5,235704.9375,-710321.9375
0.0148809999227524,480406.21875,235797.390625,-710337.6875
0.0148820001631975,480348.1875,235894.09375,-710357.625
0.0148830004036427,480289.5,235995.71875,-710381.5625
0.0148839997127652,480229.28125,236102.90625,-710409.25
0.0148849999532104,480166.65625,236216.28125,-710440.375
0.0148860001936555,480100.65625,236336.421875,-710474.75
0.0148870004341006,480030.46875,236463.921875,-710512
0.0148879997432232,479955.25,236599.28125,-710551.9375
0.0148889999836683,479874.1875,236742.9375,-710594.125
0.0148900002241135,479786.5625,236895.234375,-710638.25
0.0148910004645586,479691.71875,237056.40625,-710683.9375
0.0148919997736812,479589.0625,237226.5625,-710730.75
0.0148930000141263,479478.0625,237405.8125,-710778.25
0.0148940002545714,479358.1875,237594.203125,-710826.0625
0.014894999563694,479229,237791.796875,-710873.75
0.0148959998041391,479090,237998.71875,-710921.0625
0.0148970000445843,478940.75,238215.078125,-710967.6875
0.0148980002850294,478780.9375,238440.953125,-711013.3125
0.014898999594152,478610.1875,238676.359375,-711057.75
0.0148999998345971,478428.375,238921.203125,-711100.6875
0.0149010000750422,478235.28125,239175.296875,-711141.875
0.0149020003154874,478030.90625,239438.40625,-711181.0625
0.0149029996246099,477815.25,239710.296875,-711217.9375
0.0149039998650551,477588.28125,239990.8125,-711252.5
0.0149050001055002,477350,240279.921875,-711284.625
0.0149060003459454,477100.375,240577.703125,-711314.375
0.0149069996550679,476839.3125,240884.390625,-711342
0.0149079998955131,476566.78125,241200.296875,-711367.625
0.0149090001359582,476282.6875,241525.78125,-711391.6875
0.0149100003764033,475987.0625,241861.203125,-711414.4375
0.0149109996855259,475679.90625,242206.859375,-711436.25
0.014911999925971,475361.34375,242563.015625,-711457.5
0.0149130001664162,475031.5,242929.828125,-711478.4375
0.0149140004068613,474690.5625,243307.453125,-711499.5625
0.0149149997159839,474338.8125,243695.921875,-711521.0625
0.014915999956429,473976.5,244095.3125,-711543.3125
0.0149170001968741,473603.90625,244505.625,-711566.625
0.0149180004373193,473221.375,244926.8125,-711591.375
0.0149189997464418,472829.21875,245358.828125,-711617.75
0.014919999986887,472427.875,245801.5625,-711646.125
0.0149210002273321,472017.71875,246254.796875,-711676.625
0.0149219995364547,471599.21875,246718.25,-711709.5625
0.0149229997768998,471172.84375,247191.53125,-711745
0.014924000017345,470739.1875,247674.125,-711782.9375
0.0149250002577901,470298.78125,248165.4375,-711823.5
0.0149259995669127,469852.28125,248664.78125,-711866.5625
0.0149269998073578,469400.3125,249171.4375,-711912.0625
0.0149280000478029,468943.5,249684.578125,-711959.875
0.0149290002882481,468482.46875,250203.453125,-712009.8125
0.0149299995973706,468017.8125,250727.25,-712061.75
0.0149309998378158,467550.15625,251255.265625,-712115.5625
0.0149320000782609,467079.96875,251786.84375,-712171.0625
0.014933000318706,466607.75,252321.359375,-712228.0625
0.0149339996278286,466133.9375,252858.328125,-712286.625
0.0149349998682737,465658.90625,253397.3125,-712346.5625
0.0149360001087189,465183,253937.921875,-712407.9375
0.014937000349164,464706.53125,254479.890625,-712470.5625
0.0149379996582866,464229.71875,255022.9375,-712534.625
0.0149389998987317,463752.875,255566.8125,-712599.9375
0.0149400001391768,463276.1875,256111.3125,-712666.5625
0.014941000379622,462799.96875,256656.171875,-712734.5625
0.0149419996887445,462324.4375,257201.125,-712803.75
0.0149429999291897,461849.90625,257745.859375,-712874.25
0.0149440001696348,461376.65625,258290.015625,-712945.875
0.01494500041008,460905.03125,258833.15625,-713018.5
0.0149459997192025,460435.4375,259374.765625,-713092.0625
0.0149469999596477,459968.28125,259914.265625,-713166.375
0.0149480002000928,459504.03125,260451.015625,-713241.25
0.0149490004405379,459043.15625,260984.265625,-713316.375
0.0149499997496605,458586.21875,261513.234375,-713391.5
0.0149509999901056,458133.75,262037.0625,-713466.3125
0.0149520002305508,457686.34375,262554.84375,-713540.5
0.0149529995396733,457244.59375,263065.65625,-713613.75
0.0149539997801185,456809.09375,263568.5625,-713685.625
0.0149550000205636,456380.46875,264062.59375,-713755.875
0.0149560002610087,455959.28125,264546.8125,-713824
0.0149569995701313,455546.125,265020.375,-713889.75
0.0149579998105764,455141.5,265482.46875,-713952.8125
0.0149590000510216,454745.875,265932.375,-714012.875
0.0149600002914667,454359.6875,266369.40625,-714069.6875
0.0149609996005893,453983.3125,266793.15625,-714123.125
0.0149619998410344,453617,267203.15625,-714172.9375
0.0149630000814795,453260.9375,267599.21875,-714219.125
0.0149640003219247,452915.28125,267981.25,-714261.6875
0.0149649996310472,452580.03125,268349.3125,-714300.5
0.0149659998714924,452255.125,268703.59375,-714335.8125
0.0149670001119375,451940.46875,269044.375,-714367.6875
0.0149680003523827,451635.8125,269372.125,-714396.3125
0.0149689996615052,451340.90625,269687.40625,-714421.8125
0.0149699999019504,451055.34375,269990.78125,-714444.5
0.0149710001423955,450778.75,270282.96875,-714464.5
0.0149720003828406,450510.6875,270564.71875,-714482.125
0.0149729996919632,450250.59375,270836.78125,-714497.625
0.0149739999324083,449998,271099.90625,-714511.125
0.0149750001728535,449752.34375,271354.90625,-714522.9375
0.0149760004132986,449513,271602.46875,-714533.0625
0.0149769997224212,449279.46875,271843.34375,-714541.6875
0.0149779999628663,449051.15625,272078.1875,-714548.875
0.0149790002033114,448827.53125,272307.53125,-714554.6875
0.0149800004437566,448608,272531.90625,-714559.0625
0.0149809997528791,448392.09375,272751.75,-714561.875
0.0149819999933243,448179.28125,272967.40625,-714563.0625
0.0149830002337694,447969.1875,273179.15625,-714562.5
0.014983999542892,447761.3125,273387.25,-714559.875
0.0149849997833371,447555.28125,273591.8125,-714555.125
0.0149860000237823,447350.75,273792.9375,-714547.875
0.0149870002642274,447147.40625,273990.65625,-714537.875
0.01498799957335,446944.9375,274185.03125,-714525
0.0149889998137951,446743.125,274375.9375,-714508.8125
0.0149900000542402,446541.75,274563.375,-714489.1875
0.0149910002946854,446340.6875,274747.21875,-714465.8125
0.0149919996038079,446139.71875,274927.34375,-714438.4375
0.0149929998442531,445938.8125,275103.625,-714406.9375
0.0149940000846982,445737.90625,275275.90625,-714371.0625
0.0149950003251433,445536.90625,275444.09375,-714330.625
0.0149959996342659,445335.8125,275608.03125,-714285.5625
0.014996999874711,445134.625,275767.59375,-714235.6875
0.0149980001151562,444933.375,275922.71875,-714181
0.0149990003556013,444732.03125,276073.28125,-714121.375
0.0149999996647239,444530.65625,276219.28125,-714056.8125
0.015000999905169,444329.28125,276360.65625,-713987.375
0.0150020001456141,444127.9375,276497.40625,-713913
0.0150030003860593,443926.625,276629.5625,-713833.8125
0.0150039996951818,443725.375,276757.15625,-713749.8125
0.015004999935627,443524.1875,276880.21875,-713661.125
0.0150060001760721,443323.0625,276998.90625,-713567.8125
0.0150070004165173,443122,277113.3125,-713470
0.0150079997256398,442920.96875,277223.53125,-713367.75
0.015008999966085,442719.96875,277329.8125,-713261.25
0.0150100002065301,442518.90625,277432.25,-713150.6875
0.0150110004469752,442317.75,277531.125,-713036.125
0.0150119997560978,442116.40625,277626.625,-712917.75
0.0150129999965429,441914.875,277719,-712795.75
0.0150140002369881,441713.03125,277808.40625,-712670.1875
0.0150149995461106,441510.875,277895.03125,-712541.375
0.0150159997865558,441308.375,277979.0625,-712409.3125
0.0150170000270009,441105.4375,278060.78125,-712274.25
0.015018000267446,440901.90625,278140.71875,-712136.5
0.0150189995765686,440697.34375,278219.78125,-711996.6875
0.0150199998170137,440491.21875,278299.34375,-711855.4375
0.0150210000574589,440282.78125,278381.0625,-711713.6875
0.015022000297904,440071.375,278466.53125,-711572.4375
0.0150229996070266,439856.59375,278556.6875,-711432.125
0.0150239998474717,439638.625,278651.34375,-711292.8125
0.0150250000879169,439418.34375,278748.96875,-711154.0625
0.015026000328362,439197.03125,278847.03125,-711014.625
0.0150269996374846,438976.3125,278942.5,-710873.25
0.0150279998779297,438757.53125,279032.9375,-710728.875
0.0150290001183748,438541.375,279117.03125,-710581.0625
0.01503000035882,438327.78125,279195.40625,-710430.1875
0.0150309996679425,438115.71875,279270.40625,-710277.5
0.0150319999083877,437903.53125,279345.84375,-710125
0.0150330001488328,437689.1875,279426.125,-709974.9375
0.0150340003892779,437470.6875,279515.53125,-709829.5625
0.0150349996984005,437246.5,279617.5625,-709690.625
0.0150359999388456,437015.53125,279734.5,-709559.4375
0.0150370001792908,436777.46875,279867.21875,-709436.625
0.0150380004197359,436532.5,280015.46875,-709322.0625
0.0150389997288585,436281.15625,280178.0625,-709215.4375
0.0150399999693036,436024.34375,280353.375,-709116.0625
0.0150410002097487,435762.875,280539.625,-709023.125
0.0150420004501939,435497.59375,280735.28125,-708936
0.0150429997593164,435229.15625,280939.03125,-708854.125
0.0150439999997616,434958,281149.875,-708777
0.0150450002402067,434684.5625,281367.125,-708704.375
0.0150459995493293,434409.03125,281590.15625,-708636
0.0150469997897744,434131.8125,281818.40625,-708571.4375
0.0150480000302196,433853.1875,282051,-708510.4375
0.0150490002706647,433573.6875,282286.90625,-708452.4375
0.0150499995797873,433293.90625,282524.875,-708396.6875
0.0150509998202324,433014.5,282763.375,-708342.5
0.0150520000606775,432736.15625,283000.875,-708289
0.0150530003011227,432459.59375,283235.90625,-708235.4375
0.0150539996102452,432185.28125,283467.21875,-708181.0625
0.0150549998506904,431913.53125,283694.03125,-708125.4375
0.0150560000911355,431644.40625,283916.125,-708068.3125
0.0150570003315806,431377.625,284133.90625,-708009.6875
0.0150579996407032,431112.53125,284348.5,-707950.0625
0.0150589998811483,430848.1875,284561.59375,-707890.0625
0.0150600001215935,430583.375,284775.5,-707830.625
0.0150610003620386,430316.59375,284993,-707773
0.0150619996711612,430046.3125,285217.0625,-707718.5
0.0150629999116063,429770.84375,285450.75,-707668.4375
0.0150640001520514,429488.65625,285697.09375,-707624.1875
0.0150650003924966,429198.21875,285958.8125,-707586.9375
0.0150659997016191,428898.34375,286238.21875,-707557.8125
0.0150669999420643,428588.03125,286537.03125,-707537.5625
0.0150680001825094,428266.65625,286856.375,-707526.6875
0.0150690004229546,427933.875,287196.6875,-707525.4375
0.0150699997320771,427589.75,287557.78125,-707533.625
0.0150709999725223,427234.65625,287938.6875,-707550.875
0.0150720002129674,426869.25,288337.875,-707576.5
0.0150730004534125,426494.46875,288753.3125,-707609.375
0.0150739997625351,426111.5,289182.5,-707648.375
0.0150750000029802,425721.6875,289622.53125,-707692.125
0.0150760002434254,425326.46875,290070.40625,-707739.125
0.0150769995525479,424927.375,290522.9375,-707787.6875
0.0150779997929931,424525.96875,290976.875,-707836.375
0.0150790000334382,424123.6875,291429.1875,-707883.625
0.0150800002738833,423722.0625,291876.96875,-707928
0.0150809995830059,423322.375,292317.53125,-707968.1875
0.015081999823451,422925.9375,292748.625,-708003.1875
0.0150830000638962,422533.8125,293168.25,-708032.0625
0.0150840003043413,422146.9375,293574.9375,-708054.1875
0.0150849996134639,421766.125,293967.5625,-708069.25
0.015085999853909,421392,294345.53125,-708077
0.0150870000943542,421024.9375,294708.59375,-708077.75
0.0150880003347993,420665.28125,295057.0625,-708071.75
0.0150889996439219,420313.09375,295391.46875,-708059.6875
0.015089999884367,419968.28125,295712.875,-708042.375
0.0150910001248121,419630.6875,296022.5625,-708020.6875
0.0150920003652573,419299.90625,296322.125,-707995.8125
0.0150929996743798,418975.46875,296613.34375,-707968.875
0.015093999914825,418656.78125,296898.1875,-707941.1875
0.0150950001552701,418343.15625,297178.6875,-707914
0.0150960003957152,418033.84375,297457,-707888.625
0.0150969997048378,417728.0625,297735.125,-707866.25
0.0150979999452829,417425.03125,298015.15625,-707848
0.0150990001857281,417123.90625,298298.96875,-707835
0.0151000004261732,416823.96875,298588.3125,-707828.25
0.0151009997352958,416524.4375,298884.8125,-707828.5
0.0151019999757409,416224.6875,299189.78125,-707836.5
0.015103000216186,415924.125,299504.375,-707852.875
0.0151040004566312,415622.21875,299829.5,-707877.9375
0.0151049997657537,415318.625,300165.84375,-707912.0625
0.0151060000061989,415013.0625,300513.75,-707955.4375
0.015107000246644,414705.3125,300873.40625,-708008.125
0.0151079995557666,414395.375,301244.78125,-708070
0.0151089997962117,414083.3125,301627.59375,-708141.0625
0.0151100000366569,413769.28125,302021.375,-708220.9375
0.015111000277102,413453.59375,302425.46875,-708309.375
0.0151119995862246,413136.625,302839.125,-708406.125
0.0151129998266697,412818.84375,303261.34375,-708510.6875
0.0151140000671148,412500.8125,303691.09375,-708622.6875
0.01511500030756,412183.21875,304127.25,-708741.625
0.0151159996166825,411866.6875,304568.59375,-708867
0.0151169998571277,411551.96875,305013.8125,-708998.375
0.0151180000975728,411239.875,305461.65625,-709135.25
0.0151190003380179,410931.125,305910.71875,-709277.0625
0.0151199996471405,410626.53125,306359.75,-709423.25
0.0151209998875856,410326.8125,306807.34375,-709573.3125
0.0151220001280308,410032.75,307252.25,-709726.625
0.0151230003684759,409744.9375,307693.21875,-709882.625
0.0151239996775985,409464.0625,308129,-710040.75
0.0151249999180436,409190.625,308558.5,-710200.3125
0.0151260001584888,408925.09375,308980.625,-710360.75
0.0151270003989339,408667.84375,309394.4375,-710521.4375
0.0151279997080564,408419.125,309799,-710681.75
0.0151289999485016,408179.09375,310193.59375,-710841
0.0151300001889467,407947.875,310577.5,-710998.5
0.0151310004293919,407725.40625,310950.21875,-711153.8125
0.0151319997385144,407511.53125,311311.28125,-711306.125
0.0151329999789596,407306.09375,311660.40625,-711455.0625
0.0151340002194047,407108.75,311997.40625,-711599.9375
0.0151350004598498,406919.15625,312322.21875,-711740.375
0.0151359997689724,406736.875,312634.90625,-711875.9375
0.0151370000094175,406561.375,312935.625,-712006.1875
0.0151380002498627,406392.15625,313224.6875,-712130.9375
0.0151389995589852,406228.59375,313502.46875,-712249.8125
0.0151399997994304,406070.15625,313769.46875,-712362.75
0.0151410000398755,405916.21875,314026.21875,-712469.625
0.0151420002803206,405766.125,314273.40625,-712570.4375
0.0151429995894432,405619.28125,314511.75,-712665.3125
0.0151439998298883,405475.09375,314741.96875,-712754.25
0.0151450000703335,405333,314964.9375,-712837.5625
0.0151460003107786,405192.46875,315181.34375,-712915.5
0.0151469996199012,405053,315392,-712988.1875
0.0151479998603463,404914.28125,315597.5,-713055.9375
0.0151490001007915,404775.96875,315798.375,-713118.9375
0.0151500003412366,404637.875,315995.0625,-713177.5
0.0151509996503592,404499.625,316188.34375,-713232.0625
0.0151519998908043,404360.59375,316379.6875,-713283.25
0.0151530001312494,404219.65625,316571.53125,-713332.5
0.0151540003716946,404075.21875,316767.46875,-713381.625
0.0151549996808171,403925.375,316971.46875,-713432.625
0.0151559999212623,403768.65625,317186.9375,-713487.4375
0.0151570001617074,403604.53125,317415.1875,-713546.875
0.0151580004021525,403434,317654.28125,-713610.125
0.0151589997112751,403259.75,317898.9375,-713674.875
0.0151599999517202,403085.71875,318141.25,-713737.5625
0.0151610001921654,402916.21875,318372.65625,-713794.1875
0.0151620004326105,402754.75,318586.21875,-713841.5
0.0151629997417331,402603.125,318778.59375,-713878
0.0151639999821782,402460.84375,318951.09375,-713904.375
0.0151650002226233,402325.1875,319109.84375,-713923.6875
0.0151660004630685,402191.625,319264.34375,-713940.5
0.015166999772191,402054.78125,319426,-713960.5
0.0151680000126362,401909.25,319606,-713989.0625
0.0151690002530813,401750.53125,319813.59375,-714030.8125
0.0151699995622039,401575.59375,320054.96875,-714088.875
0.015170999802649,401383.09375,320332.6875,-714164.5
0.0151720000430942,401173.28125,320645.84375,-714257.375
0.0151730002835393,400947.96875,320990.53125,-714365.625
0.0151739995926619,400709.90625,321360.625,-714486.4375
0.015174999833107,400462.65625,321748.5625,-714616
0.0151760000735521,400209.90625,322146.21875,-714750.4375
0.0151770003139973,399955.5,322545.5625,-714885.625
0.0151779996231198,399702.84375,322939.125,-715017.9375
0.015178999863565,399455.0625,323320.25,-715143.875
0.0151800001040101,399214.625,323683.5,-715260.625
0.0151810003444552,398983.46875,324024.6875,-715365.8125
0.0151819996535778,398762.84375,324340.9375,-715457.9375
0.0151829998940229,398553.34375,324630.71875,-715535.8125
0.0151840001344681,398354.96875,324893.78125,-715599.0625
0.0151850003749132,398167.0625,325131.09375,-715647.875
0.0151859996840358,397988.5,325344.75,-715682.9375
0.0151869999244809,397817.6875,325537.78125,-715705.375
0.0151880001649261,397652.59375,325713.84375,-715716.8125
0.0151890004053712,397491.03125,325877.1875,-715718.9375
0.0151899997144938,397330.65625,326032.3125,-715713.6875
0.0151909999549389,397169.0625,326183.6875,-715703.0625
0.015192000195384,397004.03125,326335.6875,-715689
0.0151930004358292,396833.40625,326492.21875,-715673.1875
0.0151939997449517,396655.34375,326656.84375,-715657.3125
0.0151949999853969,396468.28125,326832.40625,-715642.625
0.015196000225842,396270.90625,327021.21875,-715630.125
0.0151969995349646,396062.3125,327224.84375,-715620.5
0.0151979997754097,395841.875,327444.3125,-715614.25
0.0151990000158548,395609.1875,327679.9375,-715611.375
0.0152000002563,395364.21875,327931.5,-715611.8125
0.0152009995654225,395107.15625,328198.25,-715615
0.0152019998058677,394838.40625,328479,-715620.3125
0.0152030000463128,394558.625,328772.09375,-715627
0.0152040002867579,394268.59375,329075.65625,-715633.9375
0.0152049995958805,393969.34375,329387.40625,-715640.0625
0.0152059998363256,393662.0625,329704.96875,-715644.3125
0.0152070000767708,393348.03125,330025.75,-715645.4375
0.0152080003172159,393028.71875,330347.125,-715642.375
0.0152089996263385,392705.59375,330666.53125,-715634.125
0.0152099998667836,392380.21875,330981.34375,-715619.75
0.0152110001072288,392054.1875,331289.15625,-715598.3125
0.0152120003476739,391729.03125,331587.78125,-715569.3125
0.0152129996567965,391406.21875,331875.1875,-715532.0625
0.0152139998972416,391087.09375,332149.65625,-715486.25
0.0152150001376867,390772.8125,332409.78125,-715431.5
0.0152160003781319,390464.40625,332654.4375,-715367.8125
0.0152169996872544,390162.59375,332882.9375,-715295.0625
0.0152179999276996,389867.9375,333094.84375,-715213.3125
0.0152190001681447,389580.6875,333290.125,-715122.625
0.0152200004085898,389300.90625,333469,-715023.375
0.0152209997177124,389028.375,333632.09375,-714915.6875
0.0152219999581575,388762.6875,333780.28125,-714800.0625
0.0152230001986027,388503.21875,333914.65625,-714676.8125
0.0152240004390478,388249.28125,334036.5625,-714546.5
0.0152249997481704,387999.90625,334147.5625,-714409.6875
0.0152259999886155,387754.15625,334249.40625,-714267
0.0152270002290606,387511.03125,334343.90625,-714119.3125
0.0152279995381832,387269.46875,334433.0625,-713967.375
0.0152289997786283,387028.4375,334518.90625,-713812.1875
0.0152300000190735,386787,334603.46875,-713654.8125
0.0152310002595186,386544.1875,334688.90625,-713496.375
0.0152319995686412,386299.21875,334777.3125,-713338.125
0.0152329998090863,386051.28125,334870.75,-713181.375
0.0152340000495315,385799.78125,334971.21875,-713027.4375
0.0152350002899766,385544.15625,335080.6875,-712877.75
0.0152359995990992,385284,335201,-712733.75
0.0152369998395443,385018.9375,335333.875,-712596.875
0.0152380000799894,384748.71875,335480.9375,-712468.4375
0.0152390003204346,384473.21875,335643.59375,-712349.8125
0.0152399996295571,384192.34375,335823.15625,-712242.1875
0.0152409998700023,383906.0625,336020.65625,-712146.6875
0.0152420001104474,383614.40625,336237.03125,-712064.3125
0.0152430003508925,383317.5,336472.90625,-711995.875
0.0152439996600151,383015.40625,336728.75,-711942.0625
0.0152449999004602,382708.375,337004.75,-711903.3125
0.0152460001409054,382396.5625,337300.9375,-711879.875
0.0152470003813505,382080.15625,337617,-711871.75
0.0152479996904731,381759.46875,337952.46875,-711878.875
0.0152489999309182,381434.6875,338306.625,-711900.8125
0.0152500001713634,381106.09375,338678.59375,-711937.0625
0.0152510004118085,380774.03125,339067.1875,-711986.8125
0.0152519997209311,380438.78125,339471.125,-712049.1875
0.0152529999613762,380100.625,339888.90625,-712123.0625
0.0152540002018213,379759.9375,340318.90625,-712207.25
0.0152550004422665,379417.0625,340759.375,-712300.4375
0.015255999751389,379072.40625,341208.46875,-712401.125
0.0152569999918342,378726.28125,341664.1875,-712507.875
0.0152580002322793,378379.15625,342124.53125,-712619.0625
0.0152589995414019,378031.46875,342587.53125,-712733.1875
0.015259999781847,377683.625,343051.0625,-712848.6875
0.0152610000222921,377336.15625,343513.125,-712964
0.0152620002627373,376989.5,343971.71875,-713077.625
0.0152629995718598,376644.1875,344424.90625,-713188.0625
0.015263999812305,376300.75,344870.78125,-713294.0625
0.0152650000527501,375959.71875,345307.59375,-713394.3125
0.0152660002931952,375621.65625,345733.65625,-713487.625
0.0152669996023178,375287.125,346147.40625,-713573.0625
0.0152679998427629,374956.65625,346547.4375,-713649.625
0.0152690000832081,374630.84375,346932.5,-713716.625
0.0152700003236532,374310.1875,347301.5,-713773.375
0.0152709996327758,373995.25,347653.4375,-713819.4375
0.0152719998732209,373686.53125,347987.625,-713854.5
0.0152730001136661,373384.53125,348303.40625,-713878.375
0.0152740003541112,373089.65625,348600.4375,-713891
0.0152749996632338,372802.34375,348878.46875,-713892.5
0.0152759999036789,372522.96875,349137.4375,-713883.125
0.015277000144124,372251.8125,349377.5,-713863.25
0.0152780003845692,371989.15625,349599,-713833.3125
0.0152789996936917,371735.15625,349802.4375,-713794
0.0152799999341369,371489.9375,349988.53125,-713745.9375
0.015281000174582,371253.5,350158.28125,-713690.125
0.0152820004150271,371025.65625,350312.90625,-713627.5625
0.0152829997241497,370806.15625,350453.90625,-713559.3125
0.0152839999645948,370594.71875,350582.78125,-713486.5625
0.01528500020504,370391.125,350700.8125,-713410.375
0.0152860004454851,370195.59375,350808.4375,-713331.25
0.0152869997546077,370008.71875,350905.09375,-713249.4375
0.0152879999950528,369831.59375,350989.3125,-713164.4375
0.015289000235498,369665.28125,351059.40625,-713075.75
0.0152899995446205,369510.3125,351114.875,-712983.4375
0.0152909997850657,369365.96875,351157.65625,-712888.6875
0.0152920000255108,369229.90625,351193.0625,-712794.0625
0.0152930002659559,369098.15625,351229.40625,-712703.875
0.0152939995750785,368965.875,351276.875,-712623
0.0152949998155236,368828.28125,351345.3125,-712556.3125
0.0152960000559688,368681.625,351442.0625,-712507.5
0.0152970002964139,368524.25,351570.375,-712478
0.0152979996055365,368356.59375,351728.65625,-712467.125
0.0152989998459816,368181.25,351911.03125,-712471.9375
0.0153000000864267,368002.21875,352108.5625,-712487.9375
0.0153010003268719,367824.09375,352311.0625,-712510.0625
0.0153019996359944,367651.21875,352508.78125,-712533.25
0.0153029998764396,367487.0625,352694.03125,-712553.5
0.0153040001168847,367333.5625,352861.90625,-712568
0.0153050003573298,367191.1875,353010.78125,-712575.5
0.0153059996664524,367058.8125,353142.1875,-712576.1875
0.0153069999068975,366934,353260.34375,-712571.75
0.0153080001473427,366813.3125,353371.5625,-712564.625
0.0153090003877878,366692.65625,353483.34375,-712558
0.0153099996969104,366567.6875,353603.65625,-712555.25
0.0153109999373555,366434.15625,353740.3125,-712559.6875
0.0153120001778007,366288.1875,353900.3125,-712574.3125
0.0153130004182458,366126.4375,354089.5,-712601.625
0.0153139997273684,365946.28125,354312.25,-712643.3125
0.0153149999678135,365745.90625,354571.375,-712700.4375
0.0153160002082586,365524.21875,354868.125,-712773.375
0.0153170004487038,365280.90625,355202.21875,-712861.6875
0.0153179997578263,365016.40625,355572,-712964.4375
0.0153189999982715,364731.71875,355974.6875,-713080.0625
0.0153200002387166,364428.40625,356406.34375,-713206.5
0.0153209995478392,364108.53125,356862.28125,-713341.375
0.0153219997882843,363774.53125,357337.125,-713481.875
0.0153230000287294,363429.125,357824.9375,-713625.1875
0.0153240002691746,363075.21875,358319.53125,-713768.1875
0.0153249995782971,362715.9375,358814.5625,-713907.75
0.0153259998187423,362354.375,359303.65625,-714040.875
0.0153270000591874,361993.6875,359780.65625,-714164.5
0.0153280002996325,361636.78125,360239.71875,-714275.875
0.0153289996087551,361286.5625,360675.5,-714372.5
0.0153299998492002,360945.46875,361083.3125,-714452.1875
0.0153310000896454,360615.8125,361459.25,-714513.1875
0.0153320003300905,360299.375,361800.28125,-714554.125
0.0153329996392131,359997.5625,362104.3125,-714574.1875
0.0153339998796582,359711.3125,362370.34375,-714573.1875
0.0153350001201034,359441.09375,362598.3125,-714551.1875
0.0153360003605485,359186.90625,362789.28125,-714509.125
0.0153369996696711,358948.25,362945.1875,-714448.125
0.0153379999101162,358724.1875,363068.96875,-714369.9375
0.0153390001505613,358513.5,363164.1875,-714276.5625
0.0153400003910065,358314.46875,363235.1875,-714170.5
0.015340999700129,358125.25,363286.59375,-714054.3125
0.0153419999405742,357943.8125,363323.5,-713930.6875
0.0153430001810193,357767.9375,363350.96875,-713802.4375
0.0153440004214644,357595.5,363374.0625,-713672.25
0.015344999730587,357424.34375,363397.5625,-713542.6875
0.0153459999710321,357252.53125,363425.90625,-713416.25
0.0153470002114773,357078.28125,363463.03125,-713294.875
0.0153480004519224,356900.09375,363512.21875,-713180.5625
0.015348999761045,356716.78125,363576.09375,-713074.625
0.0153500000014901,356527.4375,363656.5625,-712978.25
0.0153510002419353,356331.59375,363754.8125,-712892.1875
0.0153519995510578,356129.0625,363871.25,-712816.875
0.015352999791503,355920,364005.6875,-712752.375
0.0153540000319481,355704.84375,364157.21875,-712698.4375
0.0153550002723932,355484.375,364324.53125,-712654.5625
0.0153559995815158,355259.5,364505.6875,-712620
0.0153569998219609,355031.34375,364698.5,-712593.8125
0.0153580000624061,354801.15625,364900.53125,-712575
0.0153590003028512,354570.21875,365109.125,-712562.25
0.0153599996119738,354339.8125,365321.59375,-712554.375
0.0153609998524189,354111.1875,365535.28125,-712549.9375
0.015362000092864,353885.4375,365747.65625,-712547.75
0.0153630003333092,353663.5625,365956.3125,-712546.375
0.0153639996424317,353446.375,366159.125,-712544.5
0.0153649998828769,353234.5,366354.25,-712541
0.015366000123322,353028.3125,366540.1875,-712534.75
0.0153670003637671,352828,366715.71875,-712524.625
0.0153679996728897,352633.46875,366880.03125,-712509.75
0.0153689999133348,352444.46875,367032.6875,-712489.375
0.01537000015378,352260.53125,367173.59375,-712462.875
0.0153710003942251,352080.9375,367303,-712429.6875
0.0153719997033477,351904.90625,367421.46875,-712389.5625
0.0153729999437928,351731.40625,367529.9375,-712342.25
0.015374000184238,351559.40625,367629.53125,-712287.875
0.0153750004246831,351387.6875,367721.71875,-712226.5
0.0153759997338057,351215,367808.125,-712158.4375
0.0153769999742508,351040.0625,367890.59375,-712084.3125
0.0153780002146959,350861.625,367971.125,-712004.5625
0.0153790004551411,350678.34375,368051.84375,-711920.0625
0.0153799997642636,350488.9375,368134.90625,-711831.6875
0.0153810000047088,350292.25,368222.59375,-711740.375
0.0153820002451539,350087.0625,368317.15625,-711647.125
0.0153829995542765,349872.28125,368420.8125,-711553.1875
0.0153839997947216,349646.875,368535.78125,-711459.5625
0.0153850000351667,349409.9375,368664.125,-711367.5625
0.0153860002756119,349160.59375,368807.90625,-711278.1875
0.0153869995847344,348898.125,368968.9375,-711192.75
0.0153879998251796,348621.875,369148.9375,-711112.1875
0.0153890000656247,348331.3125,369349.40625,-711037.625
0.0153900003060699,348026.03125,369571.6875,-710969.9375
0.0153909996151924,347705.71875,369816.84375,-710910.0625
0.0153919998556376,347370.21875,370085.75,-710858.625
0.0153930000960827,347019.46875,370379.03125,-710816.375
0.0153940003365278,346653.53125,370697.03125,-710783.75
0.0153949996456504,346272.5625,371039.875,-710761.125
0.0153959998860955,345876.9375,371407.40625,-710748.8125
0.0153970001265407,345467.03125,371799.1875,-710746.875
0.0153980003669858,345043.46875,372214.625,-710755.375
0.0153989996761084,344606.90625,372652.8125,-710774.125
0.0153999999165535,344158.46875,373111.875,-710802.5625
0.0154010001569986,343700.9375,373586.71875,-710838.5625
0.0154020003974438,343239.0625,374068.0625,-710877.875
0.0154029997065663,342777.5625,374546.71875,-710916.375
0.0154039999470115,342317.875,375020.5,-710953.3125
0.0154050001874566,341856.84375,375496.6875,-710992.375
0.0154060004279017,341389.03125,375987.25,-711039.5625
0.0154069997370243,340909.90625,376502.21875,-711100.125
0.0154079999774694,340417.53125,377046.25,-711176.5625
0.0154090002179146,339912.4375,377618.71875,-711269
0.0154100004583597,339396.78125,378215.8125,-711376
0.0154109997674823,338873.5,378832.15625,-711495.3125
0.0154120000079274,338345.75,379461.8125,-711624.375
0.0154130002483726,337816.75,380098.84375,-711760.6875
0.0154139995574951,337289.65625,380737.46875,-711901.8125
0.0154149997979403,336767.4375,381372.28125,-712045.4375
0.0154160000383854,336252.9375,381998.3125,-712189.4375
0.0154170002788305,335748.71875,382610.9375,-712331.875
0.0154179995879531,335257.21875,383206.0625,-712470.9375
0.0154189998283982,334780.59375,383779.96875,-712605.1875
0.0154200000688434,334320.90625,384329.25,-712733.1875
0.0154210003092885,333879.96875,384850.90625,-712853.625
0.0154219996184111,333459.46875,385342.25,-712965.4375
0.0154229998588562,333060.875,385801.09375,-713067.6875
0.0154240000993013,332685.25,386225.78125,-713159.8125
0.0154250003397465,332333.46875,386615.3125,-713241.4375
0.015425999648869,332005.96875,386969.375,-713312.5
0.0154269998893142,331702.875,387288.21875,-713373.1875
0.0154280001297593,331424.15625,387572.46875,-713423.875
0.0154290003702044,331169.6875,387822.78125,-713465.0625
0.015429999679327,330939.3125,388039.75,-713496.875
0.0154309999197721,330733,388223.71875,-713519.625
0.0154320001602173,330550.84375,388374.78125,-713533.25
0.0154330004006624,330392.8125,388492.96875,-713537.8125
0.015433999709785,330258.875,388578.46875,-713533.1875
0.0154349999502301,330148.71875,388631.875,-713519.6875
0.0154360001906753,330061.78125,388654.375,-713497.6875
0.0154370004311204,329997.15625,388647.65625,-713468
0.015437999740243,329953.65625,388614.09375,-713431.5625
0.0154389999806881,329929.9375,388556.375,-713389.625
0.0154400002211332,329924.46875,388477.3125,-713343.375
0.0154410004615784,329935.84375,388379.71875,-713294.0625
0.0154419997707009,329962.59375,388266.125,-713242.75
0.0154430000111461,330003.4375,388138.75,-713190.3125
0.0154440002515912,330057.125,387999.4375,-713137.3125
0.0154449995607138,330122.34375,387849.71875,-713084
0.0154459998011589,330197.875,387691,-713030.5
0.015447000041604,330282.1875,387524.5625,-712976.6875
0.0154480002820492,330373.625,387351.78125,-712922.3125
0.0154489995911717,330470.3125,387174.25,-712867
0.0154499998316169,330570.09375,386993.71875,-712810.4375
0.015451000072062,330670.59375,386812.25,-712752.3125
0.0154520003125072,330769.34375,386632.0625,-712692.4375
0.0154529996216297,330863.71875,386455.53125,-712630.5625
0.0154539998620749,330951.21875,386285.15625,-712566.625
0.01545500010252,331029.4375,386123.25,-712500.75
0.0154560003429651,331096.25,385972.15625,-712433
0.0154569996520877,331149.6875,385833.90625,-712363.625
0.0154579998925328,331188.21875,385710.34375,-712292.9375
0.015459000132978,331210.6875,385602.96875,-712221.4375
0.0154600003734231,331216.28125,385513.0625,-712149.5625
0.0154609996825457,331204.53125,385441.59375,-712077.9375
0.0154619999229908,331175.28125,385389.1875,-712007.25
0.0154630001634359,331128.71875,385356.375,-711938.125
0.0154640004038811,331065.25,385343.375,-711871.4375
0.0154649997130036,330985.46875,385350.28125,-711808
0.0154659999534488,330890.15625,385377.09375,-711748.5
0.0154670001938939,330780.09375,385423.65625,-711693.8125
0.015468000434339,330656.25,385489.6875,-711644.625
0.0154689997434616,330519.53125,385574.875,-711601.6875
0.0154699999839067,330370.90625,385678.8125,-711565.625
0.0154710002243519,330211.28125,385801.03125,-711536.9375
0.015472000464797,330041.5,385941.03125,-711516
0.0154729997739196,329862.375,386098.1875,-711503.1875
0.0154740000143647,329674.65625,386271.9375,-711498.5625
0.0154750002548099,329478.90625,386461.625,-711502.25
0.0154759995639324,329275.71875,386666.6875,-711514.125
0.0154769998043776,329065.40625,386886.46875,-711534.1875
0.0154780000448227,328848.34375,387120.46875,-711562.0625
0.0154790002852678,328624.59375,387368.1875,-711597.4375
0.0154799995943904,328394.25,387629.1875,-711640.0625
0.0154809998348355,328157.15625,387903.21875,-711689.5
0.0154820000752807,327913.09375,388190.03125,-711745.3125
0.0154830003157258,327661.78125,388489.5625,-711807.0625
0.0154839996248484,327402.71875,388801.8125,-711874.3125
0.0154849998652935,327135.4375,389126.84375,-711946.75
0.0154860001057386,326859.34375,389464.8125,-712023.8125
0.0154870003461838,326573.875,389815.90625,-712105.1875
0.0154879996553063,326278.375,390180.28125,-712190.375
0.0154889998957515,325972.25,390558.15625,-712278.9375
0.0154900001361966,325654.9375,390949.625,-712370.5
0.0154910003766418,325325.90625,391354.71875,-712464.5
0.0154919996857643,324984.78125,391773.3125,-712560.5
0.0154929999262094,324631.15625,392205.1875,-712657.875
0.0154940001666546,324264.875,392649.9375,-712756.0625
0.0154950004070997,323885.78125,393107,-712854.4375
0.0154959997162223,323493.9375,393575.59375,-712952.25
0.0154969999566674,323089.53125,394054.75,-713048.75
0.0154980001971126,322672.84375,394543.34375,-713143.1875
0.0154990004375577,322244.3125,395040.0625,-713234.6875
0.0154999997466803,321804.5,395543.4375,-713322.375
0.0155009999871254,321354.09375,396051.9375,-713405.375
0.0155020002275705,320893.8125,396563.90625,-713482.875
0.0155029995366931,320424.5,397077.59375,-713554
0.0155039997771382,319947.125,397591.28125,-713617.875
0.0155050000175834,319462.59375,398103.125,-713673.75
0.0155060002580285,318971.9375,398611.375,-713720.75
0.0155069995671511,318476.21875,399114.28125,-713758.3125
0.0155079998075962,317976.4375,399610.21875,-713785.6875
0.0155090000480413,317473.6875,400097.625,-713802.4375
0.0155100002884865,316968.90625,400575.0625,-713808.0625
0.015510999597609,316463.09375,401041.21875,-713802.125
0.0155119998380542,315957.21875,401495,-713784.5625
0.0155130000784993,315452.125,401935.46875,-713755.125
0.0155140003189445,314948.65625,402361.84375,-713713.8125
0.015514999628067,314447.5625,402773.46875,-713660.75
0.0155159998685122,313949.625,403169.90625,-713596.125
0.0155170001089573,313455.5,403550.84375,-713520.25
0.0155180003494024,312965.84375,403916.15625,-713433.5
0.015518999658525,312481.21875,404265.8125,-713336.4375
0.0155199998989701,312002.1875,404599.90625,-713229.625
0.0155210001394153,311529.28125,404918.75,-713113.8125
0.0155220003798604,311062.90625,405222.65625,-712989.625
0.015522999688983,310603.53125,405512.125,-712857.875
0.0155239999294281,310151.5,405787.6875,-712719.5625
0.0155250001698732,309707.21875,406049.96875,-712575.5
0.0155260004103184,309270.96875,406299.625,-712426.625
0.0155269997194409,308843.0625,406537.40625,-712273.9375
0.0155279999598861,308423.78125,406764,-712118.375
0.0155290002003312,308013.34375,406980.1875,-711960.8125
0.0155300004407763,307612.03125,407186.65625,-711802.25
0.0155309997498989,307220.03125,407384.15625,-711643.5625
0.015531999990344,306837.5,407573.40625,-711485.5625
0.0155330002307892,306464.65625,407755.09375,-711329.1875
0.0155339995399117,306101.625,407929.8125,-711175.0625
0.0155349997803569,305748.5625,408098.1875,-711024.0625
0.015536000020802,305405.53125,408260.8125,-710876.6875
0.0155370002612472,305072.6875,408418.1875,-710733.6875
0.0155379995703697,304750.0625,408570.78125,-710595.5625
0.0155389998108149,304437.75,408719.03125,-710462.75
0.01554000005126,304135.8125,408863.34375,-710335.75
0.0155410002917051,303844.3125,409003.96875,-710214.9375
0.0155419996008277,303563.3125,409141.21875,-710100.625
0.0155429998412728,303292.84375,409275.3125,-709993.125
0.015544000081718,303032.9375,409406.375,-709892.5625
0.0155450003221631,302783.71875,409534.59375,-709799.25
0.0155459996312857,302545.15625,409660,-709713.25
0.0155469998717308,302317.375,409782.65625,-709634.6875
0.0155480001121759,302100.40625,409902.59375,-709563.75
0.0155490003526211,301894.3125,410019.78125,-709500.3125
0.0155499996617436,301699.15625,410134.25,-709444.625
0.0155509999021888,301514.96875,410245.96875,-709396.5625
0.0155520001426339,301341.78125,410354.90625,-709356.25
0.0155530003830791,301179.65625,410461,-709323.6875
0.0155539996922016,301028.625,410564.3125,-709298.875
0.0155549999326468,300888.625,410664.75,-709281.75
0.0155560001730919,300759.6875,410762.34375,-709272.375
0.015557000413537,300641.78125,410857.125,-709270.6875
0.0155579997226596,300534.8125,410949.09375,-709276.625
0.0155589999631047,300438.6875,411038.34375,-709290.25
0.0155600002035499,300353.25,411124.9375,-709311.375
0.015561000443995,300278.375,411208.9375,-709340
0.0155619997531176,300213.84375,411290.46875,-709376
0.0155629999935627,300159.4375,411369.625,-709419.25
0.0155640002340078,300114.90625,411446.46875,-709469.625
0.0155649995431304,300079.9375,411521.0625,-709526.8125
0.0155659997835755,300054.25,411593.5,-709590.6875
0.0155670000240207,300037.53125,411663.84375,-709660.875
0.0155680002644658,300029.34375,411732.125,-709737.125
0.0155689995735884,300029.3125,411798.4375,-709819.125
0.0155699998140335,300037,411862.875,-709906.5
0.0155710000544786,300051.90625,411925.53125,-709998.9375
0.0155720002949238,300073.53125,411986.53125,-710095.9375
0.0155729996040463,300101.40625,412045.9375,-710197.125
0.0155739998444915,300134.96875,412103.78125,-710302.0625
0.0155750000849366,300173.75,412160.125,-710410.3125
0.0155760003253818,300217.1875,412214.96875,-710521.375
0.0155769996345043,300264.8125,412268.28125,-710634.6875
0.0155779998749495,300316.09375,412320.09375,-710749.8125
0.0155790001153946,300370.53125,412370.40625,-710866.1875
0.0155800003558397,300427.59375,412419.21875,-710983.375
0.0155809996649623,300486.75,412466.625,-711100.875
0.0155819999054074,300547.46875,412512.71875,-711218.375
0.0155830001458526,300609.1875,412557.6875,-711335.4375
0.0155840003862977,300671.375,412601.75,-711451.75
0.0155849996954203,300733.46875,412645.09375,-711567
0.0155859999358654,300794.9375,412687.96875,-711680.8125
0.0155870001763105,300855.3125,412730.65625,-711793.125
0.0155880004167557,300914.03125,412773.40625,-711903.5625
0.0155889997258782,300970.65625,412816.5,-712011.9375
0.0155899999663234,301024.71875,412860.1875,-712118.1875
0.0155910002067685,301075.78125,412904.8125,-712222.125
0.0155920004472136,301123.4375,412950.625,-712323.625
0.0155929997563362,301167.28125,412998,-712422.6875
0.0155939999967813,301206.90625,413047.25,-712519.1875
0.0155950002372265,301241.9375,413098.78125,-712613.25
0.015595999546349,301272,413152.96875,-712704.8125
0.0155969997867942,301296.75,413210.15625,-712793.9375
0.0155980000272393,301315.9375,413270.75,-712880.75
0.0155990002676845,301329.1875,413335.125,-712965.3125
0.015599999576807,301336.28125,413403.625,-713047.75
0.0156009998172522,301336.96875,413476.5625,-713128.125
0.0156020000576973,301331.09375,413554.1875,-713206.625
0.0156030002981424,301318.5,413636.78125,-713283.25
0.015603999607265,301299.03125,413724.5,-713358.1875
0.0156049998477101,301272.625,413817.5,-713431.5
0.0156060000881553,301239.21875,413915.9375,-713503.25
0.0156070003286004,301198.8125,414019.875,-713573.5625
0.015607999637723,301151.40625,414129.3125,-713642.5
0.0156089998781681,301097,414244.3125,-713710.0625
0.0156100001186132,301035.6875,414364.84375,-713776.4375
0.0156110003590584,300967.53125,414490.8125,-713841.5625
0.0156119996681809,300892.625,414622.1875,-713905.5
0.0156129999086261,300811.0625,414758.8125,-713968.3125
0.0156140001490712,300723.03125,414900.59375,-714029.9375
0.0156150003895164,300628.59375,415047.34375,-714090.4375
0.0156159996986389,300527.96875,415198.875,-714149.8125
0.0156169999390841,300421.3125,415355,-714207.9375
0.0156180001795292,300308.8125,415515.40625,-714264.875
0.0156190004199743,300190.65625,415679.84375,-714320.5
0.0156199997290969,300067.125,415847.9375,-714374.75
0.015620999969542,299938.5,416019.1875,-714427.375
0.0156220002099872,299805.0625,416193.15625,-714478.25
0.0156230004504323,299667.125,416369.34375,-714527.25
0.0156239997595549,299524.875,416547.4375,-714574.1875
0.015625,299378.53125,416727.1875,-714619.0625
0.0156260002404451,299228.15625,416908.5625,-714661.9375
0.0156270004808903,299073.8125,417091.65625,-714702.8125
0.0156280007213354,298915.46875,417276.5625,-714741.9375
0.0156289990991354,298753.1875,417463.3125,-714779.1875
0.0156299993395805,298587.15625,417651.71875,-714814.75
0.0156309995800257,298417.65625,417841.40625,-714848.375
0.0156319998204708,298245,418031.8125,-714879.9375
0.0156330000609159,298069.5625,418222.34375,-714909.125
0.0156340003013611,297891.78125,418412.40625,-714935.875
0.0156350005418062,297711.875,418601.6875,-714960
0.0156360007822514,297530.03125,418789.96875,-714981.5625
0.0156369991600513,297346.375,418977.4375,-715000.6875
0.0156379994004965,297160.875,419164.1875,-715017.625
0.0156389996409416,296973.59375,419350.53125,-715032.5
0.0156399998813868,296784.53125,419536.59375,-715045.5625
0.0156410001218319,296593.90625,419722.3125,-715056.9375
0.015642000362277,296401.9375,419907.5,-715066.5625
0.0156430006027222,296208.90625,420091.78125,-715074.4375
0.0156440008431673,296015.1875,420274.75,-715080.5
0.0156449992209673,295821.125,420455.9375,-715084.625
0.0156459994614124,295627,420635.0625,-715086.75
0.0156469997018576,295433.03125,420811.90625,-715086.9375
0.0156479999423027,295239.34375,420986.59375,-715085.375
0.0156490001827478,295045.9375,421159.375,-715082.3125
0.015650000423193,294852.625,421330.78125,-715078
0.0156510006636381,294659.28125,421501.40625,-715072.9375
0.0156520009040833,294465.65625,421672,-715067.5625
0.0156529992818832,294271.4375,421843.3125,-715062.25
0.0156539995223284,294076.46875,422016.03125,-715057.5625
0.0156549997627735,293880.46875,422190.75,-715053.75
0.0156560000032187,293683.3125,422367.90625,-715051.125
0.0156570002436638,293484.96875,422547.78125,-715049.9375
0.0156580004841089,293285.4375,422730.53125,-715050.375
0.0156590007245541,293084.75,422916.0625,-715052.375
0.015659999102354,292883.09375,423104.1875,-715055.9375
0.0156609993427992,292680.65625,423294.625,-715061
0.0156619995832443,292477.71875,423486.96875,-715067.4375
0.0156629998236895,292274.53125,423680.6875,-715075.0625
0.0156640000641346,292071.4375,423875.3125,-715083.625
0.0156650003045797,291868.71875,424070.25,-715093
0.0156660005450249,291666.75,424264.90625,-715102.8125
0.01566700078547,291465.84375,424458.75,-715113
0.01566799916327,291266.28125,424651.21875,-715123.1875
0.0156689994037151,291068.4375,424841.875,-715133.3125
0.0156699996441603,290872.5,425030.25,-715143.1875
0.0156709998846054,290678.71875,425216.03125,-715152.625
0.0156720001250505,290487.25,425399,-715161.625
0.0156730003654957,290298.15625,425579.09375,-715170.125
0.0156740006059408,290111.53125,425756.375,-715178.3125
0.015675000846386,289927.21875,425931.09375,-715186.1875
0.0156759992241859,289745.125,426103.65625,-715194.0625
0.0156769994646311,289564.96875,426274.625,-715202.1875
0.0156779997050762,289386.4375,426444.78125,-715211
0.0156789999455214,289209.0625,426615.03125,-715220.875
0.0156800001859665,289032.40625,426786.375,-715232.375
0.0156810004264116,288855.875,426959.96875,-715246
0.0156820006668568,288678.875,427137,-715262.3125
0.0156830009073019,288500.78125,427318.65625,-715281.875
0.0156839992851019,288321.03125,427506.0625,-715305.25
0.015684999525547,288138.96875,427700.34375,-715332.9375
0.0156859997659922,287954.0625,427902.5,-715365.25
0.0156870000064373,287765.8125,428113.34375,-715402.625
0.0156880002468824,287573.78125,428333.5,-715445.3125
0.0156890004873276,287377.6875,428563.4375,-715493.4375
0.0156900007277727,287177.21875,428803.375,-715547
0.0156909991055727,286972.28125,429053.3125,-715605.875
0.0156919993460178,286762.8125,429313.0625,-715669.9375
0.015692999586463,286548.875,429582.15625,-715738.8125
0.0156939998269081,286330.625,429859.96875,-715812.0625
0.0156950000673532,286108.28125,430145.75,-715889.25
0.0156960003077984,285882.1875,430438.5,-715969.75
0.0156970005482435,285652.65625,430737.21875,-716052.9375
0.0156980007886887,285420.15625,431040.75,-716138.125
0.0156989991664886,285185.0625,431347.9375,-716224.625
0.0156999994069338,284947.90625,431657.5625,-716311.75
0.0157009996473789,284709.125,431968.40625,-716398.75
0.0157019998878241,284469.21875,432279.375,-716485.0625
0.0157030001282692,284228.5625,432589.34375,-716569.9375
0.0157040003687143,283987.625,432897.3125,-716652.9375
0.0157050006091595,283746.75,433202.4375,-716733.4375
0.0157060008496046,283506.34375,433503.875,-716811
0.0157069992274046,283266.625,433800.96875,-716885.25
0.0157079994678497,283027.875,434093.1875,-716955.875
0.0157089997082949,282790.28125,434380.15625,-717022.625
0.01570999994874,282553.96875,434661.5625,-717085.3125
0.0157110001891851,282319.03125,434937.21875,-717143.8125
0.0157120004296303,282085.53125,435207.125,-717198.1875
0.0157130006700754,281853.40625,435471.28125,-717248.25
0.0157140009105206,281622.65625,435729.875,-717294.25
0.0157149992883205,281393.1875,435983.125,-717336.1875
0.0157159995287657,281164.84375,436231.3125,-717374.1875
0.0157169997692108,280937.5,436474.84375,-717408.5
0.015718000009656,280711,436714.0625,-717439.3125
0.0157190002501011,280485.15625,436949.40625,-717466.8125
0.0157200004905462,280259.78125,437181.375,-717491.1875
0.0157210007309914,280034.6875,437410.375,-717512.8125
0.0157219991087914,279809.65625,437636.84375,-717531.875
0.0157229993492365,279584.5625,437861.3125,-717548.5625
0.0157239995896816,279359.25,438084.125,-717563.25
0.0157249998301268,279133.53125,438305.75,-717576.0625
0.0157260000705719,278907.3125,438526.53125,-717587.4375
0.015727000311017,278680.46875,438746.8125,-717597.4375
0.0157280005514622,278452.96875,438966.9375,-717606.375
0.0157290007919073,278224.75,439187.125,-717614.4375
0.0157299991697073,277995.75,439407.625,-717621.9375
0.0157309994101524,277766.0625,439628.625,-717628.9375
0.0157319996505976,277535.65625,439850.25,-717635.6875
0.0157329998910427,277304.625,440072.59375,-717642.375
0.0157340001314878,277073.03125,440295.6875,-717649.125
0.015735000371933,276841,440519.53125,-717656.0625
0.0157360006123781,276608.65625,440744.09375,-717663.1875
0.0157370008528233,276376.125,440969.28125,-717670.6875
0.0157379992306232,276143.5625,441194.96875,-717678.5
0.0157389994710684,275911.125,441421,-717686.75
0.0157399997115135,275678.96875,441647.125,-717695.25
0.0157409999519587,275447.25,441873.1875,-717704.125
0.0157420001924038,275216.1875,442098.84375,-717713.125
0.0157430004328489,274985.875,442323.8125,-717722.25
0.0157440006732941,274756.5,442547.8125,-717731.25
0.0157450009137392,274528.21875,442770.46875,-717740
0.0157459992915392,274301.125,442991.46875,-717748.3125
0.0157469995319843,274075.34375,443210.5,-717755.875
0.0157479997724295,273850.9375,443427.25,-717762.625
0.0157490000128746,273627.9375,443641.53125,-717768.3125
0.0157500002533197,273406.28125,443853.21875,-717772.75
0.0157510004937649,273185.96875,444062.125,-717775.6875
0.01575200073421,272967.03125,444267.875,-717776.9375
0.01575299911201,272749.8125,444469.65625,-717775.875
0.0157539993524551,272534.84375,444665.9375,-717771.6875
0.0157549995929003,272323.03125,444854.625,-717763.125
0.0157559998333454,272115.40625,445033.375,-717749
0.0157570000737906,271912.71875,445200.375,-717728.25
0.0157580003142357,271715.03125,445355.25,-717700.5625
0.0157590005546808,271521.46875,445499.71875,-717666.5625
0.015760000795126,271329.90625,445637.875,-717628.125
0.0157609991729259,271137.53125,445775.5,-717587.9375
0.0157619994133711,270941.15625,445918.75,-717548.875
0.0157629996538162,270738.28125,446072.8125,-717513.3125
0.0157639998942614,270527.53125,446240.15625,-717482.5
0.0157650001347065,270309.3125,446419.75,-717455.875
0.0157660003751516,270085.78125,446607,-717431.3125
0.0157670006155968,269860.4375,446794.4375,-717405.0625
0.0157680008560419,269637.6875,446972.90625,-717372.8125
0.0157689992338419,269422,447133.21875,-717330
0.015769999474287,269217.125,447267.65625,-717272.9375
0.0157709997147322,269025.625,447371.09375,-717199.125
0.0157719999551773,268848.5,447441.6875,-717107.4375
0.0157730001956224,268685.09375,447480.9375,-716998.75
0.0157740004360676,268533.3125,447493.46875,-716875.0625
0.0157750006765127,268389.90625,447486.1875,-716739.8125
0.0157760009169579,268250.90625,447467.4375,-716596.9375
0.0157769992947578,268112.125,447446.0625,-716450.8125
0.015777999535203,267969.53125,447430.53125,-716305.5625
0.0157789997756481,267819.5625,447428.09375,-716164.75
0.0157800000160933,267659.5,447444.5,-716031.3125
0.0157810002565384,267487.4375,447483.5625,-715907.25
0.0157820004969835,267302.40625,447547.3125,-715793.5625
0.0157830007374287,267104.3125,447635.90625,-715690.625
0.0157839991152287,266893.71875,447748.09375,-715597.875
0.0157849993556738,266671.8125,447881.40625,-715514.375
0.0157859995961189,266440.15625,448032.5625,-715438.5625
0.0157869998365641,266200.65625,448197.8125,-715368.75
0.0157880000770092,265955.28125,448373.0625,-715303.125
0.0157890003174543,265706,448554.21875,-715239.8125
0.0157900005578995,265454.84375,448737.375,-715176.9375
0.0157910007983446,265203.6875,448918.71875,-715112.75
0.0157919991761446,264954.25,449094.84375,-715045.625
0.0157929994165897,264708.125,449262.59375,-714974.125
0.0157939996570349,264466.75,449419.34375,-714897
0.01579499989748,264231.28125,449562.71875,-714813.125
0.0157960001379251,264002.71875,449691.03125,-714721.625
0.0157970003783703,263781.75,449802.9375,-714622
0.0157980006188154,263568.84375,449897.8125,-714513.8125
0.0157990008592606,263364.09375,449975.59375,-714397.125
0.0157999992370605,263167.3125,450036.84375,-714272.1875
0.0158009994775057,262978.03125,450082.8125,-714139.6875
0.0158019997179508,262795.375,450115.375,-714000.375
0.015802999958396,262618.28125,450137,-713855.625
0.0158040001988411,262445.34375,450150.6875,-713706.8125
0.0158050004392862,262274.9375,450159.8125,-713555.625
0.0158060006797314,262105.359375,450168.09375,-713403.875
0.0158070009201765,261934.6875,450179.4375,-713253.5
0.0158079992979765,261761.0625,450197.8125,-713106.4375
0.0158089995384216,261582.609375,450227,-712964.6875
0.0158099997788668,261397.59375,450270.625,-712829.875
0.0158110000193119,261204.375,450331.875,-712703.8125
0.015812000259757,261001.625,450413.5625,-712587.75
0.0158130005002022,260788.21875,450517.84375,-712482.875
0.0158140007406473,260563.34375,450646.28125,-712390.0625
0.0158149991184473,260326.484375,450799.75,-712309.6875
0.0158159993588924,260077.453125,450978.5,-712242
0.0158169995993376,259816.390625,451182.0625,-712186.75
0.0158179998397827,259543.71875,451409.34375,-712143.4375
0.0158190000802279,259260.109375,451658.6875,-712111.3125
0.015820000320673,258966.5,451927.9375,-712089.1875
0.0158210005611181,258664,452214.53125,-712075.875
0.0158220008015633,258353.890625,452515.5625,-712069.875
0.0158229991793633,258037.53125,452827.9375,-712069.5
0.0158239994198084,257716.359375,453148.375,-712073.1875
0.0158249996602535,257391.859375,453473.625,-712079.125
0.0158259999006987,257065.453125,453800.46875,-712085.625
0.0158270001411438,256738.53125,454125.75,-712091.0625
0.0158280003815889,256412.421875,454446.625,-712093.8125
0.0158290006220341,256088.328125,454760.4375,-712092.5625
0.0158300008624792,255767.34375,455064.8125,-712086
0.0158309992402792,255450.421875,455357.71875,-712072.9375
0.0158319994807243,255138.34375,455637.5,-712052.5625
0.0158329997211695,254831.734375,455902.84375,-712024.0625
0.0158339999616146,254531.09375,456152.8125,-711986.9375
0.0158350002020597,254236.703125,456386.84375,-711940.75
0.0158360004425049,253948.671875,456604.65625,-711885.375
0.01583700068295,253667,456806.40625,-711820.75
0.0158380009233952,253391.484375,456992.46875,-711746.9375
0.0158389993011951,253121.765625,457163.59375,-711664.3125
0.0158399995416403,252857.359375,457320.71875,-711573.125
0.0158409997820854,252597.640625,457465.0625,-711473.875
0.0158420000225306,252341.875,457598.03125,-711367.1875
0.0158430002629757,252089.21875,457721.21875,-711253.6875
0.0158440005034208,251838.765625,457836.28125,-711134
0.015845000743866,251589.515625,457945.125,-711009
0.015845999121666,251340.453125,458049.59375,-710879.4375
0.0158469993621111,251090.515625,458151.6875,-710746.1875
0.0158479996025562,250838.640625,458253.3125,-710610.0625
0.0158489998430014,250583.796875,458356.46875,-710471.9375
0.0158500000834465,250324.984375,458463.09375,-710332.75
0.0158510003238916,250061.25,458574.96875,-710193.3125
0.0158520005643368,249791.6875,458693.90625,-710054.5625
0.0158530008047819,249515.515625,458821.5,-709917.3125
0.0158539991825819,249232.03125,458959.3125,-709782.3125
0.015854999423027,248940.59375,459108.65625,-709650.5
0.0158559996634722,248640.734375,459270.78125,-709522.4375
0.0158569999039173,248332.078125,459446.65625,-709398.9375
0.0158580001443624,248014.328125,459637.125,-709280.5
0.0158590003848076,247687.34375,459842.84375,-709167.75
0.0158600006252527,247351.09375,460064.21875,-709061.125
0.0158610008656979,247005.640625,460301.5625,-708961
0.0158619992434978,246651.171875,460554.875,-708867.6875
0.015862999483943,246287.96875,460824.0625,-708781.4375
0.0158639997243881,245916.390625,461108.78125,-708702.3125
0.0158649999648333,245536.890625,461408.5625,-708630.4375
0.0158660002052784,245150.015625,461722.75,-708565.6875
0.0158670004457235,244756.359375,462050.5625,-708508
0.0158680006861687,244356.578125,462391.09375,-708457.125
0.0158690009266138,243951.375,462743.28125,-708412.8125
0.0158699993044138,243541.5,463106,-708374.6875
0.0158709995448589,243127.71875,463478.03125,-708342.4375
0.0158719997853041,242710.84375,463858.0625,-708315.625
0.0158730000257492,242291.6875,464244.75,-708293.625
0.0158740002661943,241871.078125,464636.78125,-708276.0625
0.0158750005066395,241449.796875,465032.75,-708262.3125
0.0158760007470846,241028.671875,465431.25,-708251.875
0.0158769991248846,240608.484375,465830.90625,-708244.125
0.0158779993653297,240190,466230.4375,-708238.5
0.0158789996057749,239773.953125,466628.5,-708234.4375
0.01587999984622,239361.03125,467023.875,-708231.4375
0.0158810000866652,238951.921875,467415.28125,-708228.8125
0.0158820003271103,238547.296875,467801.53125,-708226.0625
0.0158830005675554,238147.8125,468181.375,-708222.625
0.0158840008080006,237754.078125,468553.65625,-708217.875
0.0158849991858006,237366.625,468917.375,-708211.3125
0.0158859994262457,236985.78125,469271.96875,-708202.5625
0.0158869996666908,236611.546875,469617.46875,-708191.75
0.015887999907136,236243.453125,469954.875,-708179.25
0.0158890001475811,235880.734375,470285.8125,-708165.6875
0.0158900003880262,235522.484375,470612.09375,-708152.0625
0.0158910006284714,235168.140625,470934.875,-708138.75
0.0158920008689165,234817.953125,471253.5625,-708125.4375
0.0158929992467165,234473.203125,471565.5,-708110.875
0.0158939994871616,234136.21875,471865.75,-708092.5
0.0158949997276068,233809.890625,472148.25,-708067.4375
0.0158959999680519,233497.046875,472407.25,-708032.6875
0.015897000208497,233199.546875,472638.84375,-707986.4375
0.0158980004489422,232917.734375,472842.4375,-707928.1875
0.0158990006893873,232650.1875,473021,-707859.25
0.0159000009298325,232393.796875,473181,-707782.6875
0.0159009993076324,232144.375,473331.1875,-707702.625
0.0159019995480776,231897.265625,473481.09375,-707623.6875
0.0159029997885227,231648.125,473639.65625,-707550.125
0.0159040000289679,231393.46875,473813.9375,-707485.4375
0.015905000269413,231131.125,474008.3125,-707431.6875
0.0159060005098581,230860.296875,474224.21875,-707389.75
0.0159070007503033,230581.484375,474460.46875,-707359.0625
0.0159079991281033,230296.28125,474713.65625,-707338.125
0.0159089993685484,230007.03125,474978.75,-707324.5
0.0159099996089935,229716.515625,475249.96875,-707315.5
0.0159109998494387,229427.640625,475521.28125,-707308.25
0.0159120000898838,229143.15625,475787.0625,-707300.0625
0.0159130003303289,228865.484375,476042.34375,-707288.5625
0.0159140005707741,228596.546875,476283.25,-707271.8125
0.0159150008112192,228337.703125,476507.03125,-707248.5625
0.0159159991890192,228089.75,476712.3125,-707218.0625
0.0159169994294643,227852.8125,476898.90625,-707180.1875
0.0159179996699095,227626.484375,477067.78125,-707135.375
0.0159189999103546,227409.8125,477221.03125,-707084.6875
0.0159200001507998,227201.421875,477361.65625,-707029.4375
0.0159210003912449,226999.578125,477493.25,-706971.5
0.01592200063169,226802.296875,477620,-706912.75
0.0159230008721352,226607.46875,477746.3125,-706855.375
0.0159239992499352,226412.921875,477876.59375,-706801.5
0.0159249994903803,226216.5625,478015.15625,-706753.25
0.0159259997308254,226016.390625,478165.96875,-706712.5625
0.0159269999712706,225810.6875,478332.5625,-706681.1875
0.0159280002117157,225597.953125,478517.78125,-706660.5
0.0159290004521608,225377.03125,478723.875,-706651.625
0.015930000692606,225147.078125,478952.375,-706655.3125
0.015930999070406,224907.609375,479204.0625,-706672
0.0159319993108511,224658.515625,479478.9375,-706701.75
0.0159329995512962,224399.953125,479776.4375,-706744.1875
0.0159339997917414,224132.421875,480095.25,-706798.75
0.0159350000321865,223856.671875,480433.625,-706864.5
0.0159360002726316,223573.734375,480789.21875,-706940.3125
0.0159370005130768,223284.75,481159.375,-707024.9375
0.0159380007535219,222991.0625,481541.125,-707116.75
0.0159389991313219,222694.09375,481931.3125,-707214.25
0.015939999371767,222395.328125,482326.6875,-707315.6875
0.0159409996122122,222096.265625,482723.875,-707419.375
0.0159419998526573,221798.375,483119.6875,-707523.625
0.0159430000931025,221503.0625,483510.96875,-707626.6875
0.0159440003335476,221211.609375,483894.78125,-707727.0625
0.0159450005739927,220925.21875,484268.46875,-707823.125
0.0159460008144379,220644.90625,484629.59375,-707913.625
0.0159469991922379,220371.5625,484976.09375,-707997.3125
0.015947999432683,220105.84375,485306.28125,-708073.0625
0.0159489996731281,219848.3125,485618.75,-708139.9375
0.0159499999135733,219599.28125,485912.5625,-708197.3125
0.0159510001540184,219358.953125,486187.0625,-708244.625
0.0159520003944635,219127.34375,486442,-708281.4375
0.0159530006349087,218904.328125,486677.375,-708307.6875
0.0159540008753538,218689.65625,486893.59375,-708323.3125
0.0159549992531538,218482.953125,487091.28125,-708328.5
0.0159559994935989,218283.78125,487271.28125,-708323.5
0.0159569997340441,218091.546875,487434.71875,-708308.8125
0.0159579999744892,217905.640625,487582.875,-708284.875
0.0159590002149343,217725.3125,487717.15625,-708252.375
0.0159600004553795,217549.796875,487839.0625,-708211.9375
0.0159610006958246,217378.265625,487950.21875,-708164.3125
0.0159619990736246,217209.828125,488052.3125,-708110.125
0.0159629993140697,217043.515625,488147.0625,-708050.125
0.0159639995545149,216878.390625,488236.125,-707985
0.01596499979496,216713.421875,488321.28125,-707915.4375
0.0159660000354052,216547.59375,488404.15625,-707842.0625
0.0159670002758503,216379.875,488486.375,-707765.375
0.0159680005162954,216209.21875,488569.5,-707686
0.0159690007567406,216034.640625,488655.03125,-707604.3125
0.0159699991345406,215855.171875,488744.34375,-707520.875
0.0159709993749857,215669.921875,488838.75,-707436.0625
0.0159719996154308,215478.046875,488939.34375,-707350.1875
0.015972999855876,215278.84375,489047.21875,-707263.5625
0.0159740000963211,215071.65625,489163.25,-707176.5625
0.0159750003367662,214856.03125,489288.125,-707089.5
0.0159760005772114,214631.5625,489422.4375,-707002.5
0.0159770008176565,214398.0625,489566.59375,-706915.9375
0.0159779991954565,214155.453125,489720.84375,-706829.9375
0.0159789994359016,213903.796875,489885.15625,-706744.75
0.0159799996763468,213643.328125,490059.5,-706660.5
0.0159809999167919,213374.390625,490243.53125,-706577.375
0.0159820001572371,213097.46875,490436.78125,-706495.3125
0.0159830003976822,212813.15625,490638.65625,-706414.5
0.0159840006381273,212522.140625,490848.375,-706334.875
0.0159850008785725,212225.203125,491065.0625,-706256.375
0.0159859992563725,211923.15625,491287.71875,-706178.8125
0.0159869994968176,211616.875,491515.21875,-706102.125
0.0159879997372627,211307.265625,491746.375,-706026
0.0159889999777079,210995.21875,491979.96875,-705950.1875
0.015990000218153,210681.59375,492214.71875,-705874.3125
0.0159910004585981,210367.265625,492449.375,-705797.9375
0.0159920006990433,210053,492682.6875,-705720.625
0.0159929990768433,209739.5625,492913.34375,-705641.875
0.0159939993172884,209427.59375,493140.1875,-705561.1875
0.0159949995577335,209117.703125,493362.125,-705478.0625
0.0159959997981787,208810.390625,493578.09375,-705391.9375
0.0159970000386238,208506.0625,493787.1875,-705302.25
0.0159980002790689,208205.046875,493988.53125,-705208.5
0.0159990005195141,207907.5625,494181.46875,-705110.1875
0.0160000007599592,207613.796875,494365.40625,-705006.875
0.0160009991377592,207323.78125,494539.96875,-704898.1875
0.0160019993782043,207037.53125,494704.8125,-704783.75
0.0160029996186495,206754.9375,494859.90625,-704663.3125
0.0160039998590946,206475.84375,495005.1875,-704536.75
0.0160050000995398,206200.078125,495140.875,-704403.875
0.0160060003399849,205927.328125,495267.3125,-704264.8125
0.01600700058043,205657.328125,495384.9375,-704119.625
0.0160080008208752,205389.703125,495494.375,-703968.5625
0.0160089991986752,205124.078125,495596.375,-703811.875
0.0160099994391203,204860.03125,495691.84375,-703650
0.0160109996795654,204597.171875,495781.71875,-703483.4375
0.0160119999200106,204335.03125,495867.09375,-703312.75
0.0160130001604557,204073.15625,495949.15625,-703138.75
0.0160140004009008,203811.125,496029.15625,-702962.0625
0.016015000641346,203548.46875,496108.40625,-702783.5625
0.0160160008817911,203284.78125,496188.15625,-702604.125
0.0160169992595911,203019.65625,496269.75,-702424.625
0.0160179995000362,202752.71875,496354.53125,-702245.9375
0.0160189997404814,202483.5625,496443.8125,-702069.125
0.0160199999809265,202211.734375,496539.1875,-701895.125
0.0160210002213717,201936.671875,496642.40625,-701725.1875
0.0160220004618168,201657.65625,496755.46875,-701560.6875
0.0160230007022619,201373.921875,496880.5625,-701402.875
0.0160239990800619,201084.796875,497019.65625,-701253.125
0.016024999320507,200789.859375,497174.09375,-701112.375
0.0160259995609522,200489.125,497344.34375,-700981.125
0.0160269998013973,200183.109375,497529.71875,-700859.4375
0.0160280000418425,199872.75,497728.6875,-700746.8125
0.0160290002822876,199559.171875,497939.28125,-700642.4375
0.0160300005227327,199243.296875,498159.875,-700545.75
0.0160310007631779,198925.59375,498389.6875,-700456.5625
0.0160319991409779,198605.890625,498629.3125,-700375.1875
0.016032999381423,198283.296875,498880.65625,-700302.6875
0.0160339996218681,197956.4375,499146.59375,-700240.4375
0.0160349998623133,197623.6875,499430.375,-700190.0625
0.0160360001027584,197283.515625,499735.03125,-700153
0.0160370003432035,196934.765625,500062.6875,-700130.1875
0.0160380005836487,196576.859375,500414.1875,-700121.9375
0.0160390008240938,196209.890625,500788.96875,-700127.875
0.0160399992018938,195834.5,501185.1875,-700147.0625
0.0160409994423389,195451.859375,501599.96875,-700177.8125
0.0160419996827841,195063.40625,502029.78125,-700218.25
0.0160429999232292,194670.6875,502470.875,-700266.375
0.0160440001636744,194275.203125,502919.59375,-700320.125
0.0160450004041195,193878.28125,503372.65625,-700377.5625
0.0160460006445646,193481,503827.21875,-700437.0625
0.0160470008850098,193084.21875,504281,-700497.25
0.0160479992628098,192688.59375,504732.15625,-700556.8125
0.0160489995032549,192294.609375,505179.0625,-700614.75
0.0160499997437,191902.6875,505620.4375,-700670
0.0160509999841452,191513.265625,506054.9375,-700721.6875
0.0160520002245903,191126.765625,506481.1875,-700768.875
0.0160530004650354,190743.78125,506897.6875,-700810.5625
0.0160540007054806,190364.890625,507302.84375,-700845.6875
0.0160549990832806,189990.796875,507694.96875,-700873.25
0.0160559993237257,189622.234375,508072.40625,-700892.25
0.0160569995641708,189259.890625,508433.5,-700901.75
0.016057999804616,188904.4375,508776.9375,-700901
0.0160590000450611,188556.40625,509101.625,-700889.3125
0.0160600002855062,188216.1875,509406.8125,-700866.375
0.0160610005259514,187884,509692.28125,-700831.9375
0.0160620007663965,187559.921875,509958.09375,-700786.1875
0.0160629991441965,187243.828125,510204.8125,-700729.3125
0.0160639993846416,186935.484375,510433.375,-700662
0.0160649996250868,186634.546875,510644.90625,-700584.875
0.0160659998655319,186340.609375,510840.71875,-700498.6875
0.0160670001059771,186053.265625,511022.21875,-700404.4375
0.0160680003464222,185772.140625,511190.75,-700303
0.0160690005868673,185496.984375,511347.53125,-700195.125
0.0160700008273125,185227.625,511493.46875,-700081.6875
0.0160709992051125,184964.078125,511629.3125,-699963.25
0.0160719994455576,184706.5,511755.375,-699840.375
0.0160729996860027,184455.234375,511871.6875,-699713.375
0.0160739999264479,184210.8125,511977.90625,-699582.5
0.016075000166893,183973.875,512073.40625,-699447.75
0.0160760004073381,183745.21875,512157.28125,-699309
0.0160770006477833,183525.71875,512228.5,-699166.1875
0.0160780008882284,183316.28125,512285.8125,-699019
0.0160789992660284,183117.828125,512328.0625,-698867.1875
0.0160799995064735,182931.265625,512354.03125,-698710.4375
0.0160809997469187,182757.375,512362.75,-698548.5625
0.0160819999873638,182596.828125,512353.34375,-698381.375
0.016083000227809,182450.125,512325.3125,-698208.875
0.0160840004682541,182317.625,512278.40625,-698031.125
0.0160850007086992,182199.390625,512212.8125,-697848.25
0.0160859990864992,182095.296875,512129.03125,-697660.6875
0.0160869993269444,182004.953125,512028.09375,-697468.9375
0.0160879995673895,181927.734375,511911.28125,-697273.6875
0.0160889998078346,181862.78125,511780.4375,-697075.6875
0.0160900000482798,181808.953125,511637.625,-696875.9375
0.0160910002887249,181764.953125,511485.375,-696675.4375
0.01609200052917,181729.28125,511326.40625,-696475.4375
0.0160930007696152,181700.25,511163.65625,-696277.1875
0.0160939991474152,181676.09375,511000.375,-696082
0.0160949993878603,181654.90625,510839.71875,-695891.125
0.0160959996283054,181634.78125,510685.0625,-695705.9375
0.0160969998687506,181613.71875,510539.65625,-695527.8125
0.0160980001091957,181589.828125,510406.71875,-695357.9375
0.0160990003496408,181561.1875,510289.28125,-695197.5625
0.016100000590086,181526,510190.1875,-695047.6875
0.0161010008305311,181482.546875,510112.0625,-694909.25
0.0161019992083311,181429.265625,510057.1875,-694783.125
0.0161029994487762,181364.703125,510027.5625,-694669.875
0.0161039996892214,181287.578125,510024.84375,-694570
0.0161049999296665,181196.796875,510050.28125,-694483.75
0.0161060001701117,181091.375,510104.78125,-694411.25
0.0161070004105568,180970.5625,510188.90625,-694352.3125
0.0161080006510019,180833.75,510302.78125,-694306.625
0.0161090008914471,180680.453125,510446.21875,-694273.75
0.0161099992692471,180510.421875,510618.75,-694253
0.0161109995096922,180323.46875,510819.53125,-694243.5625
0.0161119997501373,180119.609375,511047.5,-694244.5
0.0161129999905825,179898.921875,511301.28125,-694254.625
0.0161140002310276,179661.671875,511579.375,-694272.875
0.0161150004714727,179408.140625,511880.0625,-694297.875
0.0161160007119179,179138.78125,512201.5,-694328.4375
0.0161169990897179,178854.078125,512541.6875,-694363.0625
0.016117999330163,178554.59375,512898.6875,-694400.4375
0.0161189995706081,178240.984375,513270.40625,-694439.3125
0.0161199998110533,177913.9375,513654.75,-694478.25
0.0161210000514984,177574.203125,514049.65625,-694516.0625
0.0161220002919436,177222.5625,514453.09375,-694551.5
0.0161230005323887,176859.875,514863.09375,-694583.4375
0.0161240007728338,176486.984375,515277.6875,-694610.8125
0.0161249991506338,176104.828125,515695.0625,-694632.75
0.0161259993910789,175714.3125,516113.4375,-694648.375
0.0161269996315241,175316.40625,516531.15625,-694657
0.0161279998719692,174912.0625,516946.6875,-694658
0.0161290001124144,174502.265625,517358.59375,-694650.875
0.0161300003528595,174087.984375,517765.5625,-694635.1875
0.0161310005933046,173670.203125,518166.34375,-694610.75
0.0161320008337498,173249.859375,518559.9375,-694577.375
0.0161329992115498,172827.90625,518945.3125,-694534.9375
0.0161339994519949,172405.359375,519321.40625,-694483.4375
0.01613499969244,171983.75,519686.21875,-694422.1875
0.0161359999328852,171565.625,520035.625,-694349.75
0.0161370001733303,171154.171875,520364.0625,-694263.875
0.0161380004137754,170751.6875,520668.09375,-694163.375
0.0161390006542206,170357.84375,520949.53125,-694049.5625
0.0161400008946657,169969.546875,521215.96875,-693926.5
0.0161409992724657,169582.5625,521477.1875,-693799.3125
0.0161419995129108,169193.40625,521741.4375,-693672.375
0.016142999753356,168800.3125,522013.09375,-693548.3125
0.0161439999938011,168403.265625,522293,-693427.9375
0.0161450002342463,168003.40625,522579.46875,-693310.8125
0.0161460004746914,167602.453125,522869.5625,-693195.875
0.0161470007151365,167202.328125,523159.90625,-693081.8125
0.0161479990929365,166804.875,523447.1875,-692967.375
0.0161489993333817,166411.828125,523728.40625,-692851.25
0.0161499995738268,166024.671875,524000.90625,-692732.5
0.0161509998142719,165644.6875,524262.5625,-692610.1875
0.0161520000547171,165272.9375,524511.5625,-692483.6875
0.0161530002951622,164910.25,524746.75,-692352.5625
0.0161540005356073,164557.25,524967.0625,-692216.375
0.0161550007760525,164214.375,525172.0625,-692075.125
0.0161559991538525,163881.921875,525361.5,-691928.8125
0.0161569993942976,163560.015625,525535.5625,-691777.5625
0.0161579996347427,163248.65625,525694.5625,-691621.75
0.0161589998751879,162947.765625,525838.9375,-691461.625
0.016160000115633,162657.203125,525969.5,-691297.75
0.0161610003560781,162376.71875,526086.875,-691130.5
0.0161620005965233,162106.046875,526192,-690960.5
0.0161630008369684,161844.890625,526285.875,-690788.3125
0.0161639992147684,161592.859375,526369.4375,-690614.5625
0.0161649994552135,161349.515625,526443.9375,-690439.8125
0.0161659996956587,161114.390625,526510.4375,-690264.8125
0.0161669999361038,160887,526570.1875,-690090.1875
0.016168000176549,160666.8125,526624.375,-689916.5625
0.0161690004169941,160453.328125,526674.125,-689744.5625
0.0161700006574392,160246.015625,526720.5,-689574.75
0.0161710008978844,160044.421875,526764.5,-689407.625
0.0161719992756844,159848.09375,526807,-689243.5625
0.0161729995161295,159656.59375,526848.6875,-689082.875
0.0161739997565746,159469.46875,526890.375,-688925.9375
0.0161749999970198,159286.28125,526932.75,-688772.9375
0.0161760002374649,159106.53125,526976.4375,-688624.1875
0.01617700047791,158929.703125,527022.3125,-688479.875
0.0161780007183552,158755.25,527071.0625,-688340.1875
0.0161789990961552,158582.609375,527123.4375,-688205.4375
0.0161799993366003,158411.203125,527180.125,-688075.6875
0.0161809995770454,158240.5,527241.875,-687951.125
0.0161819998174906,158069.953125,527309.1875,-687831.875
0.0161830000579357,157899.109375,527382.625,-687717.9375
0.0161840002983809,157727.53125,527462.5,-687609.25
0.016185000538826,157554.828125,527549.125,-687505.75
0.0161860007792711,157380.640625,527642.75,-687407.375
0.0161869991570711,157204.625,527743.375,-687313.9375
0.0161879993975163,157026.4375,527851.3125,-687225.1875
0.0161889996379614,156845.671875,527966.4375,-687141
0.0161899998784065,156661.96875,528089.0625,-687060.9375
0.0161910001188517,156474.859375,528219.125,-686984.8125
0.0161920003592968,156283.859375,528356.75,-686912.125
0.0161930005997419,156088.453125,528502,-686842.5625
0.0161940008401871,155888.078125,528654.9375,-686775.5625
0.0161949992179871,155682.171875,528815.5625,-686710.625
0.0161959994584322,155470.171875,528983.875,-686647.1875
0.0161969996988773,155251.5625,529159.6875,-686584.625
0.0161979999393225,155025.859375,529342.875,-686522.4375
0.0161990001797676,154792.671875,529533.3125,-686459.875
0.0162000004202127,154551.671875,529730.6875,-686396.5625
0.0162010006606579,154302.65625,529934.8125,-686332
0.016202000901103,154045.546875,530145.3125,-686265.875
0.016202999278903,153780.375,530361.9375,-686197.875
0.0162039995193481,153507.3125,530584.375,-686128
0.0162049997597933,153226.65625,530812.4375,-686056.25
0.0162060000002384,152938.828125,531045.875,-685982.8125
0.0162070002406836,152644.3125,531284.375,-685907.9375
0.0162080004811287,152343.75,531527.8125,-685832.125
0.0162090007215738,152037.84375,531776,-685755.875
0.0162099990993738,151727.328125,532028.8125,-685679.8125
0.016210999339819,151413.015625,532286.125,-685604.5625
0.0162119995802641,151095.734375,532547.6875,-685530.8125
0.0162129998207092,150776.296875,532813.375,-685459.1875
0.0162140000611544,150455.53125,533083.125,-685390.4375
0.0162150003015995,150134.234375,533356.625,-685325.125
0.0162160005420446,149813.140625,533633.6875,-685263.6875
0.0162170007824898,149492.96875,533914.125,-685206.75
0.0162179991602898,149174.328125,534197.5625,-685154.5
0.0162189994007349,148857.78125,534483.75,-685107.25
0.01621999964118,148543.796875,534772.3125,-685065.125
0.0162209998816252,148232.796875,535062.8125,-685028.125
0.0162220001220703,147925.078125,535354.9375,-684996.1875
0.0162230003625154,147620.859375,535648.25,-684969.125
0.0162240006029606,147320.328125,535942.1875,-684946.625
0.0162250008434057,147023.5625,536236.25,-684928.25
0.0162259992212057,146730.625,536529.9375,-684913.5625
0.0162269994616508,146441.5,536822.625,-684901.875
0.016227999702096,146156.171875,537113.6875,-684892.5625
0.0162289999425411,145874.53125,537402.4375,-684884.9375
0.0162300001829863,145596.453125,537688.375,-684878.25
0.0162310004234314,145321.765625,537970.875,-684871.75
0.0162320006638765,145050.25,538249.4375,-684864.75
0.0162330009043217,144781.65625,538523.5625,-684856.5
0.0162339992821217,144515.75,538792.875,-684846.3125
0.0162349995225668,144252.28125,539056.875,-684833.4375
0.0162359997630119,143991.03125,539315.0625,-684817.3125
0.0162370000034571,143731.78125,539567.125,-684797.125
0.0162380002439022,143474.359375,539812.625,-684772.375
0.0162390004843473,143218.59375,540051.0625,-684742.5625
0.0162400007247925,142964.296875,540282.375,-684707.0625
0.0162409991025925,142711.265625,540506.1875,-684665.5625
0.0162419993430376,142459.296875,540722.625,-684617.875
0.0162429995834827,142208.203125,540931.6875,-684563.6875
0.0162439998239279,141957.75,541133.4375,-684502.9375
0.016245000064373,141707.78125,541328.0625,-684435.5625
0.0162460003048182,141458.171875,541515.75,-684361.625
0.0162470005452633,141208.828125,541696.625,-684281.125
0.0162480007857084,140959.703125,541870.8125,-684194.125
0.0162489991635084,140710.859375,542038.4375,-684100.75
0.0162499994039536,140462.375,542199.4375,-684001.125
0.0162509996443987,140214.375,542354,-683895.375
0.0162519998848438,139967.03125,542502,-683783.625
0.016253000125289,139720.5625,542643.5,-683666.1875
0.0162540003657341,139475.203125,542778.5,-683543.25
0.0162550006061792,139231.21875,542907,-683415
0.0162560008466244,138988.90625,543028.9375,-683281.75
0.0162569992244244,138748.59375,543144.25,-683143.8125
0.0162579994648695,138510.625,543252.9375,-683001.375
0.0162589997053146,138275.390625,543354.875,-682854.75
0.0162599999457598,138043.28125,543449.9375,-682704.1875
0.0162610001862049,137814.671875,543538,-682550
0.01626200042665,137590,543618.9375,-682392.4375
0.0162630006670952,137369.640625,543692.6875,-682231.75
0.0162640009075403,137153.953125,543759.125,-682068.25
0.0162649992853403,136943.28125,543818.3125,-681902.25
0.0162659995257854,136737.890625,543870.1875,-681734.125
0.0162669997662306,136538.046875,543915,-681564.125
0.0162680000066757,136343.890625,543952.875,-681392.6875
0.0162690002471209,136155.53125,543984.1875,-681220.1875
0.016270000487566,135973.03125,544009.375,-681047.0625
0.0162710007280111,135796.359375,544028.75,-680873.6875
0.0162719991058111,135625.453125,544043,-680700.5625
0.0162729993462563,135460.203125,544052.5625,-680528.0625
0.0162739995867014,135300.40625,544058.125,-680356.6875
0.0162749998271465,135145.890625,544060.25,-680186.6875
0.0162760000675917,134996.421875,544059.5,-680018.5
0.0162770003080368,134851.75,544056.5,-679852.5
0.0162780005484819,134711.609375,544051.8125,-679688.875
0.0162790007889271,134575.71875,544045.875,-679527.875
0.0162799991667271,134443.796875,544039.1875,-679369.6875
0.0162809994071722,134315.5625,544032.1875,-679214.5
0.0162819996476173,134190.703125,544025.1875,-679062.3125
0.0162829998880625,134068.953125,544018.5,-678913.1875
0.0162840001285076,133950.015625,544012.4375,-678767.125
0.0162850003689528,133833.578125,544007.1875,-678624
0.0162860006093979,133719.34375,544003,-678483.875
0.016287000849843,133607,544000,-678346.5
0.016287999227643,133496.234375,543998.4375,-678211.875
0.0162889994680882,133386.703125,543998.4375,-678079.75
0.0162899997085333,133278.046875,544000.1875,-677950.0625
0.0162909999489784,133169.890625,544004,-677822.6875
0.0162920001894236,133061.84375,544010.0625,-677697.5
0.0162930004298687,132953.484375,544018.75,-677574.3125
0.0162940006703138,132844.34375,544030.375,-677453.1875
0.016295000910759,132733.9375,544045.375,-677334
0.016295999288559,132621.78125,544064.3125,-677216.75
0.0162969995290041,132507.3125,544087.6875,-677101.5
0.0162979997694492,132389.96875,544116.125,-676988.25
0.0162990000098944,132269.171875,544150.3125,-676877.25
0.0163000002503395,132144.3125,544191,-676768.4375
0.0163010004907846,132014.796875,544239,-676662.125
0.0163020007312298,131879.984375,544294.9375,-676558.4375
0.0163029991090298,131739.28125,544359.8125,-676457.625
0.0163039993494749,131592.09375,544434.25,-676359.75
0.01630499958992,131437.859375,544519,-676265.1875
0.0163059998303652,131276.03125,544614.9375,-676174.0625
0.0163070000708103,131106.109375,544722.5,-676086.5
0.0163080003112555,130927.640625,544842.4375,-676002.6875
0.0163090005517006,130740.2109375,544975.1875,-675922.8125
0.0163100007921457,130543.4765625,545121.125,-675846.8125
0.0163109991699457,130337.1484375,545280.5625,-675774.875
0.0163119994103909,130120.984375,545453.6875,-675706.9375
0.016312999650836,129894.828125,545640.5625,-675642.9375
0.0163139998912811,129658.578125,545841.1875,-675582.8125
0.0163150001317263,129412.1796875,546055.4375,-675526.4375
0.0163160003721714,129155.6640625,546283,-675473.5625
0.0163170006126165,128889.09375,546523.5,-675424
0.0163180008530617,128612.59375,546776.625,-675377.5
0.0163189992308617,128326.3203125,547041.8125,-675333.6875
0.0163199994713068,128030.484375,547318.5,-675292.375
0.0163209997117519,127725.3125,547606.0625,-675253.0625
0.0163219999521971,127411.0625,547903.875,-675215.5625
0.0163230001926422,127088.0078125,548211.1875,-675179.3125
0.0163240004330873,126756.4296875,548527.4375,-675144.125
0.0163250006735325,126416.640625,548851.875,-675109.5
0.0163260009139776,126068.9375,549183.75,-675075.125
0.0163269992917776,125713.6171875,549522.5,-675040.625
0.0163279995322227,125350.9921875,549867.375,-675005.625
0.0163289997726679,124981.3515625,550217.8125,-674969.8125
0.016330000013113,124604.984375,550573.125,-674932.9375
0.0163310002535582,124222.1640625,550932.8125,-674894.5625
0.0163320004940033,123833.171875,551296.3125,-674854.625
0.0163330007344484,123438.265625,551663.125,-674812.6875
0.0163339991122484,123037.6796875,552032.8125,-674768.625
0.0163349993526936,122631.6640625,552405,-674722.3125
0.0163359995931387,122220.4375,552779.3125,-674673.4375
0.0163369998335838,121804.234375,553155.375,-674622.0625
0.016338000074029,121383.2734375,553532.875,-674567.9375
0.0163390003144741,120957.7578125,553911.6875,-674511.0625
0.0163400005549192,120527.9140625,554291.375,-674451.4375
0.0163410007953644,120093.953125,554671.9375,-674388.9375
0.0163419991731644,119656.1015625,555053,-674323.6875
0.0163429994136095,119214.578125,555434.5,-674255.625
0.0163439996540546,118769.6171875,555816.3125,-674184.9375
0.0163449998944998,118321.4609375,556198.25,-674111.625
0.0163460001349449,117870.359375,556580.25,-674035.8125
0.0163470003753901,117416.5625,556962.125,-673957.5625
0.0163480006158352,116960.34375,557343.8125,-673877.1875
0.0163490008562803,116501.984375,557725.25,-673794.625
0.0163499992340803,116041.78125,558106.1875,-673710.1875
0.0163509994745255,115580.046875,558486.5625,-673623.9375
0.0163519997149706,115117.0859375,558866.25,-673536.0625
0.0163529999554157,114653.1796875,559245.1875,-673446.75
0.0163540001958609,114188.5390625,559623.4375,-673356.375
0.016355000436306,113723.296875,560001.3125,-673265.1875
0.0163560006767511,113257.5,560379.1875,-673173.6875
0.0163570009171963,112791.1796875,560757.5,-673082.25
0.0163579992949963,112324.453125,561136.5,-672991.25
0.0163589995354414,111857.625,561516.0625,-672900.8125
0.0163599997758865,111391.2734375,561895.375,-672810.8125
0.0163610000163317,110926.2890625,562273.0625,-672720.75
0.0163620002567768,110463.7265625,562647.3125,-672629.875
0.0163630004972219,110004.671875,563016.25,-672537.5625
0.0163640007376671,109549.984375,563378.5,-672443.125
0.0163649991154671,109100.1328125,563733.375,-672346.5
0.0163659993559122,108655.078125,564081.375,-672247.9375
0.0163669995963573,108214.2890625,564423.75,-672148.25
0.0163679998368025,107776.9140625,564762.625,-672048.375
0.0163690000772476,107341.9375,565100.25,-671949.5625
0.0163700003176928,106908.4453125,565438.625,-671852.8125
0.0163710005581379,106475.8203125,565779.125,-671758.9375
0.016372000798583,106043.8203125,566122.4375,-671668.25
0.016372999176383,105612.640625,566468.1875,-671580.5625
0.0163739994168282,105182.8359375,566815.125,-671495.4375
0.0163749996572733,104755.21875,567161.75,-671412
0.0163759998977184,104330.7109375,567506.0625,-671329.5
0.0163770001381636,103910.2734375,567846.1875,-671246.8125
0.0163780003786087,103494.7421875,568180.25,-671163.125
0.0163790006190538,103084.8125,568506.875,-671077.75
0.016380000859499,102681.03125,568824.9375,-670990.125
0.016380999237299,102283.78125,569133.5625,-670899.625
0.0163819994777441,101893.3671875,569432.1875,-670806.0625
0.0163829997181892,101509.9921875,569720.1875,-670709
0.0163839999586344,101133.875,569997.25,-670608.25
0.0163850001990795,100765.203125,570262.75,-670503.375
0.0163860004395247,100404.171875,570516.25,-670394.125
0.0163870006799698,100050.9609375,570757.25,-670280.125
0.0163880009204149,99705.7109375,570985.4375,-670161.125
0.0163889992982149,99368.46875,571200.5,-670036.875
0.01638999953866,99039.140625,571402.5625,-669907.375
0.0163909997791052,98717.4765625,571591.9375,-669772.5625
0.0163920000195503,98403.03125,571769.375,-669632.8125
0.0163930002599955,98095.1640625,571936.0625,-669488.4375
0.0163940005004406,97793.0625,572093.4375,-669340.125
0.0163950007408857,97495.7265625,572243.375,-669188.5625
0.0163959991186857,97202.0859375,572387.8125,-669034.625
0.0163969993591309,96911,572528.875,-668879.25
0.016397999599576,96621.3515625,572668.625,-668723.3125
0.0163989998400211,96332.1015625,572808.9375,-668567.5
0.0164000000804663,96042.34375,572951.3125,-668412.5625
0.0164010003209114,95751.359375,573097,-668259
0.0164020005613565,95458.6484375,573246.6875,-668107
0.0164030008018017,95163.9765625,573400.5625,-667956.5625
0.0164039991796017,94867.328125,573558.3125,-667807.4375
0.0164049994200468,94568.9609375,573719.1875,-667659.25
0.0164059996604919,94269.328125,573881.9375,-667511.1875
0.0164069999009371,93969.1015625,574044.875,-667362.4375
0.0164080001413822,93669.0703125,574206.125,-667212
0.0164090003818274,93370.140625,574363.625,-667058.8125
0.0164100006222725,93073.2578125,574515.25,-666901.625
0.0164110008627176,92779.390625,574658.8125,-666739.4375
0.0164119992405176,92489.4296875,574792.3125,-666571.0625
0.0164129994809628,92204.2109375,574913.9375,-666395.6875
0.0164139997214079,91924.421875,575022.0625,-666212.375
0.016414999961853,91650.625,575115.6875,-666020.4375
0.0164160002022982,91383.1875,575193.8125,-665819.5
0.0164170004427433,91122.3046875,575256.0625,-665609.25
0.0164180006831884,90867.9765625,575302.5,-665389.6875
0.0164190009236336,90620.015625,575333.5625,-665160.9375
0.0164199993014336,90378.0546875,575349.875,-664923.3125
0.0164209995418787,90141.5546875,575352.8125,-664677.375
0.0164219997823238,89909.828125,575343.6875,-664423.9375
0.016423000022769,89682.078125,575324.375,-664163.75
0.0164240002632141,89457.375,575296.8125,-663897.8125
0.0164250005036592,89234.734375,575263.125,-663627.3125
0.0164260007441044,89013.1171875,575225.5625,-663353.25
0.0164269991219044,88791.4765625,575186.375,-663076.9375
0.0164279993623495,88568.75,575147.875,-662799.4375
0.0164289996027946,88343.9296875,575112.1875,-662522
0.0164299998432398,88116.0625,575081.5,-662245.625
0.0164310000836849,87884.265625,575057.5625,-661971.4375
0.0164320003241301,87647.765625,575042.1875,-661700.3125
0.0164330005645752,87405.8984375,575036.75,-661433.125
0.0164340008050203,87158.125,575042.5,-661170.5
0.0164349991828203,86904.0625,575060.25,-660913.125
0.0164359994232655,86643.4453125,575090.75,-660661.3125
0.0164369996637106,86376.15625,575134.1875,-660415.4375
0.0164379999041557,86102.2265625,575190.75,-660175.625
0.0164390001446009,85821.8046875,575260.1875,-659941.9375
0.016440000385046,85535.171875,575342.0625,-659714.25
0.0164410006254911,85242.7109375,575435.6875,-659492.5
0.0164420008659363,84944.90625,575540.25,-659276.3125
0.0164429992437363,84642.328125,575654.75,-659065.375
0.0164439994841814,84335.59375,575778,-658859.1875
0.0164449997246265,84025.359375,575908.875,-658657.375
0.0164459999650717,83712.3203125,576046,-658459.375
0.0164470002055168,83397.1640625,576188.1875,-658264.625
0.016448000445962,83080.5859375,576334,-658072.5
0.0164490006864071,82763.234375,576482.25,-657882.5625
0.0164500009268522,82445.7265625,576631.6875,-657694.0625
0.0164509993046522,82128.6328125,576781.125,-657506.5625
0.0164519995450974,81812.453125,576929.5625,-657319.4375
0.0164529997855425,81497.625,577075.9375,-657132.125
0.0164540000259876,81184.515625,577219.4375,-656944.25
0.0164550002664328,80873.3984375,577359.375,-656755.3125
0.0164560005068779,80564.4921875,577495.125,-656564.875
0.016457000747323,80257.90625,577626.25,-656372.625
0.016457999125123,79953.7109375,577752.3125,-656178.125
0.0164589993655682,79651.859375,577873.25,-655981.25
0.0164599996060133,79352.2734375,577988.875,-655781.8125
0.0164609998464584,79054.7890625,578099.3125,-655579.5625
0.0164620000869036,78759.1796875,578204.6875,-655374.4375
0.0164630003273487,78465.1875,578305.375,-655166.5625
0.0164640005677938,78172.4765625,578401.75,-654955.8125
0.016465000808239,77880.703125,578494.3125,-654742.375
0.016465999186039,77589.4609375,578583.625,-654526.4375
0.0164669994264841,77298.328125,578670.4375,-654308.25
0.0164679996669292,77006.8671875,578755.4375,-654087.9375
0.0164689999073744,76714.609375,578839.5,-653866
0.0164700001478195,76421.1015625,578923.4375,-653642.6875
0.0164710003882647,76125.859375,579008.1875,-653418.375
0.0164720006287098,75828.40625,579094.5625,-653193.5625
0.0164730008691549,75528.28125,579183.625,-652968.625
0.0164739992469549,75225.015625,579276.125,-652744.0625
0.0164749994874001,74918.1796875,579373.125,-652520.25
0.0164759997278452,74607.328125,579475.375,-652297.6875
0.0164769999682903,74292.046875,579583.8125,-652076.8125
0.0164780002087355,73971.9609375,579699.0625,-651857.9375
0.0164790004491806,73646.703125,579822,-651641.5
0.0164800006896257,73315.9375,579953.25,-651427.75
0.0164810009300709,72979.375,580093.3125,-651217.125
0.0164819993078709,72636.765625,580242.625,-651009.6875
0.016482999548316,72287.9296875,580401.5625,-650805.6875
0.0164839997887611,71932.7265625,580570.25,-650605.1875
0.0164850000292063,71571.0859375,580748.8125,-650408.1875
0.0164860002696514,71202.9296875,580937.3125,-650214.75
0.0164870005100965,70828.125,581135.875,-650025
0.0164880007505417,70446.3984375,581345.125,-649839.0625
0.0164889991283417,70057.296875,581565.75,-649657.4375
0.0164899993687868,69660.234375,581799.0625,-649480.625
0.0164909996092319,69254.6953125,582046,-649309.1875
0.0164919998496771,68840.5078125,582307,-649143.3125
0.0164930000901222,68418.1171875,582581.0625,-648982.625
0.0164940003305674,67988.796875,582865.6875,-648825.9375
0.0164950005710125,67554.6171875,583156.75,-648671.375
0.0164960008114576,67118.109375,583449.0625,-648516.5625
0.0164969991892576,66681.7890625,583737.875,-648359.25
0.0164979994297028,66247.578125,584019.4375,-648197.6875
0.0164989996701479,65816.3203125,584292.4375,-648031.5
0.016499999910593,65387.59375,584558.3125,-647861.375
0.0165010001510382,64959.7578125,584820.8125,-647689.4375
0.0165020003914833,64530.33984375,585085.75,-647518.5
0.0165030006319284,64096.55078125,585359.3125,-647351.875
0.0165040008723736,63655.890625,585647.125,-647192.5
0.0165049992501736,63206.6015625,585953.4375,-647042.75
0.0165059994906187,62748.015625,586280,-646903.75
0.0165069997310638,62280.66015625,586626.25,-646775.5
0.016507999971509,61806.16796875,586989.3125,-646657
0.0165090002119541,61327.078125,587364.3125,-646546.125
0.0165100004523993,60846.51953125,587745.375,-646440.375
0.0165110006928444,60367.8828125,588126,-646336.8125
0.0165119990706444,59894.53125,588499.75,-646232.5625
0.0165129993110895,59429.53125,588860.8125,-646125
0.0165139995515347,58975.5,589204.375,-646011.9375
0.0165149997919798,58534.4609375,589526.75,-645891.8125
0.0165160000324249,58107.8046875,589825.5,-645763.4375
0.0165170002728701,57696.28515625,590099.6875,-645626.375
0.0165180005133152,57300.015625,590349.3125,-645480.8125
0.0165190007537603,56918.55859375,590575.75,-645327.4375
0.0165199991315603,56550.95703125,590781.3125,-645167.25
0.0165209993720055,56195.8515625,590968.9375,-645001.75
0.0165219996124506,55851.55078125,591142.375,-644832.6875
0.0165229998528957,55516.1484375,591305.5625,-644662.0625
0.0165240000933409,55187.62109375,591462.8125,-644491.8125
0.016525000333786,54863.92578125,591618.1875,-644323.875
0.0165260005742311,54543.11328125,591775.6875,-644160.1875
0.0165270008146763,54223.39453125,591938.8125,-644002.3125
0.0165279991924763,53903.2109375,592110.5,-643851.75
0.0165289994329214,53581.29296875,592293.125,-643709.5
0.0165299996733665,53256.68359375,592488.375,-643576.375
0.0165309999138117,52928.74609375,592697.25,-643452.6875
0.0165320001542568,52597.1640625,592920.0625,-643338.625
0.016533000394702,52261.92578125,593156.375,-643233.8125
0.0165340006351471,51923.27734375,593405.4375,-643137.8125
0.0165350008755922,51581.70703125,593665.8125,-643049.875
0.0165359992533922,51237.8828125,593935.75,-642969.0625
0.0165369994938374,50892.6328125,594213.3125,-642894.3125
0.0165379997342825,50546.8828125,594496.125,-642824.3125
0.0165389999747276,50201.62890625,594782,-642757.9375
0.0165400002151728,49857.890625,595068.5,-642693.9375
0.0165410004556179,49516.69140625,595353.3125,-642631
0.016542000696063,49179,595634.1875,-642568
0.016542999073863,48845.73828125,595909.125,-642503.875
0.0165439993143082,48517.73046875,596176.3125,-642437.5625
0.0165449995547533,48195.6796875,596434.1875,-642368.25
0.0165459997951984,47880.1796875,596681.5,-642295.25
0.0165470000356436,47571.671875,596917.25,-642218
0.0165480002760887,47270.44921875,597140.8125,-642136.125
0.0165490005165339,46976.66015625,597352,-642049.5625
0.016550000756979,46690.2890625,597550.8125,-641958.125
0.016550999134779,46411.17578125,597737.625,-641862.0625
0.0165519993752241,46139.03125,597913.1875,-641761.6875
0.0165529996156693,45873.421875,598078.375,-641657.4375
0.0165539998561144,45613.80859375,598234.4375,-641549.875
0.0165550000965595,45359.55859375,598382.75,-641439.6875
0.0165560003370047,45109.9609375,598524.875,-641327.625
0.0165570005774498,44864.24609375,598662.4375,-641214.5
0.0165580008178949,44621.61328125,598797.1875,-641101.25
0.0165589991956949,44381.25,598930.9375,-640988.75
0.0165599994361401,44142.34765625,599065.375,-640877.875
0.0165609996765852,43904.1328125,599202.1875,-640769.625
0.0165619999170303,43665.86328125,599343.0625,-640664.75
0.0165630001574755,43426.86328125,599489.5,-640564.0625
0.0165640003979206,43186.52734375,599642.8125,-640468.4375
0.0165650006383657,42944.32421875,599804.25,-640378.5625
0.0165660008788109,42699.8125,599974.875,-640294.9375
0.0165669992566109,42452.6328125,600155.5,-640218.25
0.016567999497056,42202.515625,600346.75,-640148.8125
0.0165689997375011,41949.28125,600549.1875,-640087
0.0165699999779463,41692.8203125,600763,-640033.0625
0.0165710002183914,41433.109375,600988.25,-639987
0.0165720004588366,41170.1953125,601224.8125,-639948.875
0.0165730006992817,40904.1875,601472.3125,-639918.4375
0.0165739990770817,40635.2578125,601730.3125,-639895.4375
0.0165749993175268,40363.6328125,601998,-639879.5
0.016575999557972,40089.58984375,602274.625,-639870.125
0.0165769997984171,39813.4609375,602559.125,-639866.6875
0.0165780000388622,39535.609375,602850.375,-639868.4375
0.0165790002793074,39256.45703125,603147.0625,-639874.625
0.0165800005197525,38976.44921875,603447.875,-639884.3125
0.0165810007601976,38696.0859375,603751.25,-639896.5625
0.0165819991379976,38415.890625,604055.6875,-639910.4375
0.0165829993784428,38136.42578125,604359.5625,-639924.9375
0.0165839996188879,37858.27734375,604661.25,-639939.0625
0.016584999859333,37582.05859375,604959.1875,-639951.8125
0.0165860000997782,37308.390625,605251.6875,-639962.1875
0.0165870003402233,37037.91015625,605537.1875,-639969.25
0.0165880005806684,36771.2421875,605814.1875,-639972.0625
0.0165890008211136,36509.0078125,606081.1875,-639969.9375
0.0165899991989136,36251.79296875,606336.9375,-639961.9375
0.0165909994393587,36000.16015625,606580.125,-639947.5
0.0165919996798038,35754.609375,606809.75,-639925.9375
0.016592999920249,35515.59375,607024.8125,-639896.75
0.0165940001606941,35283.4765625,607224.5,-639859.4375
0.0165950004011393,35058.5546875,607408.3125,-639813.6875
0.0165960006415844,34841.015625,607575.75,-639759.1875
0.0165970008820295,34630.96484375,607726.625,-639695.6875
0.0165979992598295,34428.37890625,607860.8125,-639623.125
0.0165989995002747,34233.14453125,607978.4375,-639541.4375
0.0165999997407198,34045.015625,608079.8125,-639450.5
0.0166009999811649,33863.64453125,608165.375,-639350.5
0.0166020002216101,33688.56640625,608235.875,-639241.5
0.0166030004620552,33519.21484375,608292.0625,-639123.6875
0.0166040007025003,33354.91796875,608334.875,-638997.25
0.0166049990803003,33194.9140625,608365.4375,-638862.5625
0.0166059993207455,33038.35546875,608384.9375,-638719.8125
0.0166069995611906,32884.3359375,608394.75,-638569.375
0.0166079998016357,32731.87109375,608396.1875,-638411.75
0.0166090000420809,32579.947265625,608390.875,-638247.25
0.016610000282526,32427.513671875,608380.25,-638076.5
0.0166110005229712,32273.505859375,608366.0625,-637899.875
0.0166120007634163,32116.85546875,608349.8125,-637717.9375
0.0166129991412163,31956.505859375,608333.1875,-637531.3125
0.0166139993816614,31791.42578125,608317.8125,-637340.625
0.0166149996221066,31620.611328125,608305.375,-637146.4375
0.0166159998625517,31443.1015625,608297.4375,-636949.5
0.0166170001029968,31257.97265625,608295.75,-636750.5
0.016618000343442,31064.357421875,608301.75,-636550.125
0.0166190005838871,30861.474609375,608317.0625,-636349.1875
0.0166200008243322,30648.685546875,608342.9375,-636148.4375
0.0166209992021322,30425.587890625,608380.3125,-635948.3125
0.0166219994425774,30192.08203125,608429.5,-635749.1875
0.0166229996830225,29948.3984375,608490.3125,-635551.1875
0.0166239999234676,29695,608562.125,-635354.25
0.0166250001639128,29432.359375,608644.4375,-635158.375
0.0166260004043579,29160.658203125,608737.3125,-634963.9375
0.016627000644803,28879.51953125,608842.125,-634771.875
0.0166280008852482,28587.88671875,608961.6875,-634583.9375
0.0166289992630482,28284.16015625,609099.9375,-634402.4375
0.0166299995034933,27966.564453125,609261.25,-634229.75
0.0166309997439384,27633.6875,609449.125,-634068.125
0.0166319999843836,27284.99609375,609665.375,-633918.6875
0.0166330002248287,26921.201171875,609909.0625,-633781.625
0.0166340004652739,26544.33984375,610176.6875,-633655.5
0.016635000705719,26157.587890625,610462.1875,-633537.8125
0.016635999083519,25764.8203125,610758.1875,-633425.375
0.0166369993239641,25370.0703125,611057,-633314.75
0.0166379995644093,24976.98828125,611351.6875,-633202.8125
0.0166389998048544,24588.412109375,611636.875,-633087.25
0.0166400000452995,24206.103515625,611909.5625,-632966.6875
0.0166410002857447,23830.6640625,612168.9375,-632840.9375
0.0166420005261898,23461.609375,612416.5625,-632710.75
0.0166430007666349,23097.587890625,612655.4375,-632577.75
0.0166439991444349,22736.63671875,612889.9375,-632443.875
0.0166449993848801,22376.49609375,613124.9375,-632311.625
0.0166459996253252,22014.888671875,613365.0625,-632183.25
0.0166469998657703,21649.76953125,613614.625,-632060.6875
0.0166480001062155,21279.51171875,613876.6875,-631945.4375
0.0166490003466606,20903.03125,614153.375,-631838.4375
0.0166500005871058,20519.8359375,614445.375,-631739.875
0.0166510008275509,20130.04296875,614752.125,-631649.5
0.0166519992053509,19734.3203125,615071.75,-631566.1875
0.016652999445796,19333.822265625,615401.5625,-631488.4375
0.0166539996862411,18930.091796875,615737.8125,-631414.4375
0.0166549999266863,18524.9609375,616076.4375,-631341.875
0.0166560001671314,18120.4453125,616412.8125,-631268.3125
0.0166570004075766,17718.640625,616742.1875,-631191.3125
0.0166580006480217,17321.642578125,617059.875,-631108.375
0.0166590008884668,16931.46484375,617361.4375,-631017
0.0166599992662668,16549.962890625,617642.75,-630915.0625
0.016660999506712,16178.7783203125,617900.1875,-630800.5625
0.0166619997471571,15819.29296875,618130.6875,-630671.75
0.0166629999876022,15472.5791015625,618331.9375,-630527.3125
0.0166640002280474,15139.375,618502.25,-630366.1875
0.0166650004684925,14820.056640625,618640.9375,-630188
0.0166660007089376,14514.6279296875,618747.9375,-629992.4375
0.0166669990867376,14222.71484375,618824.125,-629779.8125
